0 
0 Name: New Model.ldr
0 Author: 
1 15 320 -24 -204.641 0.866 0 -0.5 0 1 0 0.5 0 0.866 4855.dat
1 15 295 -24 -161.341 -0.5 0 -0.866 0 1 0 0.866 0 -0.5 4854.dat
1 4 315 -16 -195.981 -0.5 0 -0.866 0 1 0 0.866 0 -0.5 3068.dat
1 4 254.02 -32 -150.361 -0.5 0 -0.866 0 1 0 0.866 0 -0.5 3070.dat
1 4 305.98 -32 -120.361 -0.5 0 -0.866 0 1 0 0.866 0 -0.5 3070.dat
1 7 330 -24 -221.961 0.866 0 -0.5 0 1 0 0.5 0 0.866 3023.dat
1 4 280 -16 -135.361 0.866 0 -0.5 0 1 0 0.5 0 0.866 3794.dat
1 4 345 -32 -247.941 0.866 0 -0.5 0 1 0 0.5 0 0.866 4859.dat
1 4 279.02 -32 -193.661 -0.5 0 -0.866 0 1 0 0.866 0 -0.5 3710.dat
1 4 330.98 -32 -163.661 -0.5 0 -0.866 0 1 0 0.866 0 -0.5 3710.dat
1 4 330 -32 -221.961 0.866 0 -0.5 0 1 0 0.5 0 0.866 3794.dat
1 4 330 -40 -221.961 -0.866 0 0.5 0 1 0 -0.5 0 -0.866 4085.dat
1 15 280 -24 -135.361 -0.866 0 0.5 0 1 0 -0.5 0 -0.866 4592.dat
1 15 320 -79 -204.641 -0.5 -0.866 0 0 0 -1 0.866 -0.5 0 476.dat
1 15 307.876 -78 -211.641 -0.5 -0.866 0 0 0 -1 0.866 -0.5 0 4095.dat
1 47 319.9991 -78 -204.6415 0.5 0 0.866 0 1 0 -0.866 0 0.5 u66.dat
