0 Main
0 Name: 364 - Harbour Scene.mpd
0 Author: LTRON
1 2 247 -4 0 1 0 0 0 1 0 0 0 1 819.dat
1 1 207 -28 -30 1 0 0 0 1 0 0 0 1 3004.dat
1 1 207 -52 -30 1 0 0 0 1 0 0 0 1 3004.dat
1 1 207 -76 -30 1 0 0 0 1 0 0 0 1 3004.dat
1 1 287 -28 -30 1 0 0 0 1 0 0 0 1 3004.dat
1 1 287 -52 -30 1 0 0 0 1 0 0 0 1 3004.dat
1 1 287 -76 -30 1 0 0 0 1 0 0 0 1 3004.dat
1 1 207 -28 30 1 0 0 0 1 0 0 0 1 3004.dat
1 1 207 -52 30 1 0 0 0 1 0 0 0 1 3004.dat
1 1 207 -76 30 1 0 0 0 1 0 0 0 1 3004.dat
1 1 287 -28 30 1 0 0 0 1 0 0 0 1 3004.dat
1 1 287 -52 30 1 0 0 0 1 0 0 0 1 3004.dat
1 1 287 -76 30 1 0 0 0 1 0 0 0 1 3004.dat
1 1 247 -100 -30 1 0 0 0 1 0 0 0 1 3010.dat
1 1 247 -100 30 1 0 0 0 1 0 0 0 1 3010.dat
1 1 197 -100 0 0 0 1 0 1 0 -1 0 0 3010.dat
1 1 297 -100 0 0 0 1 0 1 0 -1 0 0 3010.dat
1 1 207 -124 -30 1 0 0 0 1 0 0 0 1 3004.dat
1 1 207 -148 -30 1 0 0 0 1 0 0 0 1 3004.dat
1 1 207 -172 -30 1 0 0 0 1 0 0 0 1 3004.dat
1 1 287 -124 -30 1 0 0 0 1 0 0 0 1 3004.dat
1 1 287 -148 -30 1 0 0 0 1 0 0 0 1 3004.dat
1 1 287 -172 -30 1 0 0 0 1 0 0 0 1 3004.dat
1 1 207 -124 30 1 0 0 0 1 0 0 0 1 3004.dat
1 1 207 -148 30 1 0 0 0 1 0 0 0 1 3004.dat
1 1 207 -172 30 1 0 0 0 1 0 0 0 1 3004.dat
1 1 287 -124 30 1 0 0 0 1 0 0 0 1 3004.dat
1 1 287 -148 30 1 0 0 0 1 0 0 0 1 3004.dat
1 1 287 -172 30 1 0 0 0 1 0 0 0 1 3004.dat
1 1 247 -196 -30 1 0 0 0 1 0 0 0 1 3010.dat
1 1 247 -196 30 1 0 0 0 1 0 0 0 1 3010.dat
1 1 197 -196 0 0 0 1 0 1 0 -1 0 0 3010.dat
1 1 297 -196 0 0 0 1 0 1 0 -1 0 0 3010.dat
1 1 247 -204 0 1 0 0 0 1 0 0 0 1 3032.dat
1 4 247 -228 0 1 0 0 0 1 0 0 0 1 3404.dat
1 15 157 -12 -60 1 0 0 0 1 0 0 0 1 3351ap11.dat
1 4 248 -228 0 0.866 0 -0.5 0 1 0 0.5 0 0.866 3404.dat
1 4 248 -236 0 -0.866 0 0.5 0 1 0 -0.5 0 -0.866 3030.dat
1 4 178.72 -244 -40 -0.5 0 -0.866 0 1 0 0.866 0 -0.5 3020.dat
1 4 204.7 -260 -25 -0.5 0 -0.866 0 1 0 0.866 0 -0.5 3010.dat
1 4 317.28 -284 40 0.5 0 0.866 0 1 0 -0.866 0 0.5 586.dat
1 47 187.38 -284 -35 0.5 0 0.866 0 1 0 -0.866 0 0.5 21.dat
1 4 219.7 -284 -50.98 0.5 0 0.866 0 1 0 -0.866 0 0.5 3005.dat
1 4 189.7 -284 0.98 0.5 0 0.866 0 1 0 -0.866 0 0.5 3005.dat
1 4 256.66 -244 5 -0.866 0 0.5 0 1 0 -0.5 0 -0.866 3021.dat
1 4 265.32 -252 10 -0.866 0 0.5 0 1 0 -0.5 0 -0.866 3020.dat
1 4 211.04 -292 -55.98 -0.866 0 0.5 0 1 0 -0.5 0 -0.866 3023.dat
1 4 181.04 -292 -4.02 -0.866 0 0.5 0 1 0 -0.5 0 -0.866 3023.dat
1 4 187.38 -292 -35 0.5 0 0.866 0 1 0 -0.866 0 0.5 3023.dat
1 4 222.02 -250 -15 -0.5 0 -0.866 0 1 0 0.866 0 -0.5 3148.dat
1 4 222.02 -250 -15 -0.5 0.749956 0.433 0 -0.5 0.866 0.866 0.433 0.25 313.dat
1 4 222.02 -250 -15 -0.5 0.749956 0.433 0 -0.5 0.866 0.866 0.433 0.25 3324.dat
1 4 296.3 -284 16.34 0.5 0 0.866 0 1 0 -0.866 0 0.5 3005.dat
1 4 140.9104 -392.224 -61.83 -0.433 0.749956 -0.5 -0.866 -0.5 0 -0.25 0.433 0.866 3034.dat
1 4 115.4397 -479.167 -76.536 0.5 0.749956 -0.433 0 -0.5 -0.866 -0.866 0.433 -0.25 314.dat
1 4 115.4397 -479.167 -76.536 0.5 0.180128 0.846948 0 0.978 -0.208 -0.866 0.104 0.489 313.dat
1 4 115.4397 -479.167 -76.536 0.5 0.180128 0.846948 0 0.978 -0.208 -0.866 0.104 0.489 3149.dat
1 4 74.1661 -462.902 -100.366 0.846948 0.180128 -0.5 -0.208 0.978 0 0.489 0.104 0.866 3491.dat
1 4 317.28 -292 40 0.5 0 0.866 0 1 0 -0.866 0 0.5 3031.dat
1 0 307.0903 -318.079 57.2105 0.5 0 0.866 0 1 0 -0.866 0 0.5 3062.dat
1 14 34 -238 -123.536 -0.866 0 0.5 0 1 0 -0.5 0 -0.866 3492.dat
