0 Main
0 Name: 6933-1 - Spectral Starguider.mpd
0 Author: LTRON
1 0 0 0 0 0 0 1 0 1 0 -1 0 0 3006.dat
1 0 0 24 80 -1 0 0 0 1 0 0 0 -1 3832.dat
1 0 0 24 -80 -1 0 0 0 1 0 0 0 -1 2445.dat
1 15 0 -8 70 -1 0 0 0 1 0 0 0 -1 3023.dat
1 15 70 0 80 0 0 -1 0 1 0 1 0 0 3004.dat
1 15 -70 0 80 0 0 -1 0 1 0 1 0 0 3004.dat
1 15 -90 0 -80 0 0 -1 0 1 0 1 0 0 3004.dat
1 15 90 0 -80 0 0 -1 0 1 0 1 0 0 3004.dat
1 0 0 -8 -80 0 0 -1 0 1 0 1 0 0 3022.dat
1 0 90 -8 -80 0 0 -1 0 1 0 1 0 0 3023.dat
1 0 -90 -8 -80 0 0 -1 0 1 0 1 0 0 3023.dat
1 0 -70 -8 80 0 0 -1 0 1 0 1 0 0 3023.dat
1 0 70 -8 80 0 0 -1 0 1 0 1 0 0 3023.dat
1 0 0 -8 120 -1 0 0 0 1 0 0 0 -1 3640.dat
1 0 0 -16 80 -1 0 0 0 1 0 0 0 -1 3034.dat
1 0 0 -16 -80 -1 0 0 0 1 0 0 0 -1 3832.dat
1 0 0 -16 140 1 0 0 0 1 0 0 0 1 4859.dat
1 0 30 -24 -90 0 0 1 0 1 0 -1 0 0 2420.dat
1 0 -30 -24 -90 -1 0 0 0 1 0 0 0 -1 2420.dat
1 0 -30 -24 70 1 0 0 0 1 0 0 0 1 2420.dat
1 0 30 -24 70 0 0 -1 0 1 0 1 0 0 2420.dat
1 0 0 -40 -80 0 0 1 0 1 0 -1 0 0 4730.dat
1 15 30 -32 -100 0 0 1 0 1 0 -1 0 0 2412.dat
1 15 -30 -32 -100 0 0 1 0 1 0 -1 0 0 2412.dat
1 0 100 -32 -80 0 0 1 0 1 0 -1 0 0 2605.dat
1 0 80 -32 80 0 0 1 0 1 0 -1 0 0 2605.dat
1 0 -80 -32 80 0 0 -1 0 1 0 1 0 0 2605.dat
1 0 -100 -32 -80 0 0 -1 0 1 0 1 0 0 2605.dat
1 0 0 -48 70 -1 0 0 0 1 0 0 0 -1 3004.dat
1 0 0 -40 110 0 0 1 0 1 0 -1 0 0 3002.dat
1 0 0 -48 -80 0 0 1 0 1 0 -1 0 0 3022.dat
1 0 -50 -48 -80 0 0 1 0 1 0 -1 0 0 3298.dat
1 0 50 -48 -80 0 0 -1 0 1 0 1 0 0 3298.dat
1 0 30 -48 80 0 0 -1 0 1 0 1 0 0 3298.dat
1 0 -30 -48 80 0 0 1 0 1 0 -1 0 0 3298.dat
1 0 0 -48 120 -1 0 0 0 1 0 0 0 -1 3640.dat
1 7 120 10 -80 -1 0 0 0 1 0 0 0 -1 3673.dat
1 7 -120 10 -80 -1 0 0 0 1 0 0 0 -1 3673.dat
1 7 100 10 80 -1 0 0 0 1 0 0 0 -1 3673.dat
1 7 -100 10 80 -1 0 0 0 1 0 0 0 -1 3673.dat
1 0 0 -56 -80 -1 0 0 0 1 0 0 0 -1 3795.dat
1 0 0 -56 80 -1 0 0 0 1 0 0 0 -1 3020.dat
1 15 0 -56 140 -1 0 0 0 1 0 0 0 -1 3680.dat
1 15 0 -64 -90 -1 0 0 0 1 0 0 0 -1 3069.dat
1 15 10 -64 0 0 0 -1 0 1 0 1 0 0 4162.dat
1 15 -10 -64 0 0 0 -1 0 1 0 1 0 0 4162.dat
1 0 30 -64 80 0 0 -1 0 1 0 1 0 0 3023.dat
1 0 -30 -64 80 0 0 -1 0 1 0 1 0 0 3023.dat
1 0 0 -72 90 1 0 0 0 1 0 0 0 1 3710.dat
1 15 -30 -72 70 1 0 0 0 1 0 0 0 1 3024.dat
1 15 30 -72 70 1 0 0 0 1 0 0 0 1 3024.dat
1 0 0 -96 90 1 0 0 0 1 0 0 0 1 3700.dat
1 0 -30 -96 90 1 0 0 0 1 0 0 0 1 3040.dat
1 0 30 -96 90 1 0 0 0 1 0 0 0 1 3040.dat
1 15 30 -104 90 0 0 -1 0 1 0 1 0 0 4085.dat
1 15 -30 -104 90 0 0 1 0 1 0 -1 0 0 4085.dat
1 7 0 -96 140 0 0 1 0 1 0 -1 0 0 3679.dat
1 0 0 -104 120 0 0 1 0 1 0 -1 0 0 3020.dat
1 0 10 -112 90 1 0 0 0 1 0 0 0 1 2420.dat
1 0 -10 -112 90 0 0 -1 0 1 0 1 0 0 2420.dat
1 0 0 -112 200 0 0 -1 0 1 0 1 0 0 4151.dat
1 0 0 -120 120 0 0 -1 0 1 0 1 0 0 3020.dat
1 0 0 -128 150 -1 0 0 0 1 0 0 0 -1 4623.dat
1 15 0 -152 164 -1 0 0 0 0 1 0 1 0 2516.dat
1 0 -50 -100 90 1 0 0 0 1 0 0 0 1 3962.dat
1 0 97 10 80 0 0 -1 0 1 0 1 0 0 2515a.dat
1 0 117 10 -80 0 0 -1 0 1 0 1 0 0 2515a.dat
1 0 -97 10 80 0 0 1 0 1 0 -1 0 0 2515a.dat
1 0 -117 10 -80 0 0 1 0 1 0 -1 0 0 2515a.dat
1 0 -24.057 24 256.297 0.953717 0 -0.300706 0 1 0 0.300706 0 0.953717 3034.dat
1 0 -24.057 0 256.297 0.953717 0 -0.300706 0 1 0 0.300706 0 0.953717 3003.dat
1 7 33.166 0 274.3394 0.953717 0 -0.300706 0 1 0 0.300706 0 0.953717 4730.dat
1 7 -81.28 0 238.2546 -0.953717 0 0.300706 0 1 0 -0.300706 0 -0.953717 4730.dat
1 0 -18.0429 -8 237.2227 0.953717 0 -0.300706 0 1 0 0.300706 0 0.953717 3639.dat
1 0 -71.7429 -8 241.2617 -0.300706 0 -0.953717 0 1 0 0.953717 0 -0.300706 3023.dat
1 0 23.6289 -8 271.3323 -0.300706 0 -0.953717 0 1 0 0.953717 0 -0.300706 3023.dat
1 15 -9.0217 -16 208.6111 -0.953717 0 0.300706 0 1 0 -0.300706 0 -0.953717 3023.dat
1 0 -9.0217 -24 208.6111 -0.953717 0 0.300706 0 1 0 -0.300706 0 -0.953717 4590.dat
1 0 -9.0217 -32 208.6111 -0.953717 0 0.300706 0 1 0 -0.300706 0 -0.953717 3023.dat
1 0 -24.057 -32 256.297 -0.953717 0 0.300706 0 1 0 -0.300706 0 -0.953717 2456.dat
1 0 4.0385 -40 233.6996 0.300706 0 0.953717 0 1 0 -0.953717 0 0.300706 3021.dat
1 0 -34.1102 -40 221.6714 0.300706 0 0.953717 0 1 0 -0.953717 0 0.300706 3021.dat
1 7 -37.6332 -48 199.59 0.300706 0 0.953717 0 1 0 -0.953717 0 0.300706 3024.dat
1 7 19.5898 -48 217.6323 0.300706 0 0.953717 0 1 0 -0.953717 0 0.300706 3024.dat
1 0 -18.0429 -48 237.2227 0.953717 0 -0.300706 0 1 0 0.300706 0 0.953717 3639.dat
1 15 -24.057 -56 256.297 0.953717 0 -0.300706 0 1 0 0.300706 0 0.953717 3680.dat
1 0 13.5757 -64 236.7067 0.953717 0 -0.300706 0 1 0 0.300706 0 0.953717 3005.dat
1 0 -43.6473 -64 218.6643 0.953717 0 -0.300706 0 1 0 0.300706 0 0.953717 3005.dat
1 7 -9.0217 -56 208.6111 0.953717 0 -0.300706 0 1 0 0.300706 0 0.953717 3743.dat
1 0 16.5828 -88 227.1695 -0.300706 0 -0.953717 0 1 0 0.953717 0 -0.300706 3004.dat
1 0 -40.6403 -88 209.1271 -0.300706 0 -0.953717 0 1 0 0.953717 0 -0.300706 3004.dat
1 0 -16.0821 -70 217.0999 -0.199369 0 -0.979925 0 1 0 0.979925 0 -0.199369 3707.dat
1 7 -14.0884 -70 207.3007 0.979925 0 -0.199369 0 1 0 0.199369 0 0.979925 3647.dat
1 7 -18.0758 -70 226.8992 0.979925 0 -0.199369 0 1 0 0.199369 0 0.979925 3647.dat
1 7 -0.1326 -56 138.7059 0.979925 0 -0.199369 0 1 0 0.199369 0 0.979925 3679.dat
1 0 1.8611 -80 128.9067 0.979925 0 -0.199369 0 1 0 0.199369 0 0.979925 3004.dat
1 0 -2.1263 -80 148.5052 0.979925 0 -0.199369 0 1 0 0.199369 0 0.979925 3700.dat
1 15 -0.1326 -96 138.7059 0.979925 0 -0.199369 0 1 0 0.199369 0 0.979925 3680.dat
1 0 -0.1326 -88 138.7059 0.979925 0 -0.199369 0 1 0 0.199369 0 0.979925 3022.dat
1 7 -24.0568 -56 256.2969 0.979925 0 -0.199369 0 1 0 0.199369 0 0.979925 3679.dat
1 0 -26.0505 -80 266.0962 0.979925 0 -0.199369 0 1 0 0.199369 0 0.979925 3700.dat
1 0 -22.0632 -80 246.4977 0.979925 0 -0.199369 0 1 0 0.199369 0 0.979925 3700.dat
1 15 -24.0568 -88 256.2969 0.979925 0 -0.199369 0 1 0 0.199369 0 0.979925 3680.dat
1 0 -28.8417 -70 279.8151 0.979925 -0.199369 0 0 0 -1 0.199369 0.979925 0 4591.dat
1 7 -24.057 -88 256.297 -0.300706 0 -0.953717 0 1 0 0.953717 0 -0.300706 3679.dat
1 0 -18.0429 -96 237.2227 -0.300706 0 -0.953717 0 1 0 0.953717 0 -0.300706 3031.dat
1 15 -27.0641 -104 265.8342 -0.953717 0 0.300706 0 1 0 -0.300706 0 -0.953717 2431.dat
1 0 49.3792 10 279.4514 -0.300706 0 -0.953717 0 1 0 0.953717 0 -0.300706 2515a.dat
1 0 -97.4932 10 233.1426 0.300706 0 0.953717 0 1 0 -0.953717 0 0.300706 2515a.dat
1 15 0 32 -200 0 0 1 0 1 0 -1 0 0 3795.dat
1 15 0 8 -170 1 0 0 0 1 0 0 0 1 3004.dat
1 15 0 8 -150 -1 0 0 0 1 0 0 0 -1 3747.dat
1 15 0 8 -190 1 0 0 0 1 0 0 0 1 3039.dat
1 0 0 -40 -160 0 0 1 0 1 0 -1 0 0 2434.dat
1 0 0 -16 -110 1 0 0 0 1 0 0 0 1 3004.dat
1 0 0 -40 -110 1 0 0 0 1 0 0 0 1 3700.dat
1 0 44 -30 -130 0 -1 0 1 0 0 0 0 1 3005.dat
1 0 44 -30 -150 0 -1 0 1 0 0 0 0 1 3040.dat
1 0 -44 -30 -130 0 1 0 -1 0 0 0 0 1 3005.dat
1 0 -44 -30 -150 0 1 0 -1 0 0 0 0 1 3040.dat
1 0 0 -48 -140 0 0 1 0 1 0 -1 0 0 3020.dat
1 15 0 40 -160 0 0 1 0 1 0 -1 0 0 4032.dat
1 15 10 40 -240 0 0 1 0 1 0 -1 0 0 4276.dat
1 15 -10 40 -240 0 0 1 0 1 0 -1 0 0 4276.dat
1 15 60 -30 -140 0 -1 0 -1 0 0 0 0 -1 4595.dat
1 15 -60 -30 -140 0 1 0 1 0 0 0 0 -1 4595.dat
1 0 44 -20 -190 0 -1 0 -1 0 0 0 0 -1 3937.dat
1 0 -44 -20 -190 0 1 0 1 0 0 0 0 -1 3937.dat
1 0 0 -96 -120 1 0 0 0 1 0 0 0 1 3479.dat
1 0 0 -64 -190 1 0 0 0 1 0 0 0 1 3004.dat
1 15 0 -104 -110 1 0 0 0 1 0 0 0 1 2412.dat
1 0 0 -104 -130 1 0 0 0 1 0 0 0 1 2452.dat
1 15 0 -72 -190 1 0 0 0 1 0 0 0 1 2412.dat
1 15 0 -126.187 -134.824 0 0 -1 0.92388 -0.382683 0 -0.382683 -0.92388 0 4531.dat
1 15 0 -132.3099 -149.6061 0 0 -1 0.92388 -0.382683 0 -0.382683 -0.92388 0 3938.dat
1 0 -2.756 -139.8151 -167.7252 -0.961262 0.275637 0 0.105482 0.367859 0.92388 0.254656 0.888091 -0.382683 2440.dat
1 0 10 26.122 -294.419 0 0 1 0.692143 -0.72176 0 0.72176 0.692143 0 4275.dat
1 0 -10 26.122 -294.419 0 0 1 0.692143 -0.72176 0 0.72176 0.692143 0 4275.dat
1 0 0 27.2694 -281.6642 1 0 0 0 -0.72176 -0.692143 0 0.692143 -0.72176 3023.dat
1 42 0 13.4265 -296.0995 -1 0 0 0 -0.72176 0.692143 0 0.692143 0.72176 2466.dat
1 0 0 14.5738 -283.3447 -1 0 0 0 -0.72176 0.692143 0 0.692143 0.72176 4032.dat
1 15 10 -84.7329 -201.968 -1 0 0 0 -0.72176 0.692143 0 0.692143 0.72176 6141.dat
1 15 -10 -84.7329 -201.968 -1 0 0 0 -0.72176 0.692143 0 0.692143 0.72176 6141.dat
1 15 0 -0.0983 -258.1906 1 0 0 0 -0.692143 0.72176 0 -0.72176 -0.692143 2516.dat
1 42 68 -20 -240 0 -1 0 1 0 0 0 0 1 2418.dat
1 42 -68 -20 -240 0 1 0 -1 0 0 0 0 1 2418.dat
1 0 0 -47.274 -221.867 0.906308 0 0.422618 -0.060278 0.989776 0.129266 -0.418298 -0.142629 0.897042 2446.dat
1 42 1.9424 -44.7954 -218.0158 0.906308 -0.298836 0.298836 -0.060278 0.608473 0.791282 -0.418298 -0.735159 0.533451 2447.dat
1 14 0 -47.274 -221.867 0.906308 0 0.422618 -0.060278 0.989776 0.129266 -0.418298 -0.142629 0.897042 3626.dat
1 15 0 -20.549 -225.718 1 0 0 0 0.989776 0.142629 0 -0.142629 0.989776 973.dat
1 0 0 -20.573 -225.876 1 0 0 0 0.990268 0.139173 0 -0.139173 0.990268 3838.dat
1 15 0 -104 20 0 0 1 0 1 0 -1 0 0 4597.dat
1 15 0 -96 70 -1 0 0 0 1 0 0 0 -1 2458.dat
1 15 0 -96 -30 1 0 0 0 1 0 0 0 1 3660.dat
1 15 40 -72 20 1 0 0 0 1 0 0 0 1 4032.dat
1 15 -40 -72 20 1 0 0 0 1 0 0 0 1 4032.dat
1 15 0 -72 60 1 0 0 0 1 0 0 0 1 4032.dat
1 15 0 -72 -20 1 0 0 0 1 0 0 0 1 4032.dat
1 0 0 -112 70 1 0 0 0 1 0 0 0 1 3710.dat
1 15 30 -104 -50 -1 0 0 0 1 0 0 0 -1 2420.dat
1 15 -30 -104 -50 0 0 1 0 1 0 -1 0 0 2420.dat
1 15 0 -104 10 1 0 0 0 1 0 0 0 1 4865.dat
1 0 0 -120 70 -1 0 0 0 1 0 0 0 -1 4315.dat
1 15 0 -152 -20 -1 0 0 0 1 0 0 0 -1 4345.dat
1 15 2.3 -131.9 -20 -0.633381 -0.77384 0 -0.77384 0.633381 0 0 0 -1 3069.dat
1 0 0 -152 -20 -1 0 0 0 1 0 0 0 -1 4346.dat
1 0 0 -128 -50 -1 0 0 0 1 0 0 0 -1 3004.dat
1 0 0 -172 88 1 0 0 0 0 -1 0 1 0 3795.dat
1 0 40 -172 96 1 0 0 0 0 -1 0 1 0 4591.dat
1 0 -40 -172 96 1 0 0 0 0 -1 0 1 0 4591.dat
1 0 -50 -172 80 0 0 1 1 0 0 0 1 0 3023.dat
1 0 50 -172 80 0 0 1 1 0 0 0 1 0 3023.dat
1 0 0 -152 80 -1 0 0 0 0 1 0 1 0 4213.dat
1 15 40 -182 72 -1 0 0 0 0 1 0 1 0 2412.dat
1 15 -40 -182 72 -1 0 0 0 0 1 0 1 0 2412.dat
1 0 -50 -176 20 0 0 1 0 1 0 -1 0 0 2443.dat
1 0 50 -176 20 0 0 -1 0 1 0 1 0 0 2443.dat
1 0 30 -112 -60 0 0 -1 0 1 0 1 0 0 2412.dat
1 0 -30 -112 -60 0 0 -1 0 1 0 1 0 0 2412.dat
1 0 0 -152 -50 1 0 0 0 1 0 0 0 1 2458.dat
1 0 0 -176 -30 1 0 0 0 1 0 0 0 1 3039.dat
1 0 40 -176 -30 1 0 0 0 1 0 0 0 1 2362.dat
1 0 -40 -176 -30 1 0 0 0 1 0 0 0 1 2362.dat
1 0 0 -184 -20 1 0 0 0 1 0 0 0 1 3795.dat
1 15 -50 -184 20 0 0 -1 0 1 0 1 0 0 3023.dat
1 15 50 -184 20 0 0 -1 0 1 0 1 0 0 3023.dat
1 15 -50 -200 50 0 0 -1 0 1 0 1 0 0 3005.dat
1 15 50 -200 50 0 0 -1 0 1 0 1 0 0 3005.dat
1 15 -50 -208 30 1 0 0 0 1 0 0 0 1 4286.dat
1 15 50 -208 30 1 0 0 0 1 0 0 0 1 4286.dat
1 15 0 -192 -10 -1 0 0 0 1 0 0 0 -1 4625.dat
1 0 0 -200 20 -1 0 0 0 1 0 0 0 -1 4213.dat
1 0 20 -208 50 0 0 -1 0 1 0 1 0 0 3021.dat
1 0 -20 -208 50 0 0 -1 0 1 0 1 0 0 3021.dat
1 42 -30 -216 70 0 0 -1 0 1 0 1 0 0 2569.dat
1 42 30 -216 70 0 0 -1 0 1 0 1 0 0 2569.dat
1 0 0 -216 70 -1 0 0 0 1 0 0 0 -1 2436.dat
1 0 10 -224 70 0 0 -1 0 1 0 1 0 0 4085.dat
1 0 -10 -224 70 0 0 1 0 1 0 -1 0 0 4085.dat
1 15 0 -232 70 -1 0 0 0 1 0 0 0 -1 2412.dat
1 0 0 -206 92 -1 0 0 0 0 -1 0 -1 0 3023.dat
1 15 0 -206 100 -1 0 0 0 0 -1 0 -1 0 3069.dat
1 42 112 -140 20 0 -1 0 0 0 -1 1 0 0 2418.dat
1 42 -112 -140 20 0 1 0 0 0 -1 -1 0 0 2418.dat
