0 
0 Name: New Model.ldr
0 Author: 
1 8 -90 -27 -260 0 0 -1 0 1 0 1 0 0 3022.dat
1 6 50 -27 -260 0 0 -1 0 1 0 1 0 0 4032.dat
1 0 -30 -35 -260 -1 0 0 0 1 0 0 0 -1 3034.dat
1 8 60 -35 -260 0 0 -1 0 1 0 1 0 0 2540.dat
1 8 50 -59 -270 0 0 -1 0 1 0 1 0 0 30359.dat
1 8 50 -59 -250 0 0 -1 0 1 0 1 0 0 30359.dat
1 8 -90 -43 -260 0 0 -1 0 1 0 1 0 0 3022.dat
1 6 -120 -67 -260 0 0 -1 0 1 0 1 0 0 2399.dat
1 0 -100 -67 -260 0 0 -1 0 1 0 1 0 0 3794.dat
1 6 -10 -67 -260 0 0 1 0 1 0 -1 0 0 4732.dat
1 8 0 -51 -270 1 0 0 0 1 0 0 0 1 4085.dat
1 8 0 -51 -250 -1 0 0 0 1 0 0 0 -1 4085.dat
1 7 -20 -51 -260 0 0 -1 0 1 0 1 0 0 3023.dat
1 8 -60 -75 -260 0 0 -1 0 1 0 1 0 0 2412.dat
1 8 -100 -67 -260 0 0 -1 0 1 0 1 0 0 2524.dat
1 6 0 -75 -260 0 0 1 0 1 0 -1 0 0 3039.dat
1 0 20 -75 -260 0 0 -1 0 1 0 1 0 0 3794.dat
1 8 20 -83 -260 -1 0 0 0 1 0 0 0 -1 2555.dat
1 6 40 -91 -260 0 0 -1 0 1 0 1 0 0 3048.dat
1 0 20 -91 -260 0 0.731354 -0.681998 0 0.681998 0.731354 1 0 0 30031.dat
1 0 0 -35 -290 0 0 -1 0 -1 0 -1 0 0 4349.dat
1 0 188 -49 -270 0 1 0 0.5 0 0.866025 0.866025 0 -0.5 2433.dat
1 0 188 -49 -250 0 1 0 -0.5 0 0.866025 0.866025 0 0.5 2433.dat
1 6 208 -48.747 -269.568 0 -1 0 0.866025 0 0.5 -0.5 0 0.866025 30259.dat
1 6 208 -48.747 -250.433 0 -1 0 -0.866025 0 0.5 -0.5 0 -0.866025 30259.dat
1 8 -62 5 -230 0 0 -1 0 1 0 1 0 0 6120.dat
1 8 -62 5 -290 0 0 -1 0 1 0 1 0 0 6120.dat
1 0 -60 -3 -260 0 0 -1 0 1 0 1 0 0 3710.dat
1 8 -60 -27 -260 0 0 -1 0 1 0 1 0 0 3004.dat
1 0 80 -27 -260 1 0 0 0 1 0 0 0 1 2555.dat
1 8 80 -19 -260 1 0 0 0 1 0 0 0 1 3062.dat
