0 Main
0 Name: 7218-1 - Orange Speedboat.mpd
0 Author: LTRON
1 4 0 8 -20 -1 0 0 0 1 0 0 0 -1 3937.dat
1 0 0 32 -90 0 0 1 0 1 0 -1 0 0 3034.dat
1 4 0 8 -60 0 0 1 0 1 0 -1 0 0 3002.dat
1 4 0 8 -120 0 0 1 0 1 0 -1 0 0 3002.dat
1 4 0 8 -160 1 0 0 0 1 0 0 0 1 3747.dat
1 25 0 0 -40 1 0 0 0 1 0 0 0 1 3710.dat
1 25 -20 0 -110 0 0 -1 0 1 0 1 0 0 3795.dat
1 25 20 0 -110 0 0 -1 0 1 0 1 0 0 3795.dat
1 25 20 0 -200 1 0 0 0 1 0 0 0 1 43723.dat
1 25 -20 0 -200 1 0 0 0 1 0 0 0 1 43722.dat
1 4 0 -24 -60 -1 0 0 0 1 0 0 0 -1 3039.dat
1 0 -10 -32 -60 0 0 1 0 1 0 -1 0 0 4081.dat
1 0 10 -32 -60 0 0 -1 0 1 0 1 0 0 4081.dat
1 4 30 -24 -100 -1 0 0 0 1 0 0 0 -1 3040.dat
1 4 -30 -24 -100 -1 0 0 0 1 0 0 0 -1 3040.dat
1 0 30 -8 -130 0 0 1 0 1 0 -1 0 0 2412.dat
1 0 -30 -8 -130 0 0 1 0 1 0 -1 0 0 2412.dat
1 0 0 -8 -190 0 0 1 0 1 0 -1 0 0 3020.dat
1 40 0 -40 -60 1 0 0 0 1 0 0 0 1 6070.dat
1 34 -30 -30 -72 1 0 0 0 0 -1 0 1 0 6141.dat
1 36 30 -30 -72 1 0 0 0 0 -1 0 1 0 6141.dat
1 0 0 9.34 -15 1 0 0 0 0.866 0.5 0 -0.5 0.866 6134.dat
1 25 0 12.412 6.32 0 0 -1 0.5 0.866 0 0.866 -0.5 0 3021.dat
1 72 0 1.628 35.64 -1 0 0 0 0.866 -0.5 0 -0.5 -0.866 2458.dat
1 0 0 -13.372 9.66 1 0 0 0 0.866 0.5 0 -0.5 0.866 30603.dat
1 0 0 21.288 49.692 -1 0 0 0 0.866 -0.5 0 -0.5 -0.866 6041.dat
