0 Main
0 Name: 6965-1 - TIE Intercep_4h4MXk5.mpd
0 Author: LTRON
1 0 0 0 0 1 0 0 0 1 0 0 0 1 4733.dat
1 379 0 -8 0 1 0 0 0 1 0 0 0 1 3070.dat
1 379 0 10 18 1 0 0 0 0 1 0 -1 0 4740.dat
1 47 0 10 -18 -1 0 0 0 0 1 0 1 0 4740.dat
1 0 24 10 22 0 1 0 -1 0 0 0 0 1 4623.dat
1 0 -24 10 22 0 -1 0 1 0 0 0 0 1 4623.dat
1 0 -40 10 12 0 -1 0 0 0 1 -1 0 0 4871.dat
1 0 -32 0 22 0 -1 0 0 0 1 -1 0 0 4589.dat
1 0 -32 20 22 0 -1 0 0 0 1 -1 0 0 4589.dat
1 0 -48 0 2 0 -1 0 -1 0 0 0 0 -1 2555.dat
1 0 -48 20 2 0 -1 0 -1 0 0 0 0 -1 2555.dat
1 0 -32 -20 12 0 -1 0 0 0 -1 1 0 0 3069.dat
1 0 -32 40 12 0 -1 0 0 0 -1 1 0 0 3069.dat
1 72 -42 0 12 -0.707107 0 0.707107 -0.707107 0 -0.707107 0 -1 0 30374.dat
1 72 -42 20 12 -0.707107 0 -0.707107 0.707107 0 -0.707107 0 -1 0 30374.dat
1 0 -44.828 -16.97 -48 -0.707107 -0.707107 0 0.707107 -0.707107 0 0 0 1 41769.dat
1 0 -46.242 -4.243 -18 -0.707107 -0.707107 0 0.707107 -0.707107 0 0 0 1 2555.dat
1 0 -44.828 36.97 -48 0.707107 -0.707107 0 0.707107 0.707107 0 0 0 1 41770.dat
1 0 -46.242 24.243 -18 0.707107 -0.707107 0 0.707107 0.707107 0 0 0 1 2555.dat
1 0 40 10 12 0 1 0 0 0 -1 -1 0 0 4871.dat
1 0 32 20 22 0 1 0 0 0 -1 -1 0 0 4589.dat
1 0 32 0 22 0 1 0 0 0 -1 -1 0 0 4589.dat
1 0 48 20 2 0 1 0 1 0 0 0 0 -1 2555.dat
1 0 48 0 2 0 1 0 1 0 0 0 0 -1 2555.dat
1 0 32 40 12 0 1 0 0 0 1 1 0 0 3069.dat
1 0 32 -20 12 0 1 0 0 0 1 1 0 0 3069.dat
1 72 42 20 12 0.707107 0 -0.707107 0.707107 0 0.707107 0 -1 0 30374.dat
1 72 42 0 12 0.707107 0 0.707107 -0.707107 0 0.707107 0 -1 0 30374.dat
1 0 44.828 36.97 -48 0.707107 0.707107 0 -0.707107 0.707107 0 0 0 1 41769.dat
1 0 46.242 24.243 -18 0.707107 0.707107 0 -0.707107 0.707107 0 0 0 1 2555.dat
1 0 44.828 -16.97 -48 -0.707107 0.707107 0 -0.707107 -0.707107 0 0 0 1 41770.dat
1 0 46.242 -4.243 -18 -0.707107 0.707107 0 -0.707107 -0.707107 0 0 0 1 2555.dat
