0 
0 Name: New Model.ldr
0 Author: 
1 322 -34.14 -56 -164.14 0.866 0 0.5 0 1 0 -0.5 0 0.866 15396.dat
1 72 -26.64 -26 -151.15 0.866 0 0.5 0 1 0 -0.5 0 0.866 3464.dat
1 72 -69.14 -26 -224.76 0.866 0 0.5 0 1 0 -0.5 0 0.866 3464.dat
1 256 -26.64 -26 -151.15 -0.5 0 0.866 0 1 0 -0.866 0 -0.5 59895.dat
1 256 -69.14 -26 -224.76 -0.5 0 0.866 0 1 0 -0.866 0 -0.5 59895.dat
1 0 -42.061 -11.714 -177.8592 0.866 0.4045 0.294 0 0.588 -0.809 -0.5 0.700594 0.509208 95344.dat
1 46 -71.14 -70 -228.224 0 0.5 0.866 1 0 0 0 0.866 -0.5 98138.dat
1 0 -59.64 -70 -208.306 0.866 0.0695 0.495 0 0.99 -0.139 -0.5 0.120374 0.85734 30031.dat
