0 Main
0 Name: 1462-1 - Galactic Scout.mpd
0 Author: LTRON
1 0 0 0 0 0 0 1 0 1 0 -1 0 0 3020.dat
1 0 -10 -8 20 0 0 1 0 1 0 -1 0 0 2452.dat
1 0 10 -8 20 0 0 -1 0 1 0 1 0 0 2452.dat
1 0 0 -8 -30 1 0 0 0 1 0 0 0 1 2419.dat
1 0 -10 -24 -40 0 0 1 0 1 0 -1 0 0 4531.dat
1 0 10 -24 -40 0 0 1 0 1 0 -1 0 0 4531.dat
1 0 0 -16 10 1 0 0 0 1 0 0 0 1 4598.dat
1 15 0 -36 48 1 0 0 0 0 -1 0 1 0 4591.dat
1 0 -56.186 -19.176 20 0.92388 -0.382683 0 0.382683 0.92388 0 0 0 1 4276.dat
1 0 -62.3633 -30.3939 40 -0.92388 -0.382683 0 -0.382683 0.92388 0 0 0 -1 2450.dat
1 15 -40.8243 -30.1313 30 0 -0.382683 0.92388 0 0.92388 0.382683 -1 0 0 3069.dat
1 0 56.186 -19.176 20 -0.92388 0.382683 0 0.382683 0.92388 0 0 0 -1 4276.dat
1 0 62.3633 -30.3939 40 0 0.382683 -0.92388 0 0.92388 0.382683 1 0 0 2450.dat
1 15 40.8243 -30.1313 30 0 0.382683 -0.92388 0 0.92388 0.382683 1 0 0 3069.dat
1 0 -10 -45.456 -44.544 0 0 1 -0.707107 0.707107 0 -0.707107 -0.707107 0 2433.dat
1 0 10 -45.456 -44.544 0 0 1 -0.707107 0.707107 0 -0.707107 -0.707107 0 2433.dat
1 15 0 -51.1129 -38.8871 -1 0 0 0 0.707107 -0.707107 0 -0.707107 -0.707107 2412.dat
