0 Main
0 Name: 42101 - Buggy - Buggy.mpd
0 Author: LTRON
1 71 0 0 0 1 0 0 0 0.991 -0.137 0 0.137 0.991 32073.dat
1 0 -20 0 0 0 1 0 0.991 0 0.137 0.137 0 -0.991 2825.dat
1 4 -5 -5.48 39.64 0 1 0 0.137 0 -0.991 -0.991 0 -0.137 32056.dat
1 4 5 -5.48 39.64 0 1 0 0.137 0 -0.991 -0.991 0 -0.137 32056.dat
1 0 0 8.22 -59.46 -1 0 0 0 0.991 0.137 0 0.137 -0.991 3705.dat
1 0 -30 8.22 -59.46 -1 0 0 0 0.137 -0.991 0 -0.991 -0.137 32291.dat
1 0 0 8.22 -59.46 0 1 0 0.991 0 0.137 0.137 0 -0.991 32140.dat
1 0 0 -18.1109 -24.0154 1 0 0 0 0.199159 0.980387 0 -0.980387 0.199159 92907.dat
1 4 0 -14.1277 -43.6232 1 0 0 0 0.199159 0.980387 0 -0.980387 0.199159 32062.dat
1 15 0 -14.1277 -43.6232 0 -1 0 0.199159 0 0.980387 -0.980387 0 0.199159 60483.dat
1 4 0 5.48 -39.64 1 0 0 0 0.980387 -0.199159 0 0.199159 0.980387 11214.dat
1 72 0 -37.7187 -27.9986 0 0 1 0.980387 -0.199159 0 0.199159 0.980387 0 15100.dat
1 71 0 -39.7103 -18.1947 0 -1 0 -0.199159 0 -0.980387 0.980387 0 -0.199159 4274.dat
1 0 20 0 0 0 -1 0 -0.991 0 0.137 -0.137 0 -0.991 2825.dat
1 0 30 8.22 -59.46 -1 0 0 0 0.137 -0.991 0 -0.991 -0.137 32291.dat
1 0 -20 -5.48 39.64 0 1 0 -0.991 0 -0.137 -0.137 0 0.991 32348.dat
1 14 0 -5.48 39.64 1 0 0 0 0.991 -0.137 0 0.137 0.991 4519.dat
1 71 0 -66.2 128.2 1 0 0 0 0.875 0.485 0 -0.485 0.875 32073.dat
1 15 0 11.6 62.2 1 0 0 0 0.991 -0.137 0 0.137 0.991 60483.dat
1 14 0 -8.22 59.46 0 -1 0 0.991 0 -0.137 0.137 0 0.991 4519.dat
1 4 0 -8.22 59.46 1 0 0 0 0.991 -0.137 0 0.137 0.991 87082.dat
1 71 0 -37.95 55.35 1 0 0 0 -0.137 -0.991 0 0.991 -0.137 59443.dat
1 0 -20 7.1354 133.2653 0 1 0 -0.853755 0 0.521265 0.521265 0 0.853755 32140.dat
1 1 -30 7.1354 133.2653 1 0 0 0 0.521265 -0.853755 0 0.853755 0.521265 43093.dat
1 0 -30 17.5607 150.3404 1 0 0 0 0.853755 0.521265 0 -0.521265 0.853755 2780.dat
1 0 -40 7.1354 133.2653 0 -1 0 0.853755 0 0.521265 -0.521265 0 0.853755 32316.dat
1 71 -30 -13.7152 99.1151 1 0 0 0 0.853755 0.521265 0 -0.521265 0.853755 3673.dat
1 0 0 -49.65 96.15 0 0 1 0.875 0.485 0 -0.485 0.875 0 32291.dat
1 1 0 -48.7 118.5 -1 0 0 0 0.485 0.875 0 0.875 -0.485 6558.dat
1 4 0 -31.2 108.8 1 0 0 0 0.485 -0.875 0 0.875 0.485 11214.dat
1 16 0 -66.2 128.2 0 0 -1 -0.606899 0.795757 0 0.795757 0.606899 0 4255.dat
1 0 0 21.3333 194.9589 0 0 -1 -0.606899 0.795757 0 0.795757 0.606899 0 4254.dat
1 1 0 21.307 194.93 -1 0 0 0 0.853755 -0.521265 0 -0.521265 -0.853755 6558.dat
1 0 20 -5.48 39.64 0 1 0 -0.991 0 -0.137 -0.137 0 0.991 32348.dat
1 0 20 7.1354 133.2653 0 1 0 -0.853755 0 0.521265 0.521265 0 0.853755 32140.dat
1 1 28 7.1354 133.2653 -1 0 0 0 0.521265 0.853755 0 0.853755 -0.521265 43093.dat
1 0 30 17.5607 150.3404 1 0 0 0 0.853755 0.521265 0 -0.521265 0.853755 2780.dat
1 0 40 7.1354 133.2653 0 -1 0 0.853755 0 0.521265 -0.521265 0 0.853755 32316.dat
1 71 30 -13.7152 99.1151 1 0 0 0 0.853755 0.521265 0 -0.521265 0.853755 3673.dat
1 0 -15 36.26 -116.18 0 1 0 0.137 0 -0.991 -0.991 0 -0.137 6632.dat
1 19 -10 16.44 -118.92 -1 0 0 0 -0.991 -0.137 0 -0.137 0.991 32002.dat
1 4 0 36.26 -116.18 -1 0 0 0 -0.991 -0.137 0 -0.137 0.991 32062.dat
1 0 15 36.26 -116.18 0 -1 0 -0.137 0 -0.991 0.991 0 -0.137 6632.dat
1 71 0 -33.7365 -47.6065 1 0 0 0 -0.199159 -0.980387 0 0.980387 -0.199159 32073.dat
1 0 0 -26.1466 -66.1198 -1 0 0 0 0.926166 0.379512 0 0.379512 -0.926166 3705.dat
1 4 -30 -26.1466 -66.1198 0 1 0 -0.926166 0 -0.379512 -0.379512 0 0.926166 16646.dat
1 0 -15 -10.9661 -103.1664 0 1 0 -0.926166 0 -0.379512 -0.379512 0 0.926166 6632.dat
1 4 0 -10.9661 -103.1664 1 0 0 0 0.926166 -0.379512 0 0.379512 0.926166 32062.dat
1 25 0 -18.5564 -84.6431 0 -1 0 0.926166 0 -0.379512 0.379512 0 0.926166 32316.dat
1 0 15 -10.9661 -103.1664 0 1 0 -0.926166 0 -0.379512 -0.379512 0 0.926166 6632.dat
1 4 30 -26.1466 -66.1198 0 -1 0 0.926166 0 -0.379512 0.379512 0 0.926166 16646.dat
1 0 0 -3.38 -121.66 -1 0 0 0 0.991 0.137 0 0.137 -0.991 3705.dat
1 0 -50 -3.38 -121.66 0 0 -1 0.991 0.137 0 0.137 -0.991 0 32192.dat
1 0 50 -3.38 -121.66 0 0 1 -0.991 0.137 0 -0.137 -0.991 0 32192.dat
1 25 0 30.78 -76.54 0 0 -1 0.137 -0.991 0 -0.991 -0.137 0 32523.dat
1 0 20 20.87 -77.91 0 0 -1 -0.991 -0.137 0 -0.137 0.991 0 2780.dat
1 0 -20 20.87 -77.91 0 0 -1 -0.991 -0.137 0 -0.137 0.991 0 2780.dat
1 71 40 28.04 -56.72 0 0 -1 0.991 0.137 0 0.137 -0.991 0 32184.dat
1 19 40 20.87 -77.91 0 0 -1 0.991 0.137 0 0.137 -0.991 0 3749.dat
1 19 40 35.21 -35.53 0 0 1 -0.991 0.137 0 -0.137 -0.991 0 3749.dat
1 70 60 28.04 -56.72 -1 0 0 0 0.137 -0.991 0 -0.991 -0.137 24316.dat
1 15 70 28.04 -56.72 0 0 -1 0.991 0.137 0 0.137 -0.991 0 55982.dat
1 4 80 28.04 -56.72 0 0 1 0.991 -0.137 0 0.137 0.991 0 3713.dat
1 71 -40 28.04 -56.72 0 0 -1 0.991 0.137 0 0.137 -0.991 0 32184.dat
1 19 -40 20.87 -77.91 0 0 -1 0.991 0.137 0 0.137 -0.991 0 3749.dat
1 19 -40 35.21 -35.53 0 0 1 -0.991 0.137 0 -0.137 -0.991 0 3749.dat
1 70 -60 28.04 -56.72 1 0 0 0 -0.137 -0.991 0 0.991 -0.137 24316.dat
1 15 -70 28.04 -56.72 0 0 1 0.991 -0.137 0 0.137 0.991 0 55982.dat
1 4 -80 28.04 -56.72 0 0 -1 0.991 0.137 0 0.137 -0.991 0 3713.dat
1 0 0 17.08 22.56 1 0 0 0 -0.991 0.137 0 -0.137 -0.991 32140.dat
1 0 0 35.21 -35.53 0 0 1 0.991 -0.137 0 0.137 0.991 0 2780.dat
1 0 20 35.21 -35.53 0 0 1 0.991 -0.137 0 0.137 0.991 0 2780.dat
1 25 0 45.12 -34.16 0 0 1 -0.137 -0.991 0 0.991 -0.137 0 32316.dat
1 0 0 36.9 25.3 -1 0 0 0 -0.991 -0.137 0 -0.137 0.991 2825.dat
1 19 0 18.77 83.39 0 0 -1 0.991 0.137 0 0.137 -0.991 0 3749.dat
1 4 0 26.99 23.93 0 0 -1 0.991 0.137 0 0.137 -0.991 0 32062.dat
1 71 0 33.635 85.445 -1 0 0 0 0.137 -0.991 0 -0.991 -0.137 32123.dat
1 71 0 27.986 167.4155 1 0 0 0 -0.991 0.137 0 -0.137 -0.991 60485.dat
1 4 -80 27.986 167.4155 0 0 -1 0.137 -0.991 0 -0.991 -0.137 0 3713.dat
1 15 -70 27.986 167.4155 0 0 1 0.991 -0.137 0 0.137 0.991 0 55982.dat
1 4 80 27.986 167.4155 0 0 1 0.137 0.991 0 -0.991 0.137 0 3713.dat
1 15 70 27.986 167.4155 0 0 -1 -0.991 -0.137 0 -0.137 0.991 0 55982.dat
1 0 -15 -64.94 31.42 0 -1 0 0.137 0 0.991 -0.991 0 0.137 41677.dat
1 4 0 -64.94 31.42 -1 0 0 0 -0.137 0.991 0 0.991 0.137 32062.dat
1 4 0 -45.12 34.16 -1 0 0 0 -0.137 0.991 0 0.991 0.137 32062.dat
1 0 0 -64.94 31.42 -1 0 0 0 -0.137 0.991 0 0.991 0.137 6536.dat
1 0 15 -64.94 31.42 0 -1 0 0.137 0 0.991 -0.991 0 0.137 41677.dat
1 71 0 -41.3035 -10.3517 1 0 0 0 0.199159 0.980387 0 -0.980387 0.199159 16091.dat
1 0 0 -77.59 49.87 0 -0.063 -0.998 0.991 0.136726 -0.008631 0.137 -0.989018 0.062433 3705.dat
1 71 0 -82.545 49.185 -0.998 -0.063 0 -0.008631 0.136726 -0.991 0.062433 -0.989018 -0.137 32123.dat
1 0 0 -97.41 47.13 -0.998 -0.063 0 -0.008631 0.136726 -0.991 0.062433 -0.989018 -0.137 32270.dat
1 14 0 -101.1959 173.249 -1 0 0 0 0.961773 0.275361 0 0.275361 -0.961773 4519.dat
1 25 -20 -101.1959 173.249 0 0 -1 -0.961773 -0.275361 0 -0.275361 0.961773 0 11947.dat
1 0 0 -101.1959 173.249 1 0 0 0 0.275361 0.961773 0 -0.961773 0.275361 6553.dat
1 25 20 -101.1959 173.249 0 0 1 0.961773 -0.275361 0 0.275361 0.961773 0 11946.dat
1 0 0 -84.6742 115.5426 1 0 0 0 -0.961773 0.275361 0 -0.275361 -0.961773 32192.dat
1 4 0 -58.4309 100.9818 0 1 0 0.874654 0 -0.485293 -0.485293 0 -0.874654 32062.dat
1 0 40 -2.74 19.82 -1 0 0 0 -0.137 0.991 0 0.991 0.137 42003.dat
1 0 40 -12.65 18.45 0 1 0 -0.991 0 -0.137 -0.137 0 0.991 2780.dat
1 0 40 -15.39 38.27 0 1 0 -0.991 0 -0.137 -0.137 0 0.991 2780.dat
1 25 40 -30.78 76.54 -1 0 0 0 0.991 0.137 0 0.137 -0.991 11946.dat
1 0 -40 -2.7401 19.821 -1 0 0 0 -0.137 0.991 0 0.991 0.137 42003.dat
1 0 -40 -12.6501 18.451 0 1 0 -0.991 0 -0.137 -0.137 0 0.991 2780.dat
1 0 -40 -15.3901 38.271 0 1 0 -0.991 0 -0.137 -0.137 0 0.991 2780.dat
1 25 -40 -30.7801 76.541 -1 0 0 0 0.991 0.137 0 0.137 -0.991 11947.dat
1 0 30 -33.7339 -47.6063 1 0 0 0 -0.66236 0.74924 0 -0.74924 -0.66236 32013.dat
1 4 30 -75.8983 110.7023 1 0 0 0 -0.875 -0.485 0 0.485 -0.875 32039.dat
1 0 -30 -33.7339 -47.6063 1 0 0 0 -0.66236 0.74924 0 -0.74924 -0.66236 32013.dat
1 4 -30 -75.8983 110.7023 1 0 0 0 -0.875 -0.485 0 0.485 -0.875 32039.dat
1 71 45 -33.7365 -47.6065 0 0 1 0.199159 0.980387 0 -0.980387 0.199159 0 32123.dat
1 71 -45 -33.7365 -47.6065 0 0 1 0.199159 0.980387 0 -0.980387 0.199159 0 32123.dat
