0 Main
0 Name: 9396-1 - Helicopter.mpd
0 Author: LTRON
1 72 60 19.9646 -181.189 0 1 0 1 0 0 0 0 -1 32140.dat
1 0 50 19.9646 -241.189 -1 0 0 0 1 0 0 0 -1 3673.dat
1 0 50 19.9646 -221.189 -1 0 0 0 1 0 0 0 -1 3673.dat
1 1 50 19.9646 -181.189 1 0 0 0 1 0 0 0 1 3749.dat
1 14 45 -0.0354 -241.189 0 1 0 1 0 0 0 0 -1 32250.dat
1 14 35 -0.0354 -241.189 0 1 0 1 0 0 0 0 -1 32250.dat
1 28 40 39.9646 -241.189 1 0 0 0 1 0 0 0 1 6587.dat
1 71 0 -0.0354 -321.189 1 0 0 0 1 0 0 0 1 32073.dat
1 71 0 39.9646 -241.189 0 0 1 0 1 0 -1 0 0 32034.dat
1 72 60 19.9646 18.8109 0 1 0 1 0 0 0 0 -1 32140.dat
1 1 70 19.9646 18.8109 -1 0 0 0 1 0 0 0 -1 3749.dat
1 0 70 39.9646 -41.1891 -1 0 0 0 1 0 0 0 -1 3673.dat
1 0 50 19.9646 -41.1891 -1 0 0 0 1 0 0 0 -1 3673.dat
1 1 60 19.9646 -21.1891 1 0 0 0 1 0 0 0 1 32556.dat
1 0 40 19.9646 -101.189 0 1 0 -1 0 0 0 0 1 41239.dat
1 0 50 19.9646 -161.189 -1 0 0 0 1 0 0 0 -1 3673.dat
1 0 50 19.9646 -121.189 -1 0 0 0 1 0 0 0 -1 3673.dat
1 71 0 -20.0354 -241.189 1 0 0 0 1 0 0 0 1 32073.dat
1 71 0 -20.0354 -241.189 0 1 0 0 0 1 1 0 0 60483.dat
1 71 -15 -40.0354 -241.189 0 1 0 0 0 1 1 0 0 32056.dat
1 71 15 -40.0354 -241.189 0 1 0 0 0 1 1 0 0 32056.dat
1 71 0 -0.0354 -241.189 1 0 0 0 1 0 0 0 1 32073.dat
1 71 25 -40.0354 -241.189 0 1 0 0 0 1 1 0 0 32056.dat
1 71 -25 -40.0354 -241.189 0 1 0 0 0 1 1 0 0 32056.dat
1 14 0 -19.3247 -315.905 0 1 0 0.264213 0 0.964464 0.964464 0 -0.264213 32523.dat
1 1 0 -38.614 -310.621 1 0 0 0 0.99903 0.044044 0 -0.044044 0.99903 32556.dat
1 1 0 -19.3247 -315.905 1 0 0 0 0.964464 0.264213 0 -0.264213 0.964464 32556.dat
1 14 20 -9.68 -318.547 0 -1 0 0.264213 0 -0.964464 0.964464 0 0.264213 43857.dat
1 14 -20 -9.68 -318.547 0 -1 0 0.264213 0 -0.964464 0.964464 0 0.264213 43857.dat
1 14 -35 -0.0354 -241.189 0 1 0 1 0 0 0 0 -1 32250.dat
1 14 -45 -0.0354 -241.189 0 1 0 1 0 0 0 0 -1 32250.dat
1 71 -20 19.9646 -201.189 1 0 0 0 0.923879 0.382683 0 -0.382683 0.923879 32073.dat
1 71 40 19.9646 -201.189 1 0 0 0 0.923879 0.382683 0 -0.382683 0.923879 32054.dat
1 71 0 35.2719 -164.234 0 -1 0 -0.923879 0 -0.382683 0.382683 0 -0.923879 32316.dat
1 19 0 50.5793 -127.279 1 0 0 0 0.923879 0.382683 0 -0.382683 0.923879 32556.dat
1 71 -20 19.9646 -201.189 0 0 -1 0.382683 0.923879 0 0.923879 -0.382683 0 3713.dat
1 71 -20 50.5793 -127.279 0 0 -1 0.382683 0.923879 0 0.923879 -0.382683 0 42610.dat
1 71 20 50.5793 -127.279 0 0 -1 0.382683 0.923879 0 0.923879 -0.382683 0 42610.dat
1 256 20 50.5793 -127.279 0 0 -1 0.382683 0.923879 0 0.923879 -0.382683 0 51011.dat
1 256 -20 50.5793 -127.279 0 0 -1 0.382683 0.923879 0 0.923879 -0.382683 0 51011.dat
1 72 30 19.9646 -1.1891 1 0 0 0 0.059457 -0.998231 0 0.998231 0.059457 87083.dat
1 14 -15 5.7645 -158.82 0 1 0 0.18046 0 0.983582 0.983582 0 -0.18046 32449.dat
1 19 -10 -23.743 -153.406 -1 0 0 0 -0.18046 -0.983582 0 -0.983582 0.18046 3749.dat
1 19 -10 35.2719 -164.234 -1 0 0 0 -0.18046 -0.983582 0 -0.983582 0.18046 3749.dat
1 72 80 19.9646 78.8109 0 1 0 1 0 0 0 0 -1 32525.dat
1 0 70 19.9646 118.811 -1 0 0 0 1 0 0 0 -1 3673.dat
1 72 20 19.9646 -1.1891 0 -1 0 0.059457 0 -0.998231 0.998231 0 0.059457 32140.dat
1 71 -10 19.9646 -1.1891 0 0 -1 -0.998231 0.059457 0 0.059457 0.998231 0 59443.dat
1 0 -50 19.9646 -241.189 -1 0 0 0 1 0 0 0 -1 3673.dat
1 71 -40 19.9646 -1.1891 -1 0 0 0 0.059457 0.998231 0 0.998231 -0.059457 4519.dat
1 0 -40 19.9646 -101.189 0 1 0 -1 0 0 0 0 1 41239.dat
1 1 -60 19.9646 -21.1891 -1 0 0 0 1 0 0 0 -1 32556.dat
1 0 -50 19.9646 -41.1891 -1 0 0 0 1 0 0 0 -1 3673.dat
1 72 -60 19.9646 18.8109 0 1 0 1 0 0 0 0 -1 32140.dat
1 0 -70 39.9646 -41.1891 -1 0 0 0 1 0 0 0 -1 3673.dat
1 1 -70 19.9646 18.8109 1 0 0 0 1 0 0 0 1 3749.dat
1 0 -50 19.9646 -221.189 -1 0 0 0 1 0 0 0 -1 3673.dat
1 0 -50 19.9646 -161.189 -1 0 0 0 1 0 0 0 -1 3673.dat
1 0 -50 19.9646 -121.189 -1 0 0 0 1 0 0 0 -1 3673.dat
1 1 -50 19.9646 -181.189 -1 0 0 0 1 0 0 0 -1 3749.dat
1 72 -60 19.9646 -181.189 0 1 0 1 0 0 0 0 -1 32140.dat
1 28 -40 39.9646 -241.189 -1 0 0 0 1 0 0 0 -1 6587.dat
1 71 -20 -0.0354 -121.189 1 0 0 0 0.59269 -0.805431 0 0.805431 0.59269 32073.dat
1 71 30 -0.0354 -121.189 0 0 -1 -0.805431 0.59269 0 0.59269 0.805431 0 59443.dat
1 19 50 -0.0354 -121.189 -1 0 0 0 0.59269 0.805431 0 0.805431 -0.59269 3749.dat
1 72 0 -0.0354 -121.189 0 -1 0 -0.805431 0 -0.59269 0.59269 0 -0.805431 32140.dat
1 71 -20 -0.0354 -121.189 0 1 0 -0.59269 0 -0.805431 -0.805431 0 0.59269 33299.dat
1 71 -40 -0.0354 -121.189 0 0 1 0.805431 0.59269 0 -0.59269 0.805431 0 3713.dat
1 72 0 -35.4964 -37.5692 0 1 0 -0.998537 0 -0.054062 -0.054062 0 0.998537 32524.dat
1 1 -10 -51.7054 -157.661 -1 0 0 0 0.59269 0.805431 0 0.805431 -0.59269 3749.dat
1 14 60 29.9646 118.811 0 -1 0 0 0 -1 1 0 0 43857.dat
1 0 70 39.9646 118.811 -1 0 0 0 1 0 0 0 -1 3673.dat
1 1 -40 -120.035 -121.189 0 -1 0 0 0 1 -1 0 0 32526.dat
1 0 -50 -40.0354 -141.189 -1 0 0 0 1 0 0 0 -1 3673.dat
1 0 -50 -80.0354 -121.189 -1 0 0 0 1 0 0 0 -1 3673.dat
1 1 -60 -40.0354 -121.189 -1 0 0 0 1 0 0 0 -1 32556.dat
1 1 -60 -60.0354 -121.189 -1 0 0 0 1 0 0 0 -1 32556.dat
1 1 -60 -120.035 -121.189 -1 0 0 0 1 0 0 0 -1 32556.dat
1 71 -60 -40.0354 -161.189 0 1 0 -1 0 0 0 0 1 60483.dat
1 71 -60 -100.035 -121.189 0 1 0 0 0 1 1 0 0 32523.dat
1 72 -60 -60.0354 -121.189 0 -1 0 0 0 1 -1 0 0 32526.dat
1 71 -60 -40.0354 -161.189 1 0 0 0 1 0 0 0 1 4519.dat
1 1 -80 -120.035 -121.189 0 -1 0 0 0 1 -1 0 0 32526.dat
1 72 60 -60.0354 -121.189 0 -1 0 0 0 1 -1 0 0 32526.dat
1 1 60 -60.0354 -121.189 -1 0 0 0 1 0 0 0 -1 32556.dat
1 1 60 -40.0354 -121.189 -1 0 0 0 1 0 0 0 -1 32556.dat
1 0 70 -80.0354 -121.189 -1 0 0 0 1 0 0 0 -1 3673.dat
1 0 70 -40.0354 -141.189 -1 0 0 0 1 0 0 0 -1 3673.dat
1 1 80 -120.035 -121.189 0 -1 0 0 0 1 -1 0 0 32526.dat
1 1 40 -120.035 -121.189 0 -1 0 0 0 1 -1 0 0 32526.dat
1 71 60 -100.035 -121.189 0 1 0 0 0 1 1 0 0 32523.dat
1 71 60 -40.0354 -161.189 0 1 0 -1 0 0 0 0 1 60483.dat
1 71 60 -40.0354 -161.189 1 0 0 0 1 0 0 0 1 4519.dat
1 1 60 -120.035 -121.189 -1 0 0 0 1 0 0 0 -1 32556.dat
1 71 20 -40.0354 118.811 0 1 0 0 0 1 1 0 0 32523.dat
1 1 0 -40.0354 118.811 -1 0 0 0 1 0 0 0 -1 32556.dat
1 14 0 -30.0354 118.811 0 -1 0 0 0 -1 1 0 0 43857.dat
1 71 0 -60.0354 118.811 -1 0 0 0 1 0 0 0 -1 87082.dat
1 72 0 -90.0354 118.811 0 1 0 1 0 0 0 0 -1 87083.dat
1 71 -20 -40.0354 118.811 0 1 0 0 0 1 1 0 0 32523.dat
1 71 0 -20.0354 118.811 -1 0 0 0 1 0 0 0 -1 32073.dat
1 71 45 -20.0354 158.811 0 -1 0 0 0 1 -1 0 0 32056.dat
1 71 35 -20.0354 158.811 0 -1 0 0 0 1 -1 0 0 32056.dat
1 71 -35 -20.0354 158.811 0 -1 0 0 0 1 -1 0 0 32056.dat
1 71 -45 -20.0354 158.811 0 -1 0 0 0 1 -1 0 0 32056.dat
1 1 -50 19.9646 158.811 1 0 0 0 1 0 0 0 1 3749.dat
1 1 50 19.9646 158.811 -1 0 0 0 1 0 0 0 -1 3749.dat
1 0 60 19.9646 278.811 0 -1 0 -1 0 0 0 0 -1 32278.dat
1 71 60 19.9646 138.811 1 0 0 0 1 0 0 0 1 32054.dat
1 71 60 19.9646 418.811 1 0 0 0 1 0 0 0 1 32054.dat
1 0 70 19.9646 178.811 -1 0 0 0 1 0 0 0 -1 3673.dat
1 0 70 19.9646 198.811 -1 0 0 0 1 0 0 0 -1 3673.dat
1 0 70 19.9646 218.811 -1 0 0 0 1 0 0 0 -1 3673.dat
1 71 0 19.9646 138.811 -1 0 0 0 1 0 0 0 -1 32073.dat
1 71 0 19.9646 418.811 -1 0 0 0 1 0 0 0 -1 32073.dat
1 71 -60 19.9646 418.811 -1 0 0 0 1 0 0 0 -1 32054.dat
1 71 -60 19.9646 138.811 -1 0 0 0 1 0 0 0 -1 32054.dat
1 0 -60 19.9646 278.811 0 -1 0 -1 0 0 0 0 -1 32278.dat
1 0 -70 19.9646 178.811 -1 0 0 0 1 0 0 0 -1 3673.dat
1 0 -70 19.9646 198.811 -1 0 0 0 1 0 0 0 -1 3673.dat
1 0 -70 19.9646 218.811 -1 0 0 0 1 0 0 0 -1 3673.dat
1 72 -80 19.9646 78.8109 0 1 0 1 0 0 0 0 -1 32525.dat
1 0 -70 19.9646 118.811 1 0 0 0 1 0 0 0 1 3673.dat
1 0 -70 39.9646 118.811 1 0 0 0 1 0 0 0 1 3673.dat
1 14 -60 29.9646 118.811 0 1 0 0 0 -1 -1 0 0 43857.dat
1 0 -40 -60.0354 -101.189 -1 0 0 0 0 1 0 1 0 6536.dat
1 1 -40 -50.0354 -81.1891 0 0 1 1 0 0 0 1 0 3749.dat
1 71 -40 -60.0354 -101.189 -1 0 0 0 0 1 0 1 0 4519.dat
1 71 -10 -60.0354 -101.189 0 0 1 1 0 0 0 1 0 59443.dat
1 71 -70 -60.0354 -101.189 0 0 1 1 0 0 0 1 0 59443.dat
1 0 30 -60.0354 -101.189 -1 0 0 0 1 0 0 0 -1 3705.dat
1 71 70 -60.0354 -101.189 0 0 1 1 0 0 0 1 0 59443.dat
1 14 -40 -20.0354 -81.1891 1 0 0 0 0 1 0 -1 0 32013.dat
1 71 -50 -20.0354 -81.1891 1 0 0 0 1 0 0 0 1 3673.dat
1 0 -60 -20.0354 38.8109 0 1 0 -1 0 0 0 0 1 41239.dat
1 28 -40 -20.0354 158.811 -1 0 0 0 1 0 0 0 -1 6587.dat
1 72 -80 -40.0354 218.811 0 -1 0 0 0 1 -1 0 0 32140.dat
1 72 30 -38.7401 22.3429 -1 0 0 0 0.998215 0.05973 0 0.05973 -0.998215 87083.dat
1 71 40 -38.7401 22.3429 0 1 0 -0.998215 0 -0.05973 -0.05973 0 0.998215 33299.dat
1 1 50 -39.9347 42.3072 -1 0 0 0 0.998215 0.05973 0 0.05973 -0.998215 3749.dat
1 0 60 -48.2968 182.057 0 -1 0 -0.998215 0 0.05973 -0.05973 0 -0.998215 32278.dat
1 19 80 -56.659 321.807 1 0 0 0 0.998215 -0.05973 0 0.05973 0.998215 32556.dat
1 71 80 -43.4277 359.556 0 -1 0 -0.943707 0 -0.330784 0.330784 0 -0.943707 32316.dat
1 0 70 -30.1963 397.304 -1 0 0 0 0.943707 -0.330784 0 -0.330784 -0.943707 3673.dat
1 0 70 -43.4277 359.556 -1 0 0 0 0.943707 -0.330784 0 -0.330784 -0.943707 3673.dat
1 71 60 -30.1963 397.304 0 -1 0 -0.943707 0 -0.330784 0.330784 0 -0.943707 32316.dat
1 72 -90 19.9646 298.811 1 0 0 0 0.961045 -0.276391 0 0.276391 0.961045 87083.dat
1 72 -80 36.5481 241.148 0 1 0 -0.961045 0 -0.276391 -0.276391 0 0.961045 32140.dat
1 0 -90 0.7437 293.283 -1 0 0 0 0.961045 0.276391 0 0.276391 -0.961045 3673.dat
1 19 -90 36.5481 241.148 1 0 0 0 0.961045 -0.276391 0 0.276391 0.961045 3749.dat
1 72 -100 19.9646 298.811 0 -1 0 -0.276391 0 -0.961045 0.961045 0 -0.276391 32140.dat
1 71 -90 -43.2259 301.449 -1 0 0 0 0.961045 0.276391 0 0.276391 -0.961045 3673.dat
1 72 80 -40.0354 218.811 0 -1 0 0 0 1 -1 0 0 32140.dat
1 72 90 19.9646 298.811 -1 0 0 0 1 0 0 0 -1 87083.dat
1 72 81 2.7173 241.343 0 1 0 -0.957794 0 0.287456 0.287456 0 0.957794 32140.dat
1 0 91 0.8087 304.56 -1 0 0 0 0.957794 -0.287456 0 -0.287456 -0.957794 3673.dat
1 19 91 2.7173 241.343 -1 0 0 0 0.957794 -0.287456 0 -0.287456 -0.957794 3749.dat
1 71 101 -18.3471 310.309 0 -1 0 -0.287456 0 0.957794 -0.957794 0 -0.287456 32316.dat
1 71 -140 19.9646 318.811 1 0 0 0 1 0 0 0 1 32073.dat
1 0 140 19.9646 318.811 -1 0 0 0 0 -1 0 -1 0 6536.dat
1 4 125 19.9646 318.811 0 1 0 1 0 0 0 0 -1 41677.dat
1 4 115 19.9646 318.811 0 1 0 1 0 0 0 0 -1 41677.dat
1 71 -80 19.9646 318.811 1 0 0 0 1 0 0 0 1 32054.dat
1 0 80 19.9646 398.811 0 -1 0 -1 0 0 0 0 -1 40490.dat
1 0 90 19.9646 338.811 -1 0 0 0 1 0 0 0 -1 3673.dat
1 14 -120 19.9646 308.811 0 -1 0 1 0 0 0 0 1 43857.dat
1 0 -140 19.9646 318.811 1 0 0 0 0 1 0 -1 0 6536.dat
1 0 -80 19.9646 398.811 0 -1 0 -1 0 0 0 0 -1 40490.dat
1 0 -90 19.9646 338.811 -1 0 0 0 1 0 0 0 -1 3673.dat
1 0 -80 -28.9712 380.18 0 -1 0 -0.984151 0 -0.178185 0.178185 0 -0.984151 40490.dat
1 71 -70 -14.7211 458.889 -1 0 0 0 0.980754 -0.195247 0 -0.195247 -0.980754 3673.dat
1 71 80 19.9646 318.811 -1 0 0 0 1 0 0 0 -1 32054.dat
1 71 140 19.9646 318.811 -1 0 0 0 1 0 0 0 -1 32073.dat
1 14 100 -0.0354 38.8109 1 0 0 0 -1 0 0 0 -1 62531.dat
1 0 80 39.9646 148.811 0 0 1 0 1 0 -1 0 0 3673.dat
1 1 100 -0.0354 158.811 0 0 -1 0 1 0 1 0 0 32556.dat
1 1 100 -0.0354 -81.1891 0 0 1 0 1 0 -1 0 0 32556.dat
1 14 100 -100.035 158.811 1 0 0 0 0 -1 0 1 0 32525.dat
1 14 -100 -0.0354 38.8109 -1 0 0 0 -1 0 0 0 1 62531.dat
1 1 -100 -0.0354 -81.1891 0 0 1 0 1 0 -1 0 0 32556.dat
1 1 -100 -0.0354 158.811 0 0 -1 0 1 0 1 0 0 32556.dat
1 0 -80 39.9646 148.811 0 0 1 0 1 0 -1 0 0 3673.dat
1 14 -100 -100.035 158.811 1 0 0 0 0 -1 0 1 0 32525.dat
1 4 0 39.9646 158.811 0 0 -1 -1 0 0 0 1 0 32525.dat
1 0 -60 39.9646 168.811 0 0 1 0 1 0 -1 0 0 3673.dat
1 0 60 39.9646 168.811 0 0 1 0 1 0 -1 0 0 3673.dat
1 71 -20 39.9646 158.811 0 0 -1 0 1 0 1 0 0 32054.dat
1 71 20 39.9646 158.811 0 0 -1 0 1 0 1 0 0 32054.dat
1 4 100 -40.0354 178.811 -1 0 0 0 0 1 0 1 0 32526.dat
1 71 90 39.9646 198.811 0 1 0 0 0 1 1 0 0 32138.dat
1 4 100 39.9646 218.811 0 -1 0 -1 0 0 0 0 -1 42003.dat
1 4 -100 -40.0354 178.811 1 0 0 0 0 1 0 -1 0 32526.dat
1 71 -90 39.9646 198.811 0 1 0 0 0 1 1 0 0 32138.dat
1 4 -100 39.9646 218.811 0 1 0 1 0 0 0 0 -1 42003.dat
1 14 -60 19.9646 -101.189 1 0 0 0 1 0 0 0 1 6536.dat
1 1 -50 19.9646 -101.189 -1 0 0 0 1 0 0 0 -1 3749.dat
1 71 -60 39.9646 -101.189 0 0 -1 0 1 0 1 0 0 32054.dat
1 1 50 19.9646 -101.189 1 0 0 0 1 0 0 0 1 3749.dat
1 14 60 19.9646 -101.189 1 0 0 0 1 0 0 0 1 6536.dat
1 71 60 39.9646 -101.189 0 0 -1 0 1 0 1 0 0 32054.dat
1 14 0 39.9646 -81.1891 0 0 -1 -1 0 0 0 1 0 40490.dat
1 1 -80 39.9646 -81.1891 0 0 -1 0 1 0 1 0 0 32556.dat
1 1 80 39.9646 -81.1891 0 0 -1 0 1 0 1 0 0 32556.dat
1 1 90 -0.0354 218.811 1 0 0 0 1 0 0 0 1 3749.dat
1 4 120 -0.0354 218.811 0 0 1 -1 0 0 0 -1 0 32013.dat
1 1 -90 -0.0354 218.811 -1 0 0 0 1 0 0 0 -1 3749.dat
1 4 -120 -0.0354 218.811 0 0 -1 -1 0 0 0 1 0 32013.dat
1 4 100 -20.0354 218.811 1 0 0 0 1 0 0 0 1 32013.dat
1 0 90 -20.0354 218.811 -1 0 0 0 1 0 0 0 -1 3673.dat
1 0 -90 -20.0354 218.811 1 0 0 0 -1 0 0 0 -1 3673.dat
1 4 -100 -20.0354 218.811 -1 0 0 0 -1 0 0 0 1 32013.dat
1 0 0 -210.035 118.811 0 0 -1 -1 0 0 0 1 0 3707.dat
1 71 0 -130.035 118.811 1 0 0 0 0 -1 0 1 0 59443.dat
1 71 100 -20.0354 168.811 0 0 -1 0 1 0 1 0 0 3705.dat
1 14 100 -20.0354 128.811 1 0 0 0 1 0 0 0 1 59443.dat
1 14 -100 -20.0354 128.811 1 0 0 0 1 0 0 0 1 59443.dat
1 71 -100 -20.0354 168.811 0 0 -1 0 1 0 1 0 0 3705.dat
1 14 -100 -100.035 118.811 1 0 0 0 0 -1 0 1 0 32524.dat
1 71 -100 -40.0354 158.811 0 0 -1 0 1 0 1 0 0 32054.dat
1 1 -100 -40.0354 128.811 0 0 -1 0 1 0 1 0 0 3749.dat
1 71 -100 -140.035 138.811 0 0 -1 0 1 0 1 0 0 87082.dat
1 71 100 -40.0354 158.811 0 0 -1 0 1 0 1 0 0 32054.dat
1 1 100 -40.0354 128.811 0 0 -1 0 1 0 1 0 0 3749.dat
1 14 100 -100.035 118.811 1 0 0 0 0 -1 0 1 0 32524.dat
1 71 100 -140.035 138.811 0 0 -1 0 1 0 1 0 0 87082.dat
1 14 -120 -140.035 18.8109 -1 0 0 0 -1 0 0 0 1 40490.dat
1 0 -120 -130.035 98.8109 0 1 0 1 0 0 0 0 -1 3673.dat
1 0 -120 -130.035 18.8109 0 1 0 1 0 0 0 0 -1 3673.dat
1 0 -120 -130.035 -61.1891 0 1 0 1 0 0 0 0 -1 3673.dat
1 14 -120 -110.035 98.8109 0 1 0 1 0 0 0 0 -1 62462.dat
1 14 -120 -110.035 18.8109 0 1 0 1 0 0 0 0 -1 62462.dat
1 14 -120 -110.035 -61.1891 0 1 0 1 0 0 0 0 -1 62462.dat
1 1 -120 -80.0354 98.8109 0 1 0 1 0 0 0 0 -1 32556.dat
1 1 -120 -80.0354 18.8109 0 1 0 1 0 0 0 0 -1 32556.dat
1 1 -120 -80.0354 -61.1891 0 1 0 1 0 0 0 0 -1 32556.dat
1 14 -120 -80.0354 38.8109 -1 0 0 0 -1 0 0 0 1 32524.dat
1 14 -100 -80.0354 -51.1891 0 0 1 0 -1 0 1 0 0 41678.dat
1 0 -120 -70.0354 -41.1891 0 1 0 1 0 0 0 0 -1 3673.dat
1 14 -120 -60.0354 18.8109 -1 0 0 0 -1 0 0 0 1 40490.dat
1 1 -120 -40.0354 58.8109 0 1 0 1 0 0 0 0 -1 32556.dat
1 1 -120 -40.0354 -21.1891 0 1 0 1 0 0 0 0 -1 32556.dat
1 14 -120 -40.0354 18.8109 -1 0 0 0 -1 0 0 0 1 40490.dat
1 14 -120 -20.0354 38.8109 -1 0 0 0 -1 0 0 0 1 32524.dat
1 1 -120 -30.0354 -41.1891 0 1 0 1 0 0 0 0 -1 3749.dat
1 14 -120 -20.0354 -41.1891 0 1 0 1 0 0 0 0 -1 6536.dat
1 1 -120 -30.0354 -61.1891 0 1 0 1 0 0 0 0 -1 3749.dat
1 14 -120 -20.0354 -61.1891 0 1 0 1 0 0 0 0 -1 6536.dat
1 0 -100 -80.0354 28.8109 0 0 -1 0 1 0 1 0 0 3708.dat
1 14 -100 -80.0354 -81.1891 -1 0 0 0 0 -1 0 -1 0 40490.dat
1 0 -100 -20.0354 8.8109 0 0 -1 0 1 0 1 0 0 3708.dat
1 14 -100 -40.0354 -101.189 0 0 1 0 -1 0 1 0 0 42003.dat
1 71 -110 -40.0354 -101.189 -1 0 0 0 1 0 0 0 -1 4274.dat
1 71 -100 -60.0354 -101.189 1 0 0 0 1 0 0 0 1 4519.dat
1 0 -120 -60.0354 -101.189 1 0 0 0 0 1 0 -1 0 6553.dat
1 14 -100 -20.0354 -181.189 1 0 0 0 1 0 0 0 1 32140.dat
1 0 -100 -10.0354 -141.189 0 -1 0 -1 0 0 0 0 -1 3673.dat
1 1 -100 -10.0354 -181.189 0 -1 0 -1 0 0 0 0 -1 3749.dat
1 14 -100 -0.0354 -101.189 1 0 0 0 -1 0 0 0 -1 64391.dat
1 14 -60 4.9646 -241.189 0 0 -1 0 1 0 1 0 0 6632.dat
1 4 -60 -10.0354 -241.189 0 0 -1 -1 0 0 0 1 0 32062.dat
1 14 -60 -5.0354 -241.189 -1 0 0 0 1 0 0 0 -1 32250.dat
1 71 -40 -20.0354 -241.189 0 0 1 1 0 0 0 1 0 32039.dat
1 14 120 -140.035 18.8108 -1 0 0 0 -1 0 0 0 1 40490.dat
1 0 120 -130.035 98.8109 0 1 0 -1 0 0 0 0 1 3673.dat
1 0 120 -130.035 18.8108 0 1 0 -1 0 0 0 0 1 3673.dat
1 0 120 -130.035 -61.1891 0 1 0 -1 0 0 0 0 1 3673.dat
1 14 120 -110.035 98.8109 0 1 0 -1 0 0 0 0 1 62462.dat
1 14 120 -110.035 18.8108 0 1 0 -1 0 0 0 0 1 62462.dat
1 14 120 -110.035 -61.1891 0 1 0 -1 0 0 0 0 1 62462.dat
1 1 120 -80.0354 98.8109 0 1 0 1 0 0 0 0 -1 32556.dat
1 1 120 -80.0354 18.8108 0 1 0 1 0 0 0 0 -1 32556.dat
1 1 120 -80.0354 -61.1891 0 1 0 1 0 0 0 0 -1 32556.dat
1 14 120 -80.0354 38.8109 -1 0 0 0 -1 0 0 0 1 32524.dat
1 14 100 -80.0354 -51.1891 0 0 -1 0 1 0 1 0 0 41678.dat
1 0 120 -70.0354 -41.1891 0 1 0 1 0 0 0 0 -1 3673.dat
1 14 120 -60.0354 18.8108 -1 0 0 0 -1 0 0 0 1 40490.dat
1 1 120 -40.0354 58.8109 0 1 0 1 0 0 0 0 -1 32556.dat
1 1 120 -40.0354 -21.1892 0 1 0 1 0 0 0 0 -1 32556.dat
1 14 120 -40.0354 18.8108 -1 0 0 0 -1 0 0 0 1 40490.dat
1 14 120 -20.0354 -41.1891 0 -1 0 1 0 0 0 0 1 6536.dat
1 1 120 -30.0354 -41.1891 0 -1 0 1 0 0 0 0 1 3749.dat
1 1 120 -30.0354 -61.1891 0 -1 0 1 0 0 0 0 1 3749.dat
1 14 120 -20.0354 -61.1891 0 -1 0 1 0 0 0 0 1 6536.dat
1 14 120 -20.0354 38.8109 -1 0 0 0 -1 0 0 0 1 32524.dat
1 0 100 -80.0354 28.8108 0 0 -1 0 1 0 1 0 0 3708.dat
1 14 100 -80.0354 -81.1891 -1 0 0 0 0 -1 0 -1 0 40490.dat
1 0 100 -20.0354 8.8109 0 0 -1 0 1 0 1 0 0 3708.dat
1 14 100 -40.0354 -101.189 0 0 1 0 -1 0 1 0 0 42003.dat
1 71 110 -40.0354 -101.189 1 0 0 0 1 0 0 0 1 4274.dat
1 14 100 -20.0354 -181.189 -1 0 0 0 -1 0 0 0 1 32140.dat
1 1 100 -10.0354 -181.189 0 -1 0 -1 0 0 0 0 -1 3749.dat
1 0 100 -10.0354 -141.189 0 -1 0 -1 0 0 0 0 -1 3673.dat
1 14 100 -0.0354 -101.189 1 0 0 0 -1 0 0 0 -1 64683.dat
1 14 60 4.9646 -241.189 0 0 1 0 1 0 -1 0 0 6632.dat
1 4 60 -10.0354 -241.189 0 0 -1 -1 0 0 0 1 0 32062.dat
1 14 60 -5.0354 -241.189 1 0 0 0 -1 0 0 0 -1 32250.dat
1 71 40 -20.0354 -241.189 0 0 -1 1 0 0 0 -1 0 32039.dat
1 71 100 -60.0354 -101.189 -1 0 0 0 -1 0 0 0 1 4519.dat
1 0 120 -60.0354 -101.189 -1 0 0 0 0 -1 0 -1 0 6553.dat
1 0 -40 -38.614 -310.621 0 -1 0 0.887207 0 -0.461371 0.461371 0 0.887207 32526.dat
1 1 -80 -26.5591 -206.411 1 0 0 0 0.738903 0.673812 0 -0.673812 0.738903 32556.dat
1 1 -40 -57.0688 -275.133 -1 0 0 0 0.887207 0.461371 0 0.461371 -0.887207 32556.dat
1 0 -20 -57.0688 -275.133 0 -1 0 -0.887207 0 0.461371 -0.461371 0 -0.887207 32316.dat
1 1 0 -66.2962 -257.389 1 0 0 0 0.887207 -0.461371 0 0.461371 0.887207 32556.dat
1 0 0 -66.2963 -257.388 -1 0 0 0 0.559545 0.8288 0 0.8288 -0.559545 32013.dat
1 72 0 -121.826 -219.899 0 0 -1 -0.8288 0.559545 0 0.559545 0.8288 0 32209.dat
1 0 20 -57.0688 -275.133 0 -1 0 -0.887207 0 0.461371 -0.461371 0 -0.887207 32316.dat
1 1 40 -57.0688 -275.133 1 0 0 0 0.887207 -0.461371 0 0.461371 0.887207 32556.dat
1 1 40 -47.8414 -292.877 1 0 0 0 0.887207 -0.461371 0 0.461371 0.887207 32556.dat
1 0 40 -38.614 -310.621 0 -1 0 0.887207 0 -0.461371 0.461371 0 0.887207 32526.dat
1 71 -40 -40.0354 -221.19 1 0 0 0 0.673812 -0.738903 0 0.738903 0.673812 32054.dat
1 4 -70 -40.0354 -221.19 1 0 0 0 0.673812 -0.738903 0 0.738903 0.673812 32062.dat
1 71 -80 -40.0353 -221.189 0 -1 0 0.738903 0 0.673812 -0.673812 0 0.738903 60483.dat
1 0 -60 -18.9054 -187.933 0 0 -1 0.923879 -0.382683 0 -0.382683 -0.923879 0 6536.dat
1 0 -60 -46.6218 -176.452 0 0 -1 0.923879 -0.382683 0 -0.382683 -0.923879 0 3705.dat
1 71 40 -40.0354 -221.19 -1 0 0 0 0.673812 0.738903 0 0.738903 -0.673812 32054.dat
1 4 70 -40.0354 -221.19 -1 0 0 0 0.673812 0.738903 0 0.738903 -0.673812 32062.dat
1 71 80 -40.0354 -221.19 0 -1 0 0.738903 0 0.673812 -0.673812 0 0.738903 60483.dat
1 1 80 -26.5591 -206.411 1 0 0 0 0.738903 0.673812 0 -0.673812 0.738903 32556.dat
1 0 60 -18.9055 -187.933 0 0 -1 0.923879 -0.382683 0 -0.382683 -0.923879 0 6536.dat
1 0 60 -46.6219 -176.453 0 0 -1 0.923879 -0.382683 0 -0.382683 -0.923879 0 3705.dat
1 0 60 -75.5237 -239.644 0 -1 0 -0.887207 0 0.461371 -0.461371 0 -0.887207 87080.dat
1 1 -40 -47.8414 -292.877 -1 0 0 0 0.887207 0.461371 0 0.461371 -0.887207 32556.dat
1 0 -60 -75.5237 -239.644 0 1 0 0.887207 0 0.461371 0.461371 0 -0.887207 87086.dat
1 0 -60 -62.3932 -221.545 0 0 1 0.461371 0.887207 0 -0.887207 0.461371 0 3673.dat
1 0 60 -62.3933 -221.545 0 0 1 0.461371 0.887207 0 -0.887207 0.461371 0 3673.dat
1 71 0 -75.879 -217.287 1 0 0 0 0.887207 -0.461371 0 0.461371 0.887207 3702.dat
1 0 -60 -82.9767 -220.978 -1 0 0 0 0.887207 0.461371 0 0.461371 -0.887207 44728.dat
1 0 -20 -82.9767 -220.978 -1 0 0 0 0.887207 0.461371 0 0.461371 -0.887207 44728.dat
1 0 20 -82.9767 -220.978 -1 0 0 0 0.887207 0.461371 0 0.461371 -0.887207 44728.dat
1 0 60 -82.9767 -220.978 -1 0 0 0 0.887207 0.461371 0 0.461371 -0.887207 44728.dat
1 0 40 -75.3827 -192.232 -1 0 0 0 0.461371 -0.887207 0 -0.887207 -0.461371 87079.dat
1 0 -40 -75.3827 -192.232 -1 0 0 0 0.461371 -0.887207 0 -0.887207 -0.461371 87079.dat
1 0 -40 -94.6881 -215.796 -1 0 0 0 0.887207 0.461371 0 0.461371 -0.887207 87079.dat
1 0 40 -94.6881 -215.796 -1 0 0 0 0.887207 0.461371 0 0.461371 -0.887207 87079.dat
1 71 -30 -180.035 138.811 0 0 1 0 -1 0 1 0 0 59443.dat
1 71 40 -180.035 138.811 -1 0 0 0 -1 0 0 0 1 44294.dat
1 0 -70 -180.035 138.811 -1 0 0 0 -1 0 0 0 1 3705.dat
1 71 20 -180.035 138.811 0 0 1 0 -1 0 1 0 0 3713.dat
1 71 40 -180.035 138.811 1 0 0 0 1 0 0 0 1 63869.dat
1 0 0 -180.035 138.811 1 0 0 0 0 1 0 -1 0 6536.dat
1 14 -55 -180.035 138.811 0 -1 0 1 0 0 0 0 1 6632.dat
1 14 -65 -180.035 138.811 0 -1 0 1 0 0 0 0 1 6632.dat
1 71 60 -180.035 198.811 0 -1 0 -1 0 0 0 0 -1 2825.dat
1 14 65 -180.035 138.811 0 -1 0 1 0 0 0 0 1 6632.dat
1 0 -70 -180.035 158.811 -1 0 0 0 -1 0 0 0 1 3673.dat
1 0 70 -180.035 158.811 -1 0 0 0 -1 0 0 0 1 3673.dat
1 1 70 -180.035 198.811 -1 0 0 0 -1 0 0 0 1 3749.dat
1 14 80 -180.035 38.8109 0 -1 0 1 0 0 0 0 1 32278.dat
1 0 90 -180.035 78.8109 -1 0 0 0 -1 0 0 0 1 3673.dat
1 0 90 -180.035 38.8109 -1 0 0 0 -1 0 0 0 1 3673.dat
1 0 70 -180.035 -1.1891 -1 0 0 0 -1 0 0 0 1 3673.dat
1 1 80 -180.035 -41.1891 1 0 0 0 -1 0 0 0 -1 32556.dat
1 0 40 -160.035 128.811 0 0 -1 -1 0 0 0 1 0 87408.dat
1 1 60 -160.035 128.811 0 0 -1 0 -1 0 -1 0 0 3749.dat
1 1 20 -160.035 128.811 0 0 -1 0 -1 0 -1 0 0 3749.dat
1 0 40 -160.035 128.811 0 0 -1 0 -1 0 -1 0 0 3705.dat
1 71 40 -160.035 168.811 -1 0 0 0 -1 0 0 0 1 59443.dat
1 19 40 -160.035 208.811 0 0 1 0 -1 0 1 0 0 99008.dat
1 19 40 -160.035 105.811 1 0 0 0 -1 0 0 0 -1 6589.dat
1 72 90 -160.035 78.8109 -1 0 0 0 -1 0 0 0 1 55013.dat
1 19 23 -160.035 78.8109 0 0 -1 0 -1 0 -1 0 0 32198.dat
1 14 75 -160.035 78.8109 0 0 -1 0 -1 0 -1 0 0 32123.dat
1 14 85 -160.035 78.8109 0 0 -1 0 -1 0 -1 0 0 32123.dat
1 14 100 -180.035 138.811 0 1 0 1 0 0 0 0 -1 32140.dat
1 71 120 -160.035 78.8109 0 0 -1 0 -1 0 -1 0 0 3713.dat
1 14 135 -160.035 78.8109 0 0 -1 0 -1 0 -1 0 0 32123.dat
1 0 150 -160.035 78.8109 0 0 -1 0 -1 0 -1 0 0 32269.dat
1 14 165 -160.035 78.8109 0 0 -1 0 -1 0 -1 0 0 32123.dat
1 14 100 -180.035 -41.1891 0 1 0 -1 0 0 0 0 1 32526.dat
1 71 5 -180.035 -101.189 -1 0 0 0 -1 0 0 0 1 44294.dat
1 71 80 -180.035 -101.189 1 0 0 0 -1 0 0 0 -1 32054.dat
1 71 -79 -180.035 -101.189 -1 0 0 0 -1 0 0 0 1 32054.dat
1 71 60 -200.035 -21.1891 0 0 -1 0 1 0 1 0 0 63869.dat
1 1 60 -200.035 -31.1891 0 0 1 0 -1 0 1 0 0 3749.dat
1 14 -80 -180.035 38.8109 0 -1 0 1 0 0 0 0 1 32278.dat
1 0 -90 -180.035 38.8109 -1 0 0 0 -1 0 0 0 1 3673.dat
1 0 -90 -180.035 58.8109 -1 0 0 0 -1 0 0 0 1 3673.dat
1 14 -100 -180.035 -41.1891 0 1 0 -1 0 0 0 0 1 32526.dat
1 0 -110 -180.035 -1.1891 -1 0 0 0 -1 0 0 0 1 3673.dat
1 71 -120 -200.035 -21.1891 0 0 -1 0 1 0 1 0 0 63869.dat
1 1 -120 -200.035 -31.1891 0 0 1 0 -1 0 1 0 0 3749.dat
1 14 -100 -180.035 98.8109 0 1 0 -1 0 0 0 0 1 32316.dat
1 71 -80 -180.035 178.811 -1 0 0 0 -1 0 0 0 1 4519.dat
1 14 -100 -180.035 178.811 1 0 0 0 1 0 0 0 1 6536.dat
1 71 80 -180.035 178.811 1 0 0 0 -1 0 0 0 -1 4519.dat
1 14 100 -180.035 178.811 -1 0 0 0 1 0 0 0 -1 6536.dat
1 1 90 -180.035 -61.1891 1 0 0 0 -1 0 0 0 -1 3749.dat
1 14 100 -160.035 -61.1891 1 0 0 0 1 0 0 0 1 42003.dat
1 1 -90 -180.035 -61.1891 -1 0 0 0 -1 0 0 0 1 3749.dat
1 14 -100 -160.035 -61.1891 -1 0 0 0 1 0 0 0 -1 42003.dat
1 1 -100 -160.035 178.811 0 0 1 0 1 0 -1 0 0 32556.dat
1 1 100 -160.035 178.811 0 0 1 0 1 0 -1 0 0 32556.dat
1 1 100 -160.035 -81.1891 0 0 -1 0 1 0 1 0 0 32556.dat
1 1 100 -140.035 -81.1891 0 0 -1 0 1 0 1 0 0 32556.dat
1 1 -100 -140.035 -81.1891 0 0 -1 0 1 0 1 0 0 32556.dat
1 1 -100 -160.035 -81.1891 0 0 -1 0 1 0 1 0 0 32556.dat
1 0 0 -160.035 -121.189 0 0 -1 -1 0 0 0 1 0 40490.dat
1 0 -80 -160.035 -111.189 0 0 -1 0 1 0 1 0 0 3673.dat
1 0 -60 -160.035 -111.189 0 0 -1 0 1 0 1 0 0 3673.dat
1 0 60 -160.035 -111.189 0 0 -1 0 1 0 1 0 0 3673.dat
1 0 80 -160.035 -111.189 0 0 -1 0 1 0 1 0 0 3673.dat
1 14 100 -80.0353 -101.189 -1 0 0 0 0 -1 0 -1 0 32526.dat
1 14 -100 -80.0353 -101.189 1 0 0 0 0 -1 0 1 0 32526.dat
1 1 -90 -180.035 -121.189 1 0 0 0 1 0 0 0 1 3749.dat
1 14 -85 -180.035 -151.189 0 -1 0 1 0 0 0 0 1 32449.dat
1 14 -75 -180.035 -151.189 0 -1 0 1 0 0 0 0 1 32449.dat
1 0 -90 -180.035 -141.189 1 0 0 0 1 0 0 0 1 3673.dat
1 0 -90 -180.035 -161.189 1 0 0 0 1 0 0 0 1 3673.dat
1 71 0 -180.035 -181.189 1 0 0 0 1 0 0 0 1 60485.dat
1 14 -50 -180.035 -181.189 1 0 0 0 -1 0 0 0 -1 62462.dat
1 14 -25 -180.035 -181.189 0 -1 0 1 0 0 0 0 1 6632.dat
1 14 -15 -180.035 -181.189 0 -1 0 1 0 0 0 0 1 6632.dat
1 1 0 -180.035 -161.189 -1 0 0 0 1 0 0 0 -1 32556.dat
1 14 0 -189.925 -162.667 0 -1 0 0.147807 0 0.989016 -0.989016 0 0.147807 43857.dat
1 1 0 -199.815 -164.145 -1 0 0 0 0.989016 0.147807 0 0.147807 -0.989016 32556.dat
1 14 0 -179.963 -180.912 1 0 0 0 0.552291 -0.833651 0 0.833651 0.552291 32013.dat
1 14 15 -180.035 -181.189 0 -1 0 1 0 0 0 0 1 6632.dat
1 14 25 -180.035 -181.189 0 -1 0 1 0 0 0 0 1 6632.dat
1 14 50 -180.035 -181.189 1 0 0 0 -1 0 0 0 -1 62462.dat
1 14 75 -180.035 -151.189 0 1 0 -1 0 0 0 0 1 32449.dat
1 14 85 -180.035 -151.189 0 1 0 -1 0 0 0 0 1 32449.dat
1 0 90 -180.035 -161.189 -1 0 0 0 -1 0 0 0 1 3673.dat
1 0 90 -180.035 -141.189 -1 0 0 0 -1 0 0 0 1 3673.dat
1 1 90 -180.035 -121.189 -1 0 0 0 -1 0 0 0 1 3749.dat
1 14 -100 -180.035 -121.189 0 1 0 -1 0 0 0 0 1 32523.dat
1 14 100 -180.035 -121.189 0 1 0 -1 0 0 0 0 1 32523.dat
1 71 100 -103.297 -183.8 0 0 -1 -0.959227 0.282638 0 0.282638 0.959227 0 44294.dat
1 14 100 -180.035 -161.189 1 0 0 0 0.282638 -0.959227 0 0.959227 0.282638 32013.dat
1 0 100 -26.5591 -206.411 -1 0 0 0 0.282638 0.959227 0 0.959227 -0.282638 32013.dat
1 14 -100 -180.035 -161.189 1 0 0 0 0.282638 -0.959227 0 0.959227 0.282638 32013.dat
1 71 -100 -103.297 -183.8 0 0 -1 -0.959227 0.282638 0 0.282638 0.959227 0 44294.dat
1 0 -100 -26.5591 -206.411 -1 0 0 0 0.282638 0.959227 0 0.959227 -0.282638 32013.dat
1 0 -80 -160.035 248.811 0 0 1 0 1 0 -1 0 0 3707.dat
1 71 -80 -160.035 178.811 1 0 0 0 1 0 0 0 1 3713.dat
1 72 0 -160.035 198.811 0 0 -1 -1 0 0 0 1 0 32525.dat
1 71 -80 -160.035 238.811 0 1 0 0 0 1 1 0 0 92693.dat
1 25 -80 -130.035 238.811 0 1 0 0 0 1 1 0 0 92695.dat
1 72 -80 -3.3773 238.706 -1 0 0 0 0 1 0 1 0 92696.dat
1 0 -80 -140.035 238.811 0 1 0 0 0 -1 -1 0 0 32270.dat
1 19 -80 -160.035 256.811 -1 0 0 0 1 0 0 0 -1 6589.dat
1 71 -80 -160.035 278.811 -1 0 0 0 1 0 0 0 -1 94925.dat
1 71 -80 -160.035 298.811 1 0 0 0 1 0 0 0 1 3713.dat
1 0 80 -160.035 248.811 0 0 1 0 1 0 -1 0 0 3707.dat
1 71 80 -160.035 178.811 1 0 0 0 1 0 0 0 1 3713.dat
1 19 80 -160.035 256.811 -1 0 0 0 1 0 0 0 -1 6589.dat
1 71 80 -160.035 278.811 -1 0 0 0 1 0 0 0 -1 94925.dat
1 71 80 -160.035 298.811 1 0 0 0 1 0 0 0 1 3713.dat
1 71 80 -160.035 238.811 0 1 0 0 0 1 1 0 0 92693.dat
1 25 80 -130.035 238.811 0 1 0 0 0 1 1 0 0 92695.dat
1 0 80 -140.035 238.811 0 1 0 0 0 -1 -1 0 0 32270.dat
1 72 80 -37.1853 238.811 -1 0 0 0 0 1 0 1 0 92696.dat
1 71 90 -37.1853 238.811 1 0 0 0 1 0 0 0 1 3673.dat
1 71 -90 -3.3773 238.706 1 0 0 0 1 0 0 0 1 3673.dat
1 71 -100 16.5853 239.927 0 1 0 -0.061048 0 0.998135 0.998135 0 0.061048 32523.dat
1 71 101 -17.234 239.948 0 1 0 -0.069756 0 0.997564 0.997564 0 0.069756 32523.dat
1 1 -100 -180.035 -41.1891 -1 0 0 0 -1 0 0 0 1 32556.dat
1 72 40 -160.035 218.811 1 0 0 0 1 0 0 0 1 6542.dat
1 71 40 -160.035 248.811 1 0 0 0 1 0 0 0 1 59443.dat
1 0 40 -160.035 288.811 0 0 -1 0 1 0 1 0 0 3705.dat
1 71 0 -220.035 118.811 -1 0 0 0 1 0 0 0 -1 99009.dat
1 0 0 -220.035 118.811 0 0 1 0 1 0 -1 0 0 99010.dat
1 1 -20 -200.035 118.811 0 0 -1 0 -1 0 -1 0 0 32556.dat
1 1 20 -200.035 118.811 0 0 -1 0 -1 0 -1 0 0 32556.dat
1 72 0 -200.035 138.811 0 0 -1 -1 0 0 0 1 0 32525.dat
1 1 80 -200.035 118.811 0 0 -1 0 -1 0 -1 0 0 32556.dat
1 1 -80 -200.035 118.811 0 0 -1 0 -1 0 -1 0 0 32556.dat
1 71 -100 -200.035 118.811 0 -1 0 0 0 1 -1 0 0 98989.dat
1 71 100 -200.035 118.811 0 1 0 0 0 1 1 0 0 98989.dat
1 71 60 -200.035 118.811 0 0 1 0 -1 0 1 0 0 4519.dat
1 71 -60 -200.035 118.811 0 0 1 0 -1 0 1 0 0 4519.dat
1 72 0 -200.035 98.8109 0 0 -1 -1 0 0 0 1 0 32525.dat
1 1 0 -240.035 98.8109 -1 0 0 0 -1 0 0 0 1 32556.dat
1 1 0 -240.035 138.811 -1 0 0 0 -1 0 0 0 1 32556.dat
1 71 40 -320.035 118.811 0 -1 0 1 0 0 0 0 1 32316.dat
1 0 30 -320.035 98.8109 1 0 0 0 -1 0 0 0 -1 3673.dat
1 0 30 -320.035 118.811 1 0 0 0 -1 0 0 0 -1 3673.dat
1 0 30 -320.035 138.811 1 0 0 0 -1 0 0 0 -1 3673.dat
1 71 20 -240.035 98.8109 0 1 0 0 0 -1 -1 0 0 32526.dat
1 71 20 -240.035 138.811 0 -1 0 0 0 -1 1 0 0 32526.dat
1 71 0 -300.035 118.811 1 0 0 0 0 1 0 -1 0 32034.dat
1 1 0 -300.035 118.811 -1 0 0 0 1 0 0 0 -1 32556.dat
1 71 20 -280.035 118.811 0 -1 0 0 0 -1 1 0 0 32523.dat
1 71 -20 -280.035 118.811 0 -1 0 0 0 -1 1 0 0 32523.dat
1 0 30 -280.035 118.811 1 0 0 0 1 0 0 0 1 3673.dat
1 0 30 -260.035 118.811 1 0 0 0 1 0 0 0 1 3673.dat
1 0 -30 -260.035 118.811 1 0 0 0 1 0 0 0 1 3673.dat
1 0 -30 -280.035 118.811 1 0 0 0 1 0 0 0 1 3673.dat
1 72 0 -350.035 118.811 0 1 0 -1 0 0 0 0 1 87083.dat
1 71 0 -340.035 118.811 -1 0 0 0 -1 0 0 0 1 87082.dat
1 0 -20 -320.035 118.811 0 1 0 0 0 -1 -1 0 0 60484.dat
1 71 0 -360.035 138.811 1 0 0 0 0 1 0 -1 0 87082.dat
1 71 0 -360.035 98.8109 1 0 0 0 0 1 0 -1 0 87082.dat
1 19 0 -360.035 158.811 0 0 -1 0 1 0 1 0 0 32556.dat
1 19 0 -360.035 78.8109 0 0 1 0 1 0 -1 0 0 32556.dat
1 0 20 -320.035 118.811 0 1 0 0 0 -1 -1 0 0 60484.dat
1 71 0 -320.035 158.811 1 0 0 0 1 0 0 0 1 32073.dat
1 71 0 -320.035 158.811 1 0 0 0 -1 0 0 0 -1 63869.dat
1 0 20 -340.035 148.811 0 0 1 0 1 0 -1 0 0 3673.dat
1 0 -20 -340.035 148.811 0 0 1 0 1 0 -1 0 0 3673.dat
1 0 0 -340.035 168.811 0 0 1 0 1 0 -1 0 0 3673.dat
1 72 0 -340.035 138.811 0 0 -1 1 0 0 0 -1 0 32524.dat
1 71 0 -320.035 78.8109 -1 0 0 0 1 0 0 0 -1 32073.dat
1 71 0 -320.035 78.8109 -1 0 0 0 -1 0 0 0 1 63869.dat
1 0 -20 -340.035 88.8109 0 0 -1 0 1 0 1 0 0 3673.dat
1 0 20 -340.035 88.8109 0 0 -1 0 1 0 1 0 0 3673.dat
1 0 0 -340.035 68.8109 0 0 -1 0 1 0 1 0 0 3673.dat
1 72 0 -340.035 98.8109 0 0 1 1 0 0 0 1 0 32524.dat
1 71 -40 -320.035 118.811 0 1 0 1 0 0 0 0 -1 32316.dat
1 0 -30 -320.035 98.8109 -1 0 0 0 -1 0 0 0 1 3673.dat
1 0 -30 -320.035 118.811 -1 0 0 0 -1 0 0 0 1 3673.dat
1 0 -30 -320.035 138.811 -1 0 0 0 -1 0 0 0 1 3673.dat
1 71 -20 -240.035 138.811 0 -1 0 0 0 -1 1 0 0 32526.dat
1 71 -20 -240.035 98.8109 0 1 0 0 0 -1 -1 0 0 32526.dat
1 19 -40 -360.035 118.811 -1 0 0 0 1 0 0 0 -1 32556.dat
1 19 40 -360.035 118.811 1 0 0 0 1 0 0 0 1 32556.dat
1 71 -40 -380.035 68.8109 0 0 -1 0 1 0 1 0 0 2736.dat
1 0 -40 -380.035 78.8109 0 1 0 0 0 1 1 0 0 6553.dat
1 0 0 -360.035 78.8109 -1 0 0 0 -1 0 0 0 1 92907.dat
1 4 0 -380.035 58.8109 1 0 0 0 1 0 0 0 1 32062.dat
1 0 0 -380.035 38.8109 1 0 0 0 0 1 0 -1 0 42003.dat
1 0 -40 -360.035 118.811 0 0 1 0 -1 0 1 0 0 92907.dat
1 71 -50 -380.035 158.811 1 0 0 0 1 0 0 0 1 2736.dat
1 0 -40 -380.035 158.811 1 0 0 0 0 1 0 -1 0 6553.dat
1 4 -60 -380.035 118.811 0 0 1 0 1 0 -1 0 0 32062.dat
1 0 -80 -380.035 118.811 0 -1 0 0 0 1 -1 0 0 42003.dat
1 0 0 -360.035 158.811 1 0 0 0 -1 0 0 0 -1 92907.dat
1 71 40 -380.035 168.811 0 0 1 0 1 0 -1 0 0 2736.dat
1 0 40 -380.035 158.811 0 -1 0 0 0 1 -1 0 0 6553.dat
1 4 0 -380.035 178.811 -1 0 0 0 1 0 0 0 -1 32062.dat
1 0 0 -380.035 198.811 -1 0 0 0 0 1 0 1 0 42003.dat
1 0 40 -360.035 118.811 0 0 -1 0 -1 0 -1 0 0 92907.dat
1 71 50 -380.035 78.8109 -1 0 0 0 1 0 0 0 -1 2736.dat
1 0 40 -380.035 78.8109 -1 0 0 0 0 1 0 1 0 6553.dat
1 4 60 -380.035 118.811 0 0 -1 0 1 0 1 0 0 32062.dat
1 0 80 -380.035 118.811 0 1 0 0 0 1 1 0 0 42003.dat
1 0 60 -340.035 118.811 0 0 -1 0 -1 0 -1 0 0 6536.dat
1 0 -60 -340.035 118.811 0 0 -1 0 -1 0 -1 0 0 6536.dat
1 0 0 -340.035 178.811 -1 0 0 0 -1 0 0 0 1 42003.dat
1 0 0 -340.035 58.8109 -1 0 0 0 -1 0 0 0 1 42003.dat
1 71 0 -320.035 58.8109 -1 0 0 0 1 0 0 0 -1 4519.dat
1 71 0 -320.035 178.811 -1 0 0 0 1 0 0 0 -1 4519.dat
1 71 60 -340.035 118.811 0 0 1 0 1 0 -1 0 0 4519.dat
1 71 -60 -340.035 118.811 0 0 1 0 1 0 -1 0 0 4519.dat
1 71 40 -300.035 118.811 0 0 1 0 1 0 -1 0 0 32073.dat
1 0 40 -280.035 118.811 0 0 1 0 1 0 -1 0 0 42003.dat
1 71 40 -300.035 98.8109 1 0 0 0 1 0 0 0 1 3713.dat
1 71 40 -300.035 138.811 1 0 0 0 1 0 0 0 1 3713.dat
1 0 40 -300.035 78.8109 0 0 1 0 1 0 -1 0 0 6536.dat
1 71 40 -300.035 158.811 1 0 0 0 0 1 0 -1 0 60483.dat
1 0 40 -280.035 168.811 0 0 1 0 1 0 -1 0 0 6628.dat
1 0 50 -280.035 78.8109 -1 0 0 0 1 0 0 0 -1 6628.dat
1 0 -40 -280.035 118.811 0 0 -1 0 1 0 1 0 0 42003.dat
1 71 -40 -300.035 118.811 0 0 -1 0 1 0 1 0 0 32073.dat
1 71 -40 -300.035 138.811 -1 0 0 0 1 0 0 0 -1 3713.dat
1 71 -40 -300.035 98.8109 -1 0 0 0 1 0 0 0 -1 3713.dat
1 0 -40 -300.035 158.811 0 0 -1 0 1 0 1 0 0 6536.dat
1 71 -40 -300.035 78.8109 -1 0 0 0 0 1 0 1 0 60483.dat
1 0 -50 -280.035 158.811 1 0 0 0 1 0 0 0 1 6628.dat
1 0 -40 -280.035 68.8109 0 0 -1 0 1 0 1 0 0 6628.dat
1 0 40 -280.035 180.811 -1 0 0 0 0 -1 0 -1 0 2739.dat
1 0 -40 -280.035 56.8109 -1 0 0 0 0 -1 0 -1 0 2739.dat
1 0 -62 -280.035 158.811 0 -1 0 0 0 -1 1 0 0 2739.dat
1 0 62 -280.035 78.8109 0 -1 0 0 0 -1 1 0 0 2739.dat
1 1 100 -200.035 158.811 0 0 1 0 1 0 -1 0 0 32556.dat
1 1 -100 -200.035 158.811 0 0 1 0 1 0 -1 0 0 32556.dat
1 0 -60 -200.035 -41.1891 0 0 1 1 0 0 0 1 0 41239.dat
1 71 -180 -200.035 -21.1891 0 0 1 -1 0 0 0 -1 0 33299.dat
1 28 -180 -200.035 -21.1891 0 0 1 0 1 0 -1 0 0 6587.dat
1 0 -180 -200.035 -1.1891 0 -1 0 0 0 1 -1 0 0 6536.dat
1 71 -40 -200.035 13.8109 0 0 -1 0 1 0 1 0 0 32073.dat
1 71 -40 -200.035 -41.1891 0 0 1 0 1 0 -1 0 0 32054.dat
1 72 -40 -200.035 8.8109 0 0 1 0 1 0 -1 0 0 32012.dat
1 71 -40 -200.035 38.8109 -1 0 0 0 1 0 0 0 -1 3713.dat
1 71 -40 -200.035 68.8109 -1 0 0 0 1 0 0 0 -1 59443.dat
1 72 -196 -98 -1 0 0 -1 0 1 0 1 0 0 30395.dat
1 72 0 -200.035 178.811 0 0 1 1 0 0 0 1 0 32525.dat
1 0 20 -200.035 188.811 0 0 1 0 1 0 -1 0 0 3673.dat
1 72 80 -200.035 208.811 0 0 1 0 1 0 -1 0 0 87083.dat
1 14 10 -200.035 198.811 0 0 1 -1 0 0 0 -1 0 43857.dat
1 14 100 -200.035 198.811 0 0 -1 -1 0 0 0 1 0 32140.dat
1 72 80 -200.035 218.811 1 0 0 0 1 0 0 0 1 6542.dat
1 19 80 -200.035 248.811 1 0 0 0 1 0 0 0 1 6538.dat
1 19 40 -200.035 208.811 0 -0.199473 -0.980524 0 0.980524 -0.199473 1 0 0 3749.dat
1 71 40 -200.035 218.811 -0.980524 -0.199473 0 -0.199473 0.980524 0 0 0 -1 94925.dat
1 1 40 -220.035 188.811 0 0 1 0 1 0 -1 0 0 3749.dat
1 71 40 -220.035 178.811 1 0 0 0 1 0 0 0 1 3713.dat
1 72 -80 -200.035 208.811 0 0 1 0 1 0 -1 0 0 87083.dat
1 72 -80 -200.035 278.811 -1 0 0 0 1 0 0 0 -1 6542.dat
1 19 -80 -200.035 248.811 1 0 0 0 1 0 0 0 1 6538.dat
1 71 -80 -200.035 219.811 0 1 0 -1 0 0 0 0 1 32187.dat
1 4 -80 -200.035 248.811 1 0 0 0 1 0 0 0 1 6539.dat
1 4 80 -200.035 248.811 1 0 0 0 1 0 0 0 1 6539.dat
1 19 -80 -200.035 288.811 0 0 1 0 1 0 -1 0 0 99008.dat
1 19 80 -200.035 288.811 0 0 1 0 1 0 -1 0 0 99008.dat
1 72 80 -200.035 278.811 -1 0 0 0 1 0 0 0 -1 6542.dat
1 71 80 -200.035 298.811 1 0 0 0 1 0 0 0 1 94925.dat
1 71 -80 -200.035 298.811 -1 0 0 0 1 0 0 0 -1 94925.dat
1 0 0 -200.035 188.811 0 0 1 0 1 0 -1 0 0 3706.dat
1 71 0 -200.035 248.811 1 0 0 0 1 0 0 0 1 59443.dat
1 71 0 -200.035 298.811 0 0 1 0 1 0 -1 0 0 32073.dat
1 71 0 -200.035 218.811 -1 0 0 0 1 0 0 0 -1 94925.dat
1 0 0 -200.035 158.811 1 0 0 0 1 0 0 0 1 32270.dat
1 0 -40 -200.035 148.811 0 -0.190909 0.982228 0 0.982228 0.190909 -1 0 0 3707.dat
1 71 -40 -200.035 228.811 -0.98163 -0.190909 0 -0.190793 0.982228 0 0 0 -1.00061 59443.dat
1 71 -40 -200.035 278.824 0 -0.190909 0.982228 0 0.982228 0.190909 -1 0 0 32073.dat
1 71 -40 -200.035 198.808 -0.98163 -0.190909 0 -0.190793 0.982228 0 0 0 -1.00061 94925.dat
1 71 -40 -200.035 258.827 -0.98163 -0.190909 0 -0.190793 0.982228 0 0 0 -1.00061 3713.dat
1 72 -80 -200.035 198.811 1 0 0 0 1 0 0 0 1 6542.dat
1 71 -40 -200.035 278.811 0 0 1 1 0 0 0 1 0 32526.dat
1 71 40 -200.035 338.811 0 0 -1 0 1 0 1 0 0 44294.dat
1 71 40 -200.035 298.811 1 0 0 0 1 0 0 0 1 94925.dat
1 71 40 -160.035 298.811 1 0 0 0 1 0 0 0 1 94925.dat
1 72 -40 -200.035 298.824 -1 0 0 0 1 0 0 0 -1 6542.dat
1 72 0 -200.035 298.811 -1 0 0 0 1 0 0 0 -1 6542.dat
1 1 60 -200.036 328.811 0 0 -1 0 1 0 1 0 0 3749.dat
1 71 60 -160.036 343.811 0 0 1 -1 0 0 0 -1 0 32056.dat
1 71 60 -160.036 333.811 0 0 1 -1 0 0 0 -1 0 32056.dat
1 1 60 -160.036 328.811 0 0 -1 0 1 0 1 0 0 3749.dat
1 0 60 -180.036 328.811 0 0 -1 0 1 0 1 0 0 3673.dat
1 72 0 -160.035 318.811 0 0 -1 1 0 0 0 -1 0 32525.dat
1 1 -60 -200.036 328.811 0 0 -1 0 1 0 1 0 0 3749.dat
1 0 -60 -180.036 328.811 0 0 -1 0 1 0 1 0 0 3673.dat
1 1 -60 -160.035 328.811 0 0 -1 0 1 0 1 0 0 3749.dat
1 71 -60 -160.036 333.811 0 0 -1 -1 0 0 0 1 0 32056.dat
1 71 -60 -160.036 343.811 0 0 -1 -1 0 0 0 1 0 32056.dat
1 71 -100 -160.036 358.811 0 0 1 0 1 0 -1 0 0 32073.dat
1 71 100 -160.036 358.811 0 0 1 0 1 0 -1 0 0 32073.dat
1 72 0 -160.035 348.811 0 0 1 0 1 0 -1 0 0 87083.dat
1 0 0 -160.035 338.811 1 0 0 0 1 0 0 0 1 32270.dat
1 71 0 -180.036 318.811 1 0 0 0 1 0 0 0 1 32073.dat
1 71 60 -180.036 318.811 0 0 1 0 1 0 -1 0 0 32034.dat
1 71 -60 -180.036 318.811 0 0 1 0 1 0 -1 0 0 32034.dat
1 1 -90 -180.036 318.811 1 0 0 0 1 0 0 0 1 3749.dat
1 1 90 -180.036 318.811 -1 0 0 0 1 0 0 0 -1 3749.dat
1 72 0 -200.035 318.811 0 0 -1 1 0 0 0 -1 0 32525.dat
1 0 -80 -160.036 348.811 0 0 -1 0 1 0 1 0 0 3673.dat
1 0 80 -160.036 348.811 0 0 -1 0 1 0 1 0 0 3673.dat
1 0 0 -160.035 358.811 0 0 -1 -1 0 0 0 1 0 40490.dat
1 71 0 -160.035 388.811 1 0 0 0 1 0 0 0 1 59443.dat
1 0 60 -160.035 368.811 0 0 -1 0 1 0 1 0 0 3673.dat
1 0 -60 -160.035 368.811 0 0 -1 0 1 0 1 0 0 3673.dat
1 0 0 -200.035 338.811 1 0 0 0 1 0 0 0 1 32269.dat
1 72 0 -200.035 358.811 0 0 -1 1 0 0 0 -1 0 32525.dat
1 1 100 -200.035 338.811 0 0 1 0 1 0 -1 0 0 32556.dat
1 1 -100 -200.035 338.811 0 0 1 0 1 0 -1 0 0 32556.dat
1 71 -80 -200.035 358.811 0 0 1 0 1 0 -1 0 0 32054.dat
1 71 80 -200.035 358.811 0 0 1 0 1 0 -1 0 0 32054.dat
1 71 100 -200.035 338.811 0 1 0 0 0 -1 -1 0 0 32557.dat
1 71 -100 -200.035 338.811 0 -1 0 0 0 -1 1 0 0 32557.dat
1 1 -80 -200.035 388.811 0 0 1 0 1 0 -1 0 0 3749.dat
1 1 80 -200.035 388.811 0 0 1 0 1 0 -1 0 0 3749.dat
1 0 0 -200.035 398.811 0 0 1 1 0 0 0 1 0 40490.dat
1 0 -20 -200.035 408.811 0 0 -1 0 1 0 1 0 0 3673.dat
1 0 20 -200.035 408.811 0 0 -1 0 1 0 1 0 0 3673.dat
1 72 0 -200.035 388.811 0 0 1 0 1 0 -1 0 0 87083.dat
1 71 100 -100.035 218.811 0 -1 0 1 0 0 0 0 1 32034.dat
1 4 100 -100.035 248.811 0 -1 0 0 0 -1 1 0 0 32062.dat
1 71 100 -100.035 278.811 0 -1 0 1 0 0 0 0 1 32034.dat
1 71 100 -100.035 178.811 0 -1 0 0 0 -1 1 0 0 4519.dat
1 71 100 -100.035 338.811 0 -1 0 0 0 -1 1 0 0 32073.dat
1 14 100 -100.035 183.811 1 0 0 0 0 1 0 -1 0 6632.dat
1 14 100 -100.035 173.811 1 0 0 0 0 1 0 -1 0 6632.dat
1 0 100 -110.035 218.811 0 -1 0 1 0 0 0 0 1 3673.dat
1 0 100 -110.035 278.811 0 -1 0 1 0 0 0 0 1 3673.dat
1 0 129.999 -60.0346 318.811 0.599988 -0.800009 0 0.800009 0.599988 0 0 0 1 3705.dat
1 4 129.999 -60.0346 318.811 0.599988 0.800009 0 0.800009 -0.599988 0 0 0 -1 62462.dat
1 4 159.999 -20.0342 318.811 0 -0.800009 0.599988 0 0.599988 0.800009 -1 0 0 32013.dat
