0 Main
0 Name: 8836 - Sky Ranger - Autogyro.mpd
0 Author: LTRON
1 0 -50 0 0 0 0 -1 -0.019 1 0 1 0.019 0 3702.dat
1 0 -40 8.86 60.19 -1 0 0 0 1 0.019 0 0.019 -1 2780.dat
1 0 -40 9.62 20.19 -1 0 0 0 1 0.019 0 0.019 -1 2780.dat
1 0 -30 -2.28 120 0 0 1 0.019 1 0 -1 0.019 0 3895.dat
1 0 -40 8.1 100.19 -1 0 0 0 1 0.019 0 0.019 -1 2780.dat
1 0 -20 5.82 220.19 -1 0 0 0 1 0.019 0 0.019 -1 2780.dat
1 0 -20 6.2 200.19 -1 0 0 0 1 0.019 0 0.019 -1 2780.dat
1 0 -10 -5.7 300 0 0 1 0.019 1 0 -1 0.019 0 3895.dat
1 0 0 5.44 240.19 -1 0 0 0 1 0.019 0 0.019 -1 2780.dat
1 0 0 2.78 380.19 -1 0 0 0 1 0.019 0 0.019 -1 2780.dat
1 0 -20 37.7913 -89.6476 0 0 -1 -0.666402 0.745612 0 0.745612 0.666402 0 4519.dat
1 7 -20 51.1194 -104.5598 1 0 0 0 0.745612 -0.666402 0 0.666402 0.745612 3651.dat
1 7 -20 24.4633 -74.7353 -1 0 0 0 0.745612 0.666402 0 0.666402 -0.745612 4273.dat
1 0 0 11.1352 -59.8231 -1 0 0 0 0.745612 0.666402 0 0.666402 -0.745612 3706.dat
1 7 -24 11.1352 -59.8231 0 0 1 0.666402 0.745612 0 -0.745612 0.666402 0 4265.dat
1 0 -40 -33.6015 -99.8072 0 1 0 -0.666402 0 0.745612 0.745612 0 0.666402 2825.dat
1 7 0 11.1352 -59.8231 0 0 1 0.666402 0.745612 0 -0.745612 0.666402 0 3713.dat
1 0 0 64.4474 -119.4721 1 0 0 0 0.745612 -0.666402 0 0.666402 0.745612 4519.dat
1 15 0 64.4474 -119.4721 0 0 1 0.666402 0.745612 0 -0.745612 0.666402 0 3482.dat
1 256 0 64.4474 -119.4721 0 0 1 0.666402 0.745612 0 -0.745612 0.666402 0 3483.dat
1 7 20 51.1194 -104.5598 1 0 0 0 0.745612 -0.666402 0 0.666402 0.745612 3651.dat
1 0 20 37.7913 -89.6476 0 0 -1 -0.666402 0.745612 0 0.745612 0.666402 0 4519.dat
1 7 20 24.4633 -74.7353 1 0 0 0 -0.745612 0.666402 0 -0.666402 -0.745612 4273.dat
1 7 24 11.1352 -59.8231 0 0 -1 -0.666402 0.745612 0 0.745612 0.666402 0 4265.dat
1 0 40 -33.6015 -99.8072 0 -1 0 0.666402 0 0.745612 -0.745612 0 0.666402 2825.dat
1 0 10 -5.7 300 0 0 1 0.019 1 0 -1 0.019 0 3895.dat
1 0 20 6.2 200.19 -1 0 0 0 1 0.019 0 0.019 -1 2780.dat
1 0 20 5.82 220.19 -1 0 0 0 1 0.019 0 0.019 -1 2780.dat
1 0 30 -2.28 120 0 0 1 0.019 1 0 -1 0.019 0 3895.dat
1 0 40 9.62 20.19 -1 0 0 0 1 0.019 0 0.019 -1 2780.dat
1 0 40 8.86 60.19 -1 0 0 0 1 0.019 0 0.019 -1 2780.dat
1 0 40 8.1 100.19 -1 0 0 0 1 0.019 0 0.019 -1 2780.dat
1 0 50 0 0 0 0 -1 -0.019 1 0 1 0.019 0 3702.dat
1 0 0 -33.6169 -99.7865 1 0 0 0 1 -0.019 0 0.019 1 3707.dat
1 0 30 -17.9 99.696 0 0 -1 -0.019 1 0 1 0.019 0 3023.dat
1 0 30 -10.28 119.848 0 0 1 0.019 1 0 -1 0.019 0 3710.dat
1 0 -30 -17.9 99.696 0 0 -1 -0.019 1 0 1 0.019 0 3023.dat
1 0 -30 -10.28 119.848 0 0 1 0.019 1 0 -1 0.019 0 3710.dat
1 0 0 -11.61 189.848 1 0 0 0 1 -0.019 0 0.019 1 3710.dat
1 0 0 16.4 400.456 -1 0 0 0 1 0.019 0 0.019 -1 3034.dat
1 0 70 -7.22 380 0 0 1 0.019 1 0 -1 0.019 0 2743.dat
1 0 -70 -7.22 380 0 0 1 0.019 1 0 -1 0.019 0 2743.dat
1 0 0 -15.6 399.848 1 0 0 0 1 -0.019 0 0.019 1 3034.dat
1 16 0 -32.28 119.43 0 0 -1 -0.476872 0.87926 0 0.87926 0.476872 0 4255.dat
1 0 0 64.4386 171.8859 0 0 -1 -0.476872 0.87926 0 0.87926 0.476872 0 4254.dat
1 0 0 -32.28 119.43 1 0 0 0 0.019 1 0 -1 0.019 3705.dat
1 7 15 -32.28 119.43 0 0 -1 1 0.019 0 0.019 -1 0 4265.dat
1 7 -15 -32.28 119.43 0 0 1 1 -0.019 0 0.019 1 0 4265.dat
1 0 30 -42.28 119.24 0 0 -1 -0.019 1 0 1 0.019 0 2744.dat
1 0 -30 -42.28 119.24 0 0 -1 -0.019 1 0 1 0.019 0 2744.dat
1 0 40 -31.9 99.43 1 0 0 0 1 -0.019 0 0.019 1 2780.dat
1 0 -40 -31.9 99.43 1 0 0 0 1 -0.019 0 0.019 1 2780.dat
1 0 0 -50.09 109.088 1 0 0 0 1 -0.019 0 0.019 1 3710.dat
1 0 0 -49.71 89.088 1 0 0 0 1 -0.019 0 0.019 1 3710.dat
1 0 -30 -73.71 88.632 0 0 -1 -0.019 1 0 1 0.019 0 3040.dat
1 0 30 -73.71 88.632 0 0 1 0.019 1 0 -1 0.019 0 3040.dat
1 0 0 -74.09 108.632 -1 0 0 0 1 0.019 0 0.019 -1 3010.dat
1 0 -88 -57.41 389.05 0 -1 0 0.019 0 1 -1 0 0.019 3933.dat
1 0 -80 2.78 380.19 0 -1 0 -1 0 0.019 -0.019 0 -1 3794.dat
1 0 -80 2.4 400.19 0 -1 0 -1 0 0.019 -0.019 0 -1 3794.dat
1 0 80 2.78 380.19 0 1 0 -1 0 -0.019 -0.019 0 1 3794.dat
1 0 88 -57.41 389.05 0 1 0 -0.019 0 1 1 0 0.019 3934.dat
1 0 80 2.4 400.19 0 1 0 -1 0 -0.019 -0.019 0 1 3794.dat
1 0 -30 -97.71 88.176 0 0 -1 -0.019 1 0 1 0.019 0 3005.dat
1 0 30 -97.71 88.176 0 0 -1 -0.019 1 0 1 0.019 0 3005.dat
1 0 0 -98.09 108.176 -1 0 0 0 1 0.019 0 0.019 -1 3701.dat
1 0 0 -109.8 197.986 0 -0.707 0.707 0.019 0.707 0.707 -1 0.013433 0.013433 4519.dat
1 7 0 -109.04 157.986 0.707 0.707 0 0.707 -0.707 0.019 0.013433 -0.013433 -1 2853.dat
1 7 -7.07 -116.11 157.8517 0.177 -0.984 0 -0.984 -0.177 0.019 -0.018696 -0.003363 -1 2852.dat
1 7 -7.07 -116.11 157.8517 -0.177 0.984 0 -0.984 -0.177 -0.019 -0.018696 -0.003363 1 2852.dat
1 7 -7.071 -115.541 127.8517 -0.707 -0.707 0 -0.707 0.707 0.019 -0.013433 0.013433 -1 2853.dat
1 8 32.3 -109.04 157.986 0 -1 0 1 0 -0.019 0.019 0 1 2851.dat
1 8 -46.44 -109.04 157.986 0 1 0 -1 0 -0.019 -0.019 0 1 2851.dat
1 7 -66 -109.04 157.986 0 1 0 -1 0 -0.019 -0.019 0 1 2850.dat
1 7 66 -109.04 157.986 0 -1 0 1 0 -0.019 0.019 0 1 2850.dat
1 0 0 -129.515 182.606 1 0 0 0 0.019 1 0 -1 0.019 2905.dat
1 0 40 -129.04 157.606 0 -1 0 0.019 0 1 -1 0 0.019 3705.dat
1 0 -40 -129.04 157.606 0 -1 0 0.019 0 1 -1 0 0.019 3705.dat
1 7 40 -129.705 192.606 0 1 0 -1 0 -0.019 -0.019 0 1 4265.dat
1 7 -40 -129.705 192.606 0 1 0 -1 0 -0.019 -0.019 0 1 4265.dat
1 0 0 -88.375 123.366 -1 0 0 0 0.019 -1 0 -1 -0.019 2905.dat
1 0 0 -88.28 118.366 0 0 -1 0.019 -1 0 -1 -0.019 0 2780.dat
1 0 0 -128.565 132.606 1 0 0 0 0.019 1 0 -1 0.019 2905.dat
1 7 20 -88.28 118.366 0 0 -1 -0.019 1 0 1 0.019 0 3749.dat
1 7 -20 -88.28 118.366 0 0 -1 -0.019 1 0 1 0.019 0 3749.dat
1 7 -20 -88.565 133.366 1 0 0 0 1 -0.019 0 0.019 1 4265.dat
1 7 20 -88.565 133.366 1 0 0 0 1 -0.019 0 0.019 1 4265.dat
1 0 40 -89.04 158.366 0 0 -1 -0.019 1 0 1 0.019 0 4519.dat
1 0 -40 -89.04 158.366 0 0 -1 -0.019 1 0 1 0.019 0 4519.dat
1 7 0 -109.8 197.986 0.707 -0.707 0 0.707 0.707 -0.019 0.013433 0.013433 1 3713.dat
1 7 0 -110.18 217.986 0.707 -0.707 0 -0.707 -0.707 0.019 -0.013433 -0.013433 -1 2952.dat
1 7 0 -110.275 222.986 0.707 0.707 0 -0.707 0.707 -0.019 -0.013433 0.013433 1 4265.dat
1 0 10 -129.9 97.568 -1 0 0 0 1 0.019 0 0.019 -1 3021.dat
1 0 -30 -129.9 97.568 0 0 1 0.019 1 0 -1 0.019 0 3023.dat
1 0 -10 -137.9 97.416 1 0 0 0 1 -0.019 0 0.019 1 3021.dat
1 0 30 -137.9 97.416 0 0 -1 -0.019 1 0 1 0.019 0 3023.dat
1 0 30 -145.9 97.264 0 0 -1 -0.019 1 0 1 0.019 0 3794.dat
1 0 -30 -145.9 97.264 0 0 -1 -0.019 1 0 1 0.019 0 3794.dat
1 0 30 -121.9 97.72 0 0 -1 -0.019 1 0 1 0.019 0 3700.dat
1 0 -30 -121.9 97.72 0 0 -1 -0.019 1 0 1 0.019 0 3700.dat
1 0 40 -111.9 97.91 1 0 0 0 1 -0.019 0 0.019 1 2780.dat
1 0 -40 -111.9 97.91 1 0 0 0 1 -0.019 0 0.019 1 2780.dat
1 0 -50 -71.71 88.67 0 0 -1 -1 -0.019 0 -0.019 1 0 3895.dat
1 4 -50 -161.558 78.96 0 0 -1 -1 -0.019 0 -0.019 1 0 3623.dat
1 0 -50 -151.406 71.15 0 0 -1 -1 -0.019 0 -0.019 1 0 3023.dat
1 0 -50 -150.95 47.15 0 0 -1 -1 -0.019 0 -0.019 1 0 3700.dat
1 7 -60 -151.14 57.15 -1 0 0 0 -0.019 1 0 1 0.019 4274.dat
1 7 -60 -151.9 97.15 -1 0 0 0 -0.019 1 0 1 0.019 3749.dat
1 0 0 -185.0094 107.917 -1 0 0 0 -0.243506 0.969725 0 0.969725 0.243506 3710.dat
1 0 0 -179.1653 84.6436 -1 0 0 0 -0.243506 0.969725 0 0.969725 0.243506 3700.dat
1 4 30 -188.8625 82.2086 0 0 -1 -0.969725 -0.243506 0 -0.243506 0.969725 0 2743.dat
1 4 -30 -188.8625 82.2086 0 0 -1 -0.969725 -0.243506 0 -0.243506 0.969725 0 2743.dat
1 7 40 -171.9031 96.7759 1 0 0 0 -0.243506 -0.969725 0 0.969725 -0.243506 3673.dat
1 7 -40 -171.9031 96.7759 1 0 0 0 -0.243506 -0.969725 0 0.969725 -0.243506 3673.dat
1 4 -30 -177.2173 76.8858 0 0 1 0.969725 -0.243506 0 0.243506 0.969725 0 2420.dat
1 4 30 -177.2173 76.8858 -1 0 0 0 -0.243506 0.969725 0 0.969725 0.243506 2420.dat
1 0 0 -220.3894 84.6006 0 0.866 -0.5 0.969725 0.121753 0.210876 0.243506 -0.484862 -0.839782 3706.dat
1 7 0 -167.0545 97.9935 0.5 0.866 0 -0.210876 0.121753 0.969725 0.839782 -0.484862 0.243506 4265.dat
1 7 0 -200.9949 89.4708 -0.5 0.866 0 0.210876 0.121753 -0.969725 -0.839782 -0.484862 -0.243506 3713.dat
1 0 0 -171.3731 53.6124 1 0 0 0 -0.243506 -0.969725 0 0.969725 -0.243506 3701.dat
1 0 0 -210.6491 45.8116 0 0 1 0.243506 0.969725 0 -0.969725 0.243506 0 4519.dat
1 0 0 -183.5054 60.8746 0 0 1 0.969725 -0.243506 0 0.243506 0.969725 0 3704.dat
1 7 0 -215.5192 65.2061 0 -1 0 -0.969725 0 0.243506 -0.243506 0 -0.969725 3651.dat
1 7 0 -193.2027 58.4396 0 1 0 -0.243506 0 0.969725 0.969725 0 0.243506 4273.dat
1 7 0 -208.9446 39.0236 0 1 0 0.969725 0 0.243506 0.243506 0 -0.969725 4265.dat
1 7 0 -205.779 26.4171 1 0 0 0 0.969725 -0.243506 0 0.243506 0.969725 4273.dat
1 7 0 -234.9352 80.9481 -0.5 -0.866 0 0.210876 -0.121753 0.969725 -0.839782 0.484862 0.243506 4265.dat
1 7 0 -244.6575 78.5105 0.5 0.866 0 -0.211036 0.121253 0.969725 0.840295 -0.484872 0.243506 4185.dat
1 7 60 -151.9 97.15 1 0 0 0 -0.019 -1 0 1 -0.019 3749.dat
1 0 50 -71.71 88.67 0 0 -1 -1 -0.019 0 -0.019 1 0 3895.dat
1 4 50 -161.558 78.96 0 0 -1 -1 -0.019 0 -0.019 1 0 3623.dat
1 0 50 -151.406 71.15 0 0 -1 -1 -0.019 0 -0.019 1 0 3023.dat
1 0 50 -150.95 47.15 0 0 -1 -1 -0.019 0 -0.019 1 0 3700.dat
1 7 60 -151.14 57.15 1 0 0 0 -0.019 -1 0 1 -0.019 4274.dat
1 0 0 28.1 100.57 -1 0 0 0 1 0.019 0 0.019 -1 3737.dat
1 0 0 64.4482 171.8521 -1 0 0 0 1 0.019 0 0.019 -1 3708.dat
1 7 -50 64.4482 171.8521 0 0 -1 -0.019 1 0 1 0.019 0 3713.dat
1 7 50 64.4482 171.8521 0 0 1 0.019 1 0 -1 0.019 0 3713.dat
1 0 -70 37.3641 140.7545 0 0 1 -0.454242 0.890949 0 -0.890949 -0.454242 0 3894.dat
1 0 70 37.3641 140.7545 0 0 1 -0.454242 0.890949 0 -0.890949 -0.454242 0 3894.dat
1 7 -90 28.1 100.57 0 0 1 0.019 1 0 -1 0.019 0 3713.dat
1 7 -90 64.4482 171.8521 0 0 1 0.019 1 0 -1 0.019 0 3713.dat
1 7 90 28.1 100.57 0 0 -1 -0.019 1 0 1 0.019 0 3713.dat
1 7 90 64.4482 171.8521 0 0 -1 -0.019 1 0 1 0.019 0 3713.dat
1 15 -110 64.4482 171.8521 0 0 1 0.019 1 0 -1 0.019 0 3482.dat
1 256 -110 64.4482 171.8521 0 0 1 0.019 1 0 -1 0.019 0 3483.dat
1 15 110 64.4482 171.8521 0 0 1 0.019 1 0 -1 0.019 0 3482.dat
1 256 110 64.4482 171.8521 0 0 1 0.019 1 0 -1 0.019 0 3483.dat
1 4 0 -8.95 49.848 -1 0 0 0 1 0.019 0 0.019 -1 3666.dat
1 4 0 -8.38 19.848 -1 0 0 0 1 0.019 0 0.019 -1 3795.dat
1 256 0 -200.9273 6.9893 -1 0 0 0 0.969725 0.243506 0 0.243506 -0.969725 3704.dat
1 0 0 -131.6768 -3.2511 0 1 0 -0.989135 0 0.146266 0.146266 0 0.989135 3706.dat
1 7 0 -181.1335 4.0622 -1 0 0 0 0.146266 0.989135 0 0.989135 -0.146266 4273.dat
1 7 0 -82.22 -10.5644 0 1 0 -0.146266 0 -0.989135 -0.989135 0 0.146266 3713.dat
1 7 15 -200.9273 6.9893 0 0 1 0.243506 0.969725 0 -0.969725 0.243506 0 4265.dat
1 7 -15 -200.9273 6.9893 0 0 -1 -0.243506 0.969725 0 0.969725 0.243506 0 4265.dat
1 7 -61 -90.4893 -80.6714 1 0 0 0 -0.318639 0.948118 0 -0.948118 -0.318639 4273.dat
1 7 -61 -52.5592 -93.4188 -1 0 0 0 -0.318639 -0.948118 0 -0.948118 0.318639 3651.dat
1 0 -61 -71.5243 -87.0451 0 1 0 -0.948118 0 0.318639 0.318639 0 0.948118 4519.dat
1 7 -61 -118.3579 -56.3803 -1 0 0 0 -0.895868 -0.445176 0 -0.445176 0.895868 4273.dat
1 7 -71 -109.4544 -74.2977 -1 0 0 0 -0.895868 -0.445176 0 -0.445176 0.895868 4274.dat
1 0 -61 -127.2614 -38.463 0 1 0 -0.445176 0 0.895868 0.895868 0 0.445176 4519.dat
1 7 -61 -136.1649 -20.5456 -1 0 0 0 0.895868 0.445176 0 0.445176 -0.895868 4273.dat
1 7 -70 -145.0684 -2.6283 -1 0 0 0 -0.895868 -0.445176 0 -0.445176 0.895868 4274.dat
1 7 -68 -148.4913 47.2735 0 1 0 0.068225 0 -0.998284 -0.998284 0 -0.068225 4262.dat
1 34 -76 -150.5444 77.2144 0 1 0 0.068225 0 -0.998284 -0.998284 0 -0.068225 3070.dat
1 7 61 -90.4893 -80.6714 -1 0 0 0 0.318639 0.948118 0 0.948118 -0.318639 4273.dat
1 7 61 -52.5592 -93.4188 1 0 0 0 0.318639 -0.948118 0 0.948118 0.318639 3651.dat
1 0 61 -71.5243 -87.0451 0 -1 0 -0.948118 0 -0.318639 0.318639 0 -0.948118 4519.dat
1 7 61 -118.3579 -56.3803 1 0 0 0 0.895868 -0.445176 0 0.445176 0.895868 4273.dat
1 7 71 -109.4544 -74.2977 1 0 0 0 0.895868 -0.445176 0 0.445176 0.895868 4274.dat
1 0 61 -127.2614 -38.463 0 -1 0 -0.445176 0 -0.895868 0.895868 0 -0.445176 4519.dat
1 7 61 -136.1649 -20.5456 1 0 0 0 -0.895868 0.445176 0 -0.445176 -0.895868 4273.dat
1 7 70 -145.0684 -2.6283 1 0 0 0 0.895868 -0.445176 0 0.445176 0.895868 4274.dat
1 7 68 -148.4913 47.2735 0 -1 0 0.068225 0 0.998284 -0.998284 0 0.068225 4262.dat
1 36 76 -150.5444 77.2144 0 -1 0 0.068225 0 0.998284 -0.998284 0 0.068225 3070.dat
1 14 0 -8.57 29.848 1 0 0 0 1 -0.019 0 0.019 1 2717.dat
1 0 83.6605 -292.5796 215.9438 -0.5 0 0.866 0.211036 0.969725 0.121253 -0.840295 0.243506 -0.484872 4282.dat
1 0 -83.6605 -221.9581 -65.2542 -0.5 0 0.866 0.211036 0.969725 0.121253 -0.840295 0.243506 -0.484872 4282.dat
1 4 158.6605 -331.9928 340.04 0.866 0 0.5 0.121253 0.969725 -0.211036 -0.484872 0.243506 0.840295 3023.dat
1 4 -158.6605 -198.0605 -193.2465 0.866 0 0.5 0.121253 0.969725 -0.211036 -0.484872 0.243506 0.840295 3023.dat
1 7 0 -262.1175 74.1273 -0.5 -0.866 0 0.211036 -0.121253 0.969725 -0.840295 0.484872 0.243506 4185.dat
1 7 0 -271.8198 71.6932 0.866 -0.5 0 0.121253 0.211036 0.969725 -0.484872 -0.840295 0.243506 4265.dat
1 7 -73 -151.9 97.15 0 0 1 1 -0.019 0 0.019 1 0 4265.dat
1 7 73 -151.9 97.15 0 0 -1 1 0.019 0 0.019 -1 0 4265.dat
1 7 76 -33.6169 -99.7865 0 0 1 0.019 1 0 -1 0.019 0 4265.dat
1 7 -75 -33.6169 -99.7865 0 0 -1 -0.019 1 0 1 0.019 0 4265.dat
