0 Main
0 Name: 8283 - Telehandler - Telehandler.mpd
0 Author: LTRON
1 4 0 0 0 1 0 0 0 1 0 0 0 1 32062.dat
1 71 -15 0 0 0 -1 0 1 0 0 0 0 1 6632.dat
1 71 -5 0 0 0 -1 0 1 0 0 0 0 1 6632.dat
1 0 80 0 40 -1 0 0 0 -1 0 0 0 1 3737.dat
1 19 -20 0 20 -1 0 0 0 -1 0 0 0 1 3749.dat
1 71 5 0 0 0 -1 0 0 0 -1 1 0 0 32250.dat
1 72 10 -40 0 -1 0 0 0 0 -1 0 -1 0 32002.dat
1 71 15 0 0 0 1 0 0 0 -1 -1 0 0 2905.dat
1 71 25 0 0 0 1 0 0 0 -1 -1 0 0 2905.dat
1 71 80 0 -40 -1 0 0 0 0 -1 0 -1 0 44294.dat
1 1 10 -80 0 -1 0 0 0 0 -1 0 -1 0 43093.dat
1 4 20 -80 -80 0 1 0 1 0 0 0 0 -1 32009.dat
1 71 10 -80 60 -1 0 0 0 1 0 0 0 -1 4274.dat
1 71 10 -80 40 -1 0 0 0 1 0 0 0 -1 4274.dat
1 4 -40 -80 -20 0 0 -1 0 1 0 1 0 0 32013.dat
1 0 10 -80 -20 1 0 0 0 1 0 0 0 1 3705.dat
1 71 -5 -80 -40 0 -1 0 1 0 0 0 0 1 6632.dat
1 71 5 -80 -40 0 -1 0 1 0 0 0 0 1 41677.dat
1 71 0 -80 -40 1 0 0 0 1 0 0 0 1 32073.dat
1 71 -40 -80 -10 0 0 -1 0 1 0 1 0 0 4274.dat
1 71 -20 -80 -40 0 0 1 0 1 0 -1 0 0 3713.dat
1 71 40 -60 0 0 0.951 0.309 0 -0.309 0.951 1 0 0 32073.dat
1 0 40 -60 50 0.309 0.951 0 0.951 -0.309 0 0 0 -1 6538.dat
1 0 40 -60 90 0 0.951 0.309 0 -0.309 0.951 1 0 0 3705.dat
1 4 40 -80 -20 1 0 0 0 1 0 0 0 1 6536.dat
1 71 40 -60 -40 0.309 0.951 0 0.951 -0.309 0 0 0 -1 3713.dat
1 0 40 -60 10 0.309 0.951 0 0.951 -0.309 0 0 0 -1 4716.dat
1 4 40 -80 80 1 0 0 0 1 0 0 0 1 6536.dat
1 0 30 -80 80 -1 0 0 0 -1 0 0 0 1 3705.dat
1 71 40 0 40 0 0 1 0 -1 0 1 0 0 3713.dat
1 71 40 0 -40 0 0 1 0 -1 0 1 0 0 3713.dat
1 0 -40 0 -100 -1 0 0 0 1 0 0 0 -1 32039.dat
1 0 70 0 -80 -1 0 0 0 1 0 0 0 -1 3708.dat
1 0 -20 -20 -80 -1 0 0 0 0 -1 0 -1 0 32039.dat
1 4 -40 0 -110 0 -1 0 0 0 -1 1 0 0 32062.dat
1 4 -20 -30 -80 0 -1 0 -1 0 0 0 0 -1 32062.dat
1 71 0 0 -80 -1 0 0 0 0 -1 0 -1 0 6536.dat
1 0 -20 -60 -80 -1 0 0 0 0 -1 0 -1 0 32192.dat
1 0 -40 0 -140 -1 0 0 0 1 0 0 0 -1 32192.dat
1 71 40 0 -80 1 0 0 0 0 1 0 -1 0 6536.dat
1 0 80 -20 0 1 0 0 0 -0.043 0.999 0 -0.999 -0.043 3707.dat
1 71 40 -20 0 0 0 1 -0.999 -0.043 0 0.043 -0.999 0 3648.dat
1 71 55 -20 0 0 0 1 -0.999 -0.043 0 0.043 -0.999 0 32123.dat
1 4 0 -80 80 1 0 0 0 1 0 0 0 1 6536.dat
1 0 0 -60 90 0 0 1 0 1 0 -1 0 0 2780.dat
1 4 60 0 80 0 1 0 -1 0 0 0 0 1 32009.dat
1 0 80 -50 80 1 0 0 0 1 0 0 0 1 32138.dat
1 0 40 -80 -60 -1 0 0 0 1 0 0 0 -1 32039.dat
1 0 -40 -80 -60 -1 0 0 0 1 0 0 0 -1 32039.dat
1 71 80 0 40 0 0 1 0 -1 0 1 0 0 3713.dat
1 71 0 20 -100 0.238 -0.971 0 0 0 1 -0.971 -0.238 0 3647.dat
1 72 0 2 -100 0 -0.971 -0.238 1 0 0 0 -0.238 0.971 6587.dat
1 0 0 -40 -100 0.238 -0.971 0 0 0 1 -0.971 -0.238 0 32034.dat
1 72 40 2 -100 0 0.67 0.742 1 0 0 0 0.742 -0.67 6587.dat
1 71 40 20 -100 -0.742 0.67 0 0 0 1 0.67 0.742 0 3648.dat
1 71 40 -20 -100 0.742 0 -0.67 0 -1 0 -0.67 0 -0.742 32140.dat
1 72 60 0 -200 0 -1 0 1 0 0 0 0 1 32525.dat
1 0 80 0 -100 1 0 0 0 1 0 0 0 1 6558.dat
1 0 80 0 -300 1 0 0 0 1 0 0 0 1 6558.dat
1 0 80 0 -240 1 0 0 0 1 0 0 0 1 6558.dat
1 71 80 20 -240 0 0 1 0 -1 0 1 0 0 6536.dat
1 0 80 20 -270 0 0 1 0 -1 0 1 0 0 3705.dat
1 71 80 20 -260 1 0 0 0 -1 0 0 0 -1 3713.dat
1 4 80 0 -280 0 1 0 0 0 -1 -1 0 0 32039.dat
1 71 80 20 -300 0 0 1 0 -1 0 1 0 0 6536.dat
1 71 80 0 -100 0 -1 0 1 0 0 0 0 1 32524.dat
1 1 -30 0 -140 1 0 0 0 1 0 0 0 1 43093.dat
1 0 -10 0 -140 0 0 1 0 1 0 -1 0 0 6538.dat
1 0 70 0 -140 1 0 0 0 1 0 0 0 1 3707.dat
1 71 35 0 -140 0 0 1 0 1 0 -1 0 0 32123.dat
1 71 20 0 -140 0 0 1 0 1 0 -1 0 0 3713.dat
1 72 45 0 -170 0 -1 0 -1 0 0 0 0 -1 32449.dat
1 0 80 0 -200 1 0 0 0 -1 0 0 0 -1 3705.dat
1 71 80 0 -200 0 0 1 0 1 0 -1 0 0 3713.dat
1 72 100 0 -200 0 -1 0 1 0 0 0 0 1 32525.dat
1 0 80 0 -60 1 0 0 0 1 0 0 0 1 6558.dat
1 72 115 0 -170 0 -1 0 1 0 0 0 0 1 32449.dat
1 4 100 0 80 0 1 0 -1 0 0 0 0 1 32009.dat
1 19 -0.222 -30 -144.521 0 0.742 -0.67 -1 0 0 0 0.67 0.742 3749.dat
1 0 20 -10 -250 -1 0 0 0 1 0 0 0 -1 32068.dat
1 72 0 0 -270 1 0 0 0 -1 0 0 0 -1 6587.dat
1 71 5 0 -270 0 0 -1 0 -1 0 -1 0 0 32123.dat
1 71 -5 0 -270 0 0 -1 0 -1 0 -1 0 0 32123.dat
1 0 50 0 -270 0 1 0 1 0 0 0 0 -1 32069.dat
1 0 140 10 -250 1 0 0 0 -1 0 0 0 -1 32068.dat
1 72 160 0 -270 -1 0 0 0 1 0 0 0 -1 6587.dat
1 71 155 0 -270 0 0 1 0 1 0 -1 0 0 32123.dat
1 71 165 0 -270 0 0 1 0 1 0 -1 0 0 32123.dat
1 0 110 0 -270 0 -1 0 -1 0 0 0 0 -1 32069.dat
1 71 80 -20 -230 0 0 1 0 1 0 -1 0 0 32524.dat
1 72 20 -47 -230 0 0 1 -1 0 0 0 -1 0 59426.dat
1 71 20 -40 -230 1 0 0 0 0 1 0 -1 0 3713.dat
1 71 20 -60 -230 1 0 0 0 0 1 0 -1 0 3713.dat
1 71 20 -75 -230 1 0 0 0 0 1 0 -1 0 32123.dat
1 19 120 -30 -230 0 0 1 -1 0 0 0 -1 0 3749.dat
1 72 140 -47 -230 0 0 1 -1 0 0 0 -1 0 59426.dat
1 71 140 -40 -230 1 0 0 0 0 1 0 -1 0 3713.dat
1 71 140 -60 -230 1 0 0 0 0 1 0 -1 0 3713.dat
1 71 140 -75 -230 1 0 0 0 0 1 0 -1 0 32123.dat
1 4 -0.222 -40 -144.521 0.742 0 0.67 0 -1 0 0.67 0 -0.742 32271.dat
1 4 80 -10 -280 0 1 0 1 0 0 0 0 -1 32062.dat
1 71 120 0 40 0 0 1 0 -1 0 1 0 0 3713.dat
1 71 120 0 -40 0 0 1 0 -1 0 1 0 0 3713.dat
1 71 120 0 -80 0 0 1 0 -1 0 1 0 0 3713.dat
1 71 125 0 -140 0 0 1 0 -1 0 1 0 0 32123.dat
1 4 60 -80 -80 0 -1 0 1 0 0 0 0 1 32525.dat
1 0 80 -80 -180 1 0 0 0 1 0 0 0 1 6558.dat
1 0 80 -80 -160 1 0 0 0 1 0 0 0 1 6558.dat
1 0 80 -80 -100 1 0 0 0 1 0 0 0 1 6558.dat
1 4 80 -80 -240 0 -1 0 1 0 0 0 0 1 40490.dat
1 71 65 -80 -200 0 -1 0 -1 0 0 0 0 -1 32056.dat
1 4 80 -120 -200 1 0 0 0 -1 0 0 0 -1 32062.dat
1 4 80 -80 -240 1 0 0 0 -1 0 0 0 -1 32062.dat
1 4 80 -80 -200 1 0 0 0 -1 0 0 0 -1 32062.dat
1 0 80 -120 -180 1 0 0 0 0 -1 0 1 0 42003.dat
1 71 95 -80 -200 0 1 0 0 0 -1 -1 0 0 32056.dat
1 0 80 -80 -30 -1 0 0 0 0 -1 0 -1 0 32138.dat
1 71 80 -80 20 -1 0 0 0 0 -1 0 -1 0 44294.dat
1 71 40 -80 20 0 0 -1 1 0 0 0 -1 0 3713.dat
1 4 80 -80 40 -1 0 0 0 -1 0 0 0 1 32039.dat
1 4 75 -22.593 -59.944 0 -1 0 0.999 0 0.043 -0.043 0 0.999 32065.dat
1 0 80 -25.186 -119.888 -1 0 0 0 -0.999 0.043 0 0.043 0.999 2780.dat
1 0 80 -23.457 -79.925 -1 0 0 0 -0.999 0.043 0 0.043 0.999 2780.dat
1 0 80 -20.864 -19.981 -1 0 0 0 -0.999 0.043 0 0.043 0.999 2780.dat
1 4 85 -22.593 -59.944 0 -1 0 0.999 0 0.043 -0.043 0 0.999 32065.dat
1 4 65 -25.186 -119.888 0 -1 0 0.999 0 0.043 -0.043 0 0.999 32017.dat
1 71 65 -21.729 -39.963 0 -1 0 0.999 0 0.043 -0.043 0 0.999 6632.dat
1 4 80 -21.729 -39.963 -1 0 0 0 -0.999 0.043 0 0.043 0.999 32062.dat
1 71 95 -21.729 -39.963 0 -1 0 0.999 0 0.043 -0.043 0 0.999 6632.dat
1 0 80 -26.915 -159.851 -1 0 0 0 -0.999 0.043 0 0.043 0.999 2780.dat
1 4 75 -53.458 -129.925 0 -1 0 0.748 0 -0.664 0.664 0 0.748 32017.dat
1 4 85 -53.458 -129.925 0 -1 0 0.748 0 -0.664 0.664 0 0.748 32017.dat
1 4 95 -25.186 -119.888 0 -1 0 0.999 0 0.043 -0.043 0 0.999 32017.dat
1 4 100 -80 -80 0 -1 0 1 0 0 0 0 1 32525.dat
1 0 60 -20 0 1 0 0 0 1 0 0 0 1 3706.dat
1 71 105 -20 0 0 0 -1 0.999 -0.043 0 -0.043 -0.999 0 32123.dat
1 71 120 -20 0 0 0 -1 0.999 -0.043 0 -0.043 -0.999 0 3713.dat
1 71 120 -80 20 0 0 -1 1 0 0 0 -1 0 3647.dat
1 71 135 0 0 0 1 0 0 0 -1 -1 0 0 2905.dat
1 71 145 0 0 0 1 0 0 0 -1 -1 0 0 2905.dat
1 4 140 -80 -80 0 1 0 1 0 0 0 0 -1 32009.dat
1 71 150 -80 40 1 0 0 0 -1 0 0 0 -1 4274.dat
1 71 150 -80 60 1 0 0 0 -1 0 0 0 -1 4274.dat
1 1 150 -80 -40 1 0 0 0 -1 0 0 0 -1 43093.dat
1 71 155 -80 -20 0 1 0 1 0 0 0 0 -1 41677.dat
1 71 120 -60 0 0 0.669 0.743 0 0.743 -0.669 -1 0 0 32073.dat
1 0 120 -60 50 -0.743 0.669 0 0.669 0.743 0 0 0 -1 6538.dat
1 0 120 -60 90 0 0.669 0.743 0 0.743 -0.669 -1 0 0 3705.dat
1 0 120 -60 10 -0.743 0.669 0 0.669 0.743 0 0 0 -1 4716.dat
1 4 120 -80 -20 -1 0 0 0 1 0 0 0 -1 6536.dat
1 71 120 -60 -40 -0.743 0.669 0 0.669 0.743 0 0 0 -1 3713.dat
1 0 150 -80 -20 -1 0 0 0 1 0 0 0 -1 3705.dat
1 4 120 -80 80 1 0 0 0 1 0 0 0 1 6536.dat
1 0 130 -80 80 1 0 0 0 1 0 0 0 1 3705.dat
1 4 160 -80 80 1 0 0 0 1 0 0 0 1 6536.dat
1 0 160 -60 90 0 0 1 0 1 0 -1 0 0 2780.dat
1 71 160 0 -80 0 0 1 0 -1 0 1 0 0 3713.dat
1 1 150 -80 0 1 0 0 0 0 -1 0 1 0 43093.dat
1 72 150 -40 0 1 0 0 0 0 -1 0 1 0 32002.dat
1 71 155 0 0 0 -1 0 0 0 -1 1 0 0 32250.dat
1 71 165 0 0 0 -1 0 1 0 0 0 0 1 6632.dat
1 71 175 0 0 0 -1 0 1 0 0 0 0 1 6632.dat
1 4 160 0 0 -1 0 0 0 -1 0 0 0 1 32062.dat
1 19 180 0 20 1 0 0 0 -1 0 0 0 -1 3749.dat
1 0 150 0 -140 0 0 1 0 1 0 -1 0 0 6538.dat
1 71 165 -80 -40 0 -1 0 1 0 0 0 0 1 6632.dat
1 4 80 -60 100 0 0 1 -1 0 0 0 -1 0 40490.dat
1 4 200 -80 -20 0 0 1 0 -1 0 1 0 0 32013.dat
1 71 200 -80 -10 0 0 1 0 -1 0 1 0 0 4274.dat
1 4 80 -80 50 0 0 1 0 1 0 -1 0 0 32062.dat
1 0 80 -80 70 -1 0 0 0 1 0 0 0 -1 6538.dat
1 4 80 -80 90 0 0 1 0 1 0 -1 0 0 32062.dat
1 71 80 -80 100 0 0 -1 0 -1 0 -1 0 0 6536.dat
1 0 80 -100 100 1 0 0 0 -1 0 0 0 -1 6558.dat
1 0 40 -60 120 0.951 0.309 0 -0.309 0.951 0 0 0 1 32270.dat
1 0 120 -60 120 0.743 0.669 0 -0.669 0.743 0 0 0 1 32270.dat
1 4 60 -100 40 0 1 0 -1 0 0 0 0 1 32524.dat
1 4 55 -20 -320 0 -1 0 1 0 0 0 0 1 32056.dat
1 72 60 0 -320 -1 0 0 0 -1 0 0 0 1 32002.dat
1 71 80 -20 -320 -1 0 0 0 -1 0 0 0 1 4519.dat
1 71 80 20 -320 -1 0 0 0 -1 0 0 0 1 4519.dat
1 4 65 -20 -280 0 -1 0 -1 0 0 0 0 -1 32249.dat
1 0 80 -20 -300 1 0 0 0 -1 0 0 0 -1 6558.dat
1 0 80 -20 -300 0 0 1 -1 0 0 0 -1 0 42003.dat
1 4 80 0 -320 -1 0 0 0 0 -1 0 -1 0 75535.dat
1 72 100 0 -320 1 0 0 0 0 -1 0 1 0 32002.dat
1 4 95 -20 -280 0 -1 0 -1 0 0 0 0 -1 32249.dat
1 4 80 20 -320 -1 0 0 0 0 -1 0 -1 0 75535.dat
1 4 105 -20 -320 0 -1 0 1 0 0 0 0 1 32056.dat
1 0 55 -68 -364 0 -1 0 -0.8 0 -0.6 0.6 0 -0.8 41677.dat
1 71 80 -68 -364 1 0 0 0 -0.8 -0.6 0 0.6 -0.8 4519.dat
1 71 80 -80 -380 1 0 0 0 -0.8 -0.6 0 0.6 -0.8 4519.dat
1 71 65 -68 -364 0 0 1 0.6 -0.8 0 0.8 0.6 0 32123.dat
1 72 65 -56 -398 0 1 0 0.6 0 0.8 0.8 0 -0.6 32449.dat
1 4 80 -100 -280 0 1 0 1 0 0 0 0 -1 32348.dat
1 0 55 -52 -376 0 -1 0 -0.8 0 -0.6 0.6 0 -0.8 41677.dat
1 71 80 -52 -376 1 0 0 0 -0.8 -0.6 0 0.6 -0.8 4519.dat
1 71 80 -64 -392 1 0 0 0 -0.8 -0.6 0 0.6 -0.8 4519.dat
1 71 65 -52 -376 0 0 1 0.6 -0.8 0 0.8 0.6 0 32123.dat
1 0 80 -48 -404 1 0 0 0 0.8468 -0.5324 0 0.5324 0.8468 3705.dat
1 71 45 -48 -404 0 0 -1 -0.5324 0.8468 0 0.8468 0.5324 0 32123.dat
1 71 55 -26.7266 -437.8738 0 1 0 -0.8468 0 -0.5324 -0.5324 0 0.8468 32056.dat
1 71 80 -48 -404 0 0 1 -0.847 0.532 0 -0.532 -0.847 0 3647.dat
1 72 80 -70.4 -412.2 0 -0.719 -0.695 0.8 -0.417 0.4314 -0.6 -0.556 0.5752 59426.dat
1 71 80 -80 -380 1 0 0 0 -0.6 0.8 0 -0.8 -0.6 6536.dat
1 0 80 -68 -414 0.695 -0.719 0 -0.4314 -0.417 0.8 -0.5752 -0.556 -0.6 4716.dat
1 71 80 -32 -416 1 0 0 0 -0.6 0.8 0 -0.8 -0.6 6536.dat
1 71 80 -32 -441 -0.695 0.719 0 0.4314 0.417 0.8 0.5752 0.556 -0.6 32123.dat
1 4 80 -32 -416 -1 0 0 0 0.6 0.8 0 0.8 -0.6 32062.dat
1 72 95 -56 -398 0 1 0 0.6 0 0.8 0.8 0 -0.6 32449.dat
1 71 95 -68 -364 0 0 -1 -0.8 0.6 0 0.6 0.8 0 32123.dat
1 71 95 -52 -376 0 0 -1 -0.8 0.6 0 0.6 0.8 0 32123.dat
1 0 105 -68 -364 0 -1 0 -0.8 0 -0.6 0.6 0 -0.8 41677.dat
1 0 105 -52 -376 0 -1 0 -0.8 0 -0.6 0.6 0 -0.8 41677.dat
1 71 105 -26.726 -437.874 0 1 0 -0.847 0 -0.532 -0.532 0 0.847 32056.dat
1 71 80 -100 -280 -1 0 0 0 1 0 0 0 -1 4519.dat
1 71 115 -48 -404 0 0 -1 -0.532 0.847 0 0.847 0.532 0 32123.dat
1 0 80 -116 -378 0.695 -0.719 0 -0.432 -0.417 0.8 -0.575 -0.556 -0.6 6538.dat
1 4 60 -100 -280 0 -1 0 -1 0 0 0 0 -1 32316.dat
1 0 80 -100 -320 1 0 0 0 -1 0 0 0 -1 6558.dat
1 0 80 -100 -260 1 0 0 0 -1 0 0 0 -1 6558.dat
1 0 80 -100 -240 1 0 0 0 -1 0 0 0 -1 6558.dat
1 4 100 -100 -280 0 -1 0 -1 0 0 0 0 -1 32316.dat
1 4 80 -100 -140 0 -1 0 -1 0 0 0 0 -1 41239.dat
1 0 80 -100 -20 -1 0 0 0 -1 0 0 0 1 6558.dat
1 4 100 -100 40 0 1 0 -1 0 0 0 0 1 32524.dat
1 71 0 -80 -160 1 0 0 0 -0.766 0.643 0 -0.643 -0.766 6536.dat
1 1 10 -80 -160 -1 0 0 0 -0.766 -0.643 0 -0.643 0.766 43093.dat
1 0 20 -80 -160 -1 0 0 0 1 0 0 0 -1 32013.dat
1 71 0 -101.749 -165.195 0 0 -1 -0.643 0.766 0 0.766 0.643 0 4274.dat
1 0 20 -80 -110 0 0 -1 0 1 0 1 0 0 3705.dat
1 71 0 -106.891 -159.067 1 0 0 0 0.643 0.766 0 -0.766 0.643 30663.dat
1 71 20 -80 -120 1 0 0 0 1 0 0 0 1 3713.dat
1 0 20 -80 -105 0 0 1 -1 0 0 0 -1 0 41677.dat
1 71 20 -80 -90 0 -1 0 0 0 1 -1 0 0 32291.dat
1 0 20 -80 -75 0 0 1 -1 0 0 0 -1 0 41677.dat
1 0 -40 -80 -180 0 0 -1 1 0 0 0 -1 0 32014.dat
1 71 0 -80 -180 -1 0 0 0 0 -1 0 -1 0 4519.dat
1 0 40 -80 -180 0 1 0 1 0 0 0 0 -1 32014.dat
1 0 -40 -80 -110 0 1 0 0 0 -1 -1 0 0 3706.dat
1 0 40 -80 -110 0 1 0 0 0 -1 -1 0 0 3706.dat
1 71 40 -90 -180 0 1 0 -1 0 0 0 0 1 4274.dat
1 0 0 -90 -80 0 1 0 -1 0 0 0 0 1 2780.dat
1 0 -40 -180 -60 -1 0 0 0 1 0 0 0 -1 32039.dat
1 71 0 -180 -40 -1 0 0 0 1 0 0 0 -1 32073.dat
1 0 -25 -100 -40 0 -1 0 0 0 -1 1 0 0 32250.dat
1 71 0 -100 -40 1 0 0 0 0 -1 0 1 0 4519.dat
1 71 0 -100 0 1 0 0 0 0 -1 0 1 0 4519.dat
1 71 -10 -100 0 0 0 1 1 0 0 0 1 0 3713.dat
1 71 10 -100 0 0 0 1 1 0 0 0 1 0 3713.dat
1 0 -15 -180 -40 0 1 0 1 0 0 0 0 -1 41677.dat
1 0 -15 -100 -40 0 1 0 1 0 0 0 0 -1 41677.dat
1 0 0 -100 -80 1 0 0 0 0 1 0 -1 0 42003.dat
1 4 0 -100 -60 1 0 0 0 0 1 0 -1 0 32062.dat
1 0 0 -130 -99.995 0.971 -0.239 0 0 0 -1 0.239 0.971 0 6538.dat
1 71 0 -180 -99.995 0 -0.239 0.971 1 0 0 0 0.971 0.239 32073.dat
1 71 0 -160 -99.995 0.971 -0.239 0 0 0 -1 0.239 0.971 0 3713.dat
1 71 0 -195 -99.995 0.971 -0.239 0 0 0 -1 0.239 0.971 0 32123.dat
1 0 0 -180 -79.995 1 0 0 0 0 1 0 -1 0 42003.dat
1 4 0 -180 -59.995 1 0 0 0 0 1 0 -1 0 32062.dat
1 0 15 -180 -40 0 1 0 1 0 0 0 0 -1 41677.dat
1 0 15 -100 -40 0 1 0 1 0 0 0 0 -1 41677.dat
1 0 25 -100 -40 0 -1 0 0 0 -1 1 0 0 32250.dat
1 0 40 -180 -60 -1 0 0 0 1 0 0 0 -1 32039.dat
1 46 0 -203.987 -99.99 0.971 0 0.239 0 -1 0 0.239 0 -0.971 6143.dat
1 0 -0.147 -227.987 -100.239 0.966 0 0.259 0 -1 0 0.259 0 -0.966 2654.dat
1 0 0 -90 -100 0 -0.971 -0.238 1 0 0 0 -0.238 0.971 3705.dat
1 4 160 -40 -65 1 0 0 0 0 -1 0 1 0 32249.dat
1 0 160 -80 -110 0 1 0 0 0 -1 -1 0 0 3706.dat
1 0 160 -40 -110 0 1 0 0 0 -1 -1 0 0 3706.dat
1 71 160 -80 -55 0 1 0 -1 0 0 0 0 1 32123.dat
1 71 160 -40 -55 0 1 0 -1 0 0 0 0 1 32123.dat
1 71 160 -80 -80 0 -1 0 -1 0 0 0 0 -1 3713.dat
1 71 160 -40 -80 0 -1 0 -1 0 0 0 0 -1 3713.dat
1 4 160 0 -95 1 0 0 0 0 -1 0 1 0 32250.dat
1 72 160 -60 -100 0 -1 0 0 0 -1 1 0 0 32002.dat
1 71 200 0 -110 0 0 1 0 1 0 -1 0 0 32073.dat
1 71 200 0 -65 -1 0 0 0 1 0 0 0 -1 32123.dat
1 4 180 0 -80 0 0 -1 0 1 0 1 0 0 32039.dat
1 71 200 0 -110 0 -1 0 -1 0 0 0 0 -1 3713.dat
1 71 160 -40 -110 0 -1 0 -1 0 0 0 0 -1 3713.dat
1 71 140 -70 -110 0 1 0 1 0 0 0 0 -1 32291.dat
1 4 140 -80 -110 0 1 0 1 0 0 0 0 -1 32062.dat
1 0 140 -85 -90 -1 0 0 0 1 0 0 0 -1 41677.dat
1 0 140 -95 -90 -1 0 0 0 1 0 0 0 -1 41677.dat
1 4 160 0 -125 1 0 0 0 0 -1 0 1 0 32250.dat
1 71 160 -80 -140 0 -1 0 0 0 -1 1 0 0 32291.dat
1 71 160 -40 -140 0 -1 0 -1 0 0 0 0 -1 3713.dat
1 4 180 0 -140 0 0 -1 0 1 0 1 0 0 32039.dat
1 4 170 0 -140 1 0 0 0 1 0 0 0 1 32062.dat
1 4 160 0 -155 1 0 0 0 0 -1 0 1 0 32250.dat
1 71 140 -90 -130 0 0 -1 -1 0 0 0 1 0 4274.dat
1 71 140 -90 -150 0 0 -1 -1 0 0 0 1 0 4274.dat
1 4 140 -100 -90 0 1 0 1 0 0 0 0 -1 32062.dat
1 0 140 -130 -90 -1 0 0 0 0 -1 0 -1 0 32015.dat
1 72 140 -98 -140 0 0 -1 0 1 0 1 0 0 2412.dat
1 71 160 -80 -165 0 -1 0 -1 0 0 0 0 -1 32123.dat
1 71 160 -40 -165 0 -1 0 -1 0 0 0 0 -1 32123.dat
1 4 160 -90 -230 0 0 1 -1 0 0 0 -1 0 32039.dat
1 71 180 -90 -230 -1 0 0 0 1 0 0 0 -1 4519.dat
1 4 180 -90 -230 0 1 0 -1 0 0 0 0 1 41669.dat
1 4 200 -90 -230 0 -1 0 1 0 0 0 0 1 41669.dat
1 4 0 -90 -230 0 0 -1 1 0 0 0 -1 0 32039.dat
1 71 -20 -90 -230 1 0 0 0 -1 0 0 0 -1 4519.dat
1 4 -20 -90 -230 0 -1 0 1 0 0 0 0 1 41669.dat
1 4 -40 -90 -230 0 1 0 -1 0 0 0 0 1 41669.dat
1 71 118 -60.6 -459.147 -1 0 0 0 -0.847 -0.532 0 -0.532 0.847 2736.dat
1 71 118 -26.726 -437.874 -1 0 0 0 -0.847 -0.532 0 -0.532 0.847 2736.dat
1 71 42 -60.6 -459.147 1 0 0 0 -0.532 -0.847 0 0.847 -0.532 2736.dat
1 71 42 -26.726 -437.874 1 0 0 0 -0.532 -0.847 0 0.847 -0.532 2736.dat
1 0 80 -26.726 -437.874 1 0 0 0 0.847 -0.532 0 0.532 0.847 2951.dat
1 15 199 0 20 0 0 -1 0 1 0 1 0 0 6595.dat
1 256 199 0 20 0 0 -1 0 1 0 1 0 0 32180.dat
1 15 189 0 -270 0 0 -1 0 1 0 1 0 0 6595.dat
1 256 189 0 -270 0 0 -1 0 1 0 1 0 0 32180.dat
1 15 -39 0 20 0 0 1 0 1 0 -1 0 0 6595.dat
1 256 -39 0 20 0 0 1 0 1 0 -1 0 0 32180.dat
1 15 -29 0 -270 0 0 1 0 1 0 -1 0 0 6595.dat
1 256 -29 0 -270 0 0 1 0 1 0 -1 0 0 32180.dat
