0 
0 Name: New Model.ldr
0 Author: 
1 0 10 -26 -560 -0.5 0 -0.866025 0 1 0 0.866025 0 -0.5 4600.dat
1 0 -59.282 -26 -600 -0.5 0 -0.866025 0 1 0 0.866025 0 -0.5 4600.dat
1 14 -24.641 -34 -580 0.866025 0 -0.5 0 1 0 0.5 0 0.866025 3795.dat
1 0 18.6602 -42 -555 0.5 0 0.866025 0 1 0 -0.866025 0 0.5 3794.dat
1 0 -67.9423 -42 -605 0.5 0 0.866025 0 1 0 -0.866025 0 0.5 3794.dat
1 14 -5 -21 -534.0192 -0.866025 0 0.5 0 1 0 -0.5 0 -0.866025 4624.dat
1 14 25 -21 -585.9808 0.866025 0 -0.5 0 1 0 0.5 0 0.866025 4624.dat
1 14 -44.282 -21 -625.9808 0.866025 0 -0.5 0 1 0 0.5 0 0.866025 4624.dat
1 14 -74.282 -21 -574.0192 -0.866025 0 0.5 0 1 0 -0.5 0 -0.866025 4624.dat
1 256 -9 -21 -527.0911 -0.866025 0 0.5 0 1 0 -0.5 0 -0.866025 4288.dat
1 256 -78.282 -21 -567.0911 -0.866025 0 0.5 0 1 0 -0.5 0 -0.866025 4288.dat
1 256 -40.282 -21 -632.9089 0.866025 0 -0.5 0 1 0 0.5 0 0.866025 4288.dat
1 256 29 -21 -592.9089 0.866025 0 -0.5 0 1 0 0.5 0 0.866025 4288.dat
1 0 -67.9423 -66 -605 0.5 0 0.866025 0 1 0 -0.866025 0 0.5 4733.dat
1 0 18.6602 -66 -555 0.5 0 0.866025 0 1 0 -0.866025 0 0.5 4733.dat
1 0 1.3398 -42 -565 0.5 0 0.866025 0 1 0 -0.866025 0 0.5 2342.dat
1 0 -7.641 -56 -609.4448 -0.866025 -0.5 0 0 0 1 -0.5 0.866025 0 4873.dat
1 0 -41.641 -56 -550.5552 -0.866025 0.5 0 0 0 -1 -0.5 -0.866025 0 4873.dat
1 36 48.1051 -56 -538 -0.5 -0.866025 0 0 0 -1 0.866025 -0.5 0 4589.dat
1 0 -67.9423 -78 -605 0.5 -0.866025 0 0 0 1 -0.866025 -0.5 0 3959.dat
1 36 -76.6025 -78 -610 0.5 -0.866025 0 0 0 1 -0.866025 -0.5 0 4588.dat
1 14 -4.6358 -82.3 -568.45 0.5 0.317399 0.805765 0 0.930418 -0.366501 -0.866025 0.183251 0.465209 3070.dat
