0 
0 Name: New Model.ldr
0 Author: 
1 15 -288.169 -40 -95.85 0.866 0 -0.5 0 1 0 0.5 0 0.866 4212.dat
1 4 -323.169 -32 -35.23 0.5 0 0.866 0 1 0 -0.866 0 0.5 3021.dat
1 4 -253.169 -32 -156.47 0.5 0 0.866 0 1 0 -0.866 0 0.5 3021.dat
1 0 -323.169 -24 -35.23 0.5 0 0.866 0 1 0 -0.866 0 0.5 3021.dat
1 33 -307.189 -32 -2.91 0.5 0 0.866 0 1 0 -0.866 0 0.5 3024.dat
1 33 -359.149 -32 -32.91 0.5 0 0.866 0 1 0 -0.866 0 0.5 3024.dat
1 46 -269.149 -32 -188.79 0.5 0 0.866 0 1 0 -0.866 0 0.5 3024.dat
1 46 -217.189 -32 -158.79 0.5 0 0.866 0 1 0 -0.866 0 0.5 3024.dat
1 4 -314.149 -32 -110.85 0.5 0 0.866 0 1 0 -0.866 0 0.5 3710.dat
1 4 -262.189 -32 -80.85 0.5 0 0.866 0 1 0 -0.866 0 0.5 3710.dat
1 0 -318.169 -24 -43.89 -0.866 0 0.5 0 1 0 -0.5 0 -0.866 6157.dat
1 0 -258.169 -32 -147.81 -0.866 0 0.5 0 1 0 -0.5 0 -0.866 6157.dat
1 4 -263.169 -64 -139.15 0.866 0 -0.5 0 1 0 0.5 0 0.866 2513.dat
1 4 -318.169 -56 -43.89 0.866 0 -0.5 0 1 0 0.5 0 0.866 3788.dat
1 15 -341.829 -48 -22.91 0.866 0 -0.5 0 1 0 0.5 0 0.866 3024.dat
1 15 -324.509 -48 -12.91 -0.866 0 0.5 0 1 0 -0.5 0 -0.866 6019.dat
1 36 -307.189 -48 -2.91 -0.866 0 0.5 0 1 0 -0.5 0 -0.866 3024.dat
1 36 -359.149 -48 -32.91 -0.866 0 0.5 0 1 0 -0.5 0 -0.866 3024.dat
1 0 -333.643 -48 4.91 0 0.866 -0.5 -1 0 0 0 0.5 0.866 3962.dat
1 36 -307.189 -56 -2.91 -0.866 0 0.5 0 1 0 -0.5 0 -0.866 3024.dat
1 36 -359.149 -56 -32.91 -0.866 0 0.5 0 1 0 -0.5 0 -0.866 3024.dat
1 15 -333.169 -56 -17.91 -0.866 0 0.5 0 1 0 -0.5 0 -0.866 3794.dat
1 15 -323.169 -56 -35.23 -0.866 0 0.5 0 1 0 -0.5 0 -0.866 3794.dat
1 4 -303.169 -64 -69.87 -0.866 0 0.5 0 1 0 -0.5 0 -0.866 4865.dat
1 4 -273.169 -48 -121.83 0.866 0 -0.5 0 1 0 0.5 0 0.866 3829.dat
1 4 -329.149 -64 -84.87 0.866 0 -0.5 0 1 0 0.5 0 0.866 3005.dat
1 4 -277.189 -64 -54.87 0.866 0 -0.5 0 1 0 0.5 0 0.866 3005.dat
1 4 -247.189 -64 -106.83 0.866 0 -0.5 0 1 0 0.5 0 0.866 3822.dat
1 4 -299.149 -64 -136.83 0.866 0 -0.5 0 1 0 0.5 0 0.866 3821.dat
1 4 -349.149 -64 -50.23 0.5 0 0.866 0 1 0 -0.866 0 0.5 3623.dat
1 4 -297.189 -64 -20.23 0.5 0 0.866 0 1 0 -0.866 0 0.5 3623.dat
1 15 -352.809 -19 -63.89 0.5 0 0.866 0 1 0 -0.866 0 0.5 4624.dat
1 0 -352.809 -19 -63.89 0.5 0 0.866 0 1 0 -0.866 0 0.5 3641.dat
1 15 -283.529 -19 -23.89 -0.5 0 -0.866 0 1 0 0.866 0 -0.5 4624.dat
1 0 -283.529 -19 -23.89 -0.5 0 -0.866 0 1 0 0.866 0 -0.5 3641.dat
1 15 -292.809 -27 -167.81 0.5 0 0.866 0 1 0 -0.866 0 0.5 4624.dat
1 0 -292.809 -27 -167.81 0.5 0 0.866 0 1 0 -0.866 0 0.5 3641.dat
1 15 -223.529 -27 -127.81 -0.5 0 -0.866 0 1 0 0.866 0 -0.5 4624.dat
1 0 -223.529 -27 -127.81 -0.5 0 -0.866 0 1 0 0.866 0 -0.5 3641.dat
1 15 -328.169 -72 -26.57 -0.5 0 -0.866 0 1 0 0.866 0 -0.5 4531.dat
1 0 -329.87 -82.892 -23.6239 -0.866 0.25 0.433013 0 0.866025 -0.5 -0.5 -0.433 -0.749978 2923.dat
1 41 -273.169 -96 -121.83 0.866 0 -0.5 0 1 0 0.5 0 0.866 2437.dat
1 0 -318.485 -127.603 -43.3427 -0.866 0 0.5 0 1 0 -0.5 0 -0.866 2922a.dat
1 15 -330.123 -143 -61.184 0.866 -0.5 0 0 0 -1 0.5 0.866 0 6019.dat
1 15 -297.215 -143 -42.184 0.866 -0.5 0 0 0 -1 0.5 0.866 0 6019.dat
1 33 -301.215 -143 -35.256 0.866 -0.5 0 0 0 -1 0.5 0.866 0 3024.dat
1 33 -334.123 -143 -54.256 0.866 -0.5 0 0 0 -1 0.5 0.866 0 3024.dat
1 33 -326.123 -143 -68.112 0.866 -0.5 0 0 0 -1 0.5 0.866 0 3070.dat
1 33 -293.215 -143 -49.112 0.866 -0.5 0 0 0 -1 0.5 0.866 0 3070.dat
