0 
0 Name: New Model.ldr
0 Author: 
1 0 301.023 -4 147.764 -0.2588 0 0.9659 0 1 0 -0.9659 0 -0.2588 3460.dat
1 0 358.977 -4 132.236 -0.2588 0 0.9659 0 1 0 -0.9659 0 -0.2588 3460.dat
1 1 348.116 -12 207.613 -0.9659 0 -0.2588 0 1 0 0.2588 0 -0.9659 3710.dat
1 1 327.412 -12 130.341 -0.9659 0 -0.2588 0 1 0 0.2588 0 -0.9659 3710.dat
1 1 386.059 -12 156.037 0.9659 0 0.2588 0 1 0 -0.2588 0 0.9659 2450.dat
1 1 289.469 -12 181.917 -0.2588 0 0.9659 0 1 0 -0.9659 0 -0.2588 2450.dat
1 1 311.884 -12 72.387 0.9659 0 0.2588 0 1 0 -0.2588 0 0.9659 2419.dat
1 0 309.296 -4 62.728 0.9659 0 0.2588 0 1 0 -0.2588 0 0.9659 4032.dat
1 0 317.06 -20 91.705 0.9659 0 0.2588 0 1 0 -0.2588 0 0.9659 3794.dat
1 0 301.023 -20 147.764 -0.2588 0 0.9659 0 1 0 -0.9659 0 -0.2588 3460.dat
1 0 358.977 -20 132.236 -0.2588 0 0.9659 0 1 0 -0.9659 0 -0.2588 3460.dat
1 0 348.116 -28 207.613 -0.9659 0 -0.2588 0 1 0 0.2588 0 -0.9659 2431.dat
1 0 327.412 -28 130.341 -0.9659 0 -0.2588 0 1 0 0.2588 0 -0.9659 2431.dat
1 0 293.259 -28 118.787 -0.2588 0 0.9659 0 1 0 -0.9659 0 -0.2588 4085.dat
1 0 351.213 -28 103.259 0.2588 0 -0.9659 0 1 0 0.9659 0 0.2588 4085.dat
1 0 285.495 -28 89.81 -0.2588 0 0.9659 0 1 0 -0.9659 0 -0.2588 4276.dat
1 0 343.449 -28 74.282 -0.2588 0 0.9659 0 1 0 -0.9659 0 -0.2588 4276.dat
1 0 273.0726 -55.176 43.4468 -0.224121 0.1294 0.9659 0.5 0.866 0 -0.836469 0.48295 -0.2588 2433.dat
1 0 329.0971 -49.4556 20.7174 -0.182997 0.182997 0.9659 0.7071 0.7071 0 -0.682988 0.682988 -0.2588 2433.dat
1 1 290.671 -36 109.128 -0.2588 0 0.9659 0 1 0 -0.9659 0 -0.2588 3069.dat
1 1 348.625 -36 93.6 -0.2588 0 0.9659 0 1 0 -0.9659 0 -0.2588 3069.dat
1 0 275.327 -36 206.411 -0.2588 0 0.9659 0 1 0 -0.9659 0 -0.2588 4589.dat
1 0 410.553 -36 170.179 -0.2588 0 0.9659 0 1 0 -0.9659 0 -0.2588 4589.dat
1 0 372.4628 -52 97.5654 0.2588 -0.9659 0 0 0 -1 0.9659 0.2588 0 3900.dat
