0 Main
0 Name: 8416 - Forklift - Tractor.mpd
0 Author: LTRON
1 0 20 -40 0 0 -1 0 1 0 0 0 0 1 32140.dat
1 0 30 -40 60 -1 0 0 0 -1 0 0 0 1 2780.dat
1 1 30 -40 0 -1 0 0 0 -1 0 0 0 1 43093.dat
1 0 40 -40 80 0 -1 0 1 0 0 0 0 1 40490.dat
1 0 0 -40 30 -1 0 0 0 0 -1 0 -1 0 32138.dat
1 0 60 -20 80 -1 0 0 0 -1 0 0 0 1 32184.dat
1 1 70 0 80 -1 0 0 0 -1 0 0 0 1 43093.dat
1 71 40 -40 80 -1 0 0 0 -1 0 0 0 1 4519.dat
1 0 60 -20 90 0 0 -1 0 -1 0 -1 0 0 2780.dat
1 72 20 -40 80 -1 0 0 0 1 0 0 0 -1 6536.dat
1 0 -20 -40 0 0 -1 0 1 0 0 0 0 1 32140.dat
1 1 -30 -40 0 1 0 0 0 1 0 0 0 1 43093.dat
1 0 -30 -40 60 1 0 0 0 1 0 0 0 1 2780.dat
1 0 -40 -40 80 0 -1 0 1 0 0 0 0 1 40490.dat
1 0 -60 -20 80 -1 0 0 0 -1 0 0 0 1 32184.dat
1 71 -40 -40 80 -1 0 0 0 -1 0 0 0 1 4519.dat
1 1 -70 0 80 1 0 0 0 -1 0 0 0 -1 43093.dat
1 0 -60 -20 90 0 0 1 0 -1 0 1 0 0 2780.dat
1 72 -20 -40 80 -1 0 0 0 1 0 0 0 -1 6536.dat
1 71 0 -60 100 -1 0 0 0 -1 0 0 0 1 32073.dat
1 71 0 -60 100 0 0 -1 0 -1 0 -1 0 0 3713.dat
1 71 20 -40 100 -1 0 0 0 1 0 0 0 -1 42003.dat
1 71 -20 -40 100 -1 0 0 0 1 0 0 0 -1 42003.dat
1 0 40 -60 100 0 1 0 -1 0 0 0 0 1 32140.dat
1 71 30 -60 160 -1 0 0 0 -1 0 0 0 1 4274.dat
1 0 20 -20 100 0 0 1 0 -1 0 1 0 0 6558.dat
1 0 -20 -20 100 0 0 1 0 -1 0 1 0 0 6558.dat
1 71 0 -80 160 1 0 0 0 -1 0 0 0 -1 32073.dat
1 71 10 -80 160 0 0 1 0 -1 0 1 0 0 3713.dat
1 71 -10 -80 160 0 0 1 0 -1 0 1 0 0 3713.dat
1 0 -25 -40 160 0 -1 0 0 0 -1 1 0 0 6632.dat
1 0 25 -40 160 0 -1 0 0 0 -1 1 0 0 6632.dat
1 71 -30 -60 160 1 0 0 0 1 0 0 0 1 4274.dat
1 0 -40 -60 100 0 1 0 -1 0 0 0 0 1 32140.dat
1 0 0 -20 120 0 0 1 -1 0 0 0 -1 0 40490.dat
1 0 -60 -20 140 0 0 1 0 -1 0 1 0 0 6558.dat
1 0 -80 -20 120 0 0 1 0 1 0 -1 0 0 6558.dat
1 0 60 -20 140 0 0 1 0 -1 0 1 0 0 6558.dat
1 0 80 -20 120 0 0 1 0 1 0 -1 0 0 6558.dat
1 0 -120 -20 100 0 0 1 -1 0 0 0 -1 0 32140.dat
1 0 120 -20 100 0 0 -1 -1 0 0 0 1 0 32140.dat
1 0 120 -20 140 0 0 -1 -1 0 0 0 1 0 32140.dat
1 0 -120 -20 140 0 0 1 -1 0 0 0 -1 0 32140.dat
1 71 -60 -20 160 -1 0 0 0 1 0 0 0 -1 48989.dat
1 71 60 -20 160 -1 0 0 0 1 0 0 0 -1 48989.dat
1 0 -70 0 160 -1 0 0 0 1 0 0 0 -1 2780.dat
1 0 70 0 160 -1 0 0 0 1 0 0 0 -1 2780.dat
1 71 -120 -20 120 0 0 1 0 1 0 -1 0 0 4519.dat
1 71 120 -20 120 0 0 1 0 1 0 -1 0 0 4519.dat
1 72 0 0 180 0 0 1 1 0 0 0 1 0 32524.dat
1 72 0 -40 180 0 0 1 1 0 0 0 1 0 32524.dat
1 71 120 0 120 1 0 0 0 -1 0 0 0 -1 44294.dat
1 0 60 0 120 0 0 1 0 -1 0 1 0 0 3713.dat
1 72 80 0 120 0 -1 0 1 0 0 0 0 1 32316.dat
1 71 100 0 120 0 0 -1 0 -1 0 -1 0 0 3713.dat
1 71 -120 0 120 -1 0 0 0 1 0 0 0 -1 44294.dat
1 0 -60 0 120 0 0 -1 0 1 0 1 0 0 3713.dat
1 72 -80 0 120 0 1 0 -1 0 0 0 0 1 32316.dat
1 71 -100 0 120 0 0 1 0 1 0 -1 0 0 3713.dat
1 0 -120 0 120 0 0 1 0 1 0 -1 0 0 32184.dat
1 0 120 0 120 0 0 1 0 1 0 -1 0 0 32184.dat
1 1 120 20 130 0 0 1 0 1 0 -1 0 0 43093.dat
1 1 -120 20 130 0 0 1 0 1 0 -1 0 0 43093.dat
1 0 0 20 140 0 0 1 1 0 0 0 1 0 41239.dat
1 72 -40 -40 160 -1 0 0 0 0 1 0 1 0 6587.dat
1 72 40 -40 160 1 0 0 0 0 1 0 -1 0 6587.dat
1 0 0 -20 10 0 0 1 1 0 0 0 1 0 32524.dat
1 0 -60 -20 10 0 0 1 0 1 0 -1 0 0 6558.dat
1 0 -60 0 30 1 0 0 0 -1 0 0 0 -1 6536.dat
1 0 -60 0 -10 1 0 0 0 -1 0 0 0 -1 6536.dat
1 1 -50 0 -10 -1 0 0 0 -1 0 0 0 1 43093.dat
1 71 -40 0 30 -1 0 0 0 -1 0 0 0 1 4519.dat
1 0 -40 0 -90 0 1 0 -1 0 0 0 0 1 32278.dat
1 0 -50 0 -50 1 0 0 0 1 0 0 0 1 2780.dat
1 0 -60 0 -70 -1 0 0 0 -1 0 0 0 1 6558.dat
1 0 -50 0 -90 -1 0 0 0 -1 0 0 0 1 2780.dat
1 0 0 0 -230 0 0 -1 -1 0 0 0 1 0 32034.dat
1 1 -30 0 -230 1 0 0 0 0 -1 0 1 0 43093.dat
1 1 30 0 -230 -1 0 0 0 0 1 0 1 0 43093.dat
1 0 0 0 30 0 0 -1 -1 0 0 0 1 0 32034.dat
1 0 40 0 -90 0 1 0 -1 0 0 0 0 1 32278.dat
1 0 -60 0 -210 -1 0 0 0 -1 0 0 0 1 6558.dat
1 0 -60 0 -170 -1 0 0 0 -1 0 0 0 1 6558.dat
1 1 50 0 -10 1 0 0 0 -1 0 0 0 -1 43093.dat
1 0 60 0 -10 1 0 0 0 -1 0 0 0 -1 6536.dat
1 0 60 0 -70 1 0 0 0 -1 0 0 0 -1 6558.dat
1 0 50 0 -50 1 0 0 0 -1 0 0 0 -1 2780.dat
1 0 50 0 -90 1 0 0 0 -1 0 0 0 -1 2780.dat
1 0 60 0 -210 1 0 0 0 -1 0 0 0 -1 6558.dat
1 0 60 0 -170 1 0 0 0 -1 0 0 0 -1 6558.dat
1 0 60 -20 10 0 0 -1 0 -1 0 -1 0 0 6558.dat
1 0 60 0 30 1 0 0 0 -1 0 0 0 -1 6536.dat
1 71 40 0 30 1 0 0 0 -1 0 0 0 -1 4519.dat
1 0 -60 -80 -50 0 -1 0 0 0 1 -1 0 0 32526.dat
1 0 -60 -80 -210 0 1 0 0 0 1 1 0 0 32526.dat
1 0 0 -30 30 0 1 0 1 0 0 0 0 -1 3706.dat
1 71 0 -18 30 0 1 0 0 0 1 1 0 0 3713.dat
1 71 0 20 30 0 -1 0 0 0 -1 1 0 0 3713.dat
1 0 -40 -60 -110 0 -1 0 1 0 0 0 0 1 32278.dat
1 0 -50 -60 10 -1 0 0 0 -1 0 0 0 1 2780.dat
1 0 -50 -60 -30 -1 0 0 0 -1 0 0 0 1 2780.dat
1 0 -50 -60 -110 -1 0 0 0 -1 0 0 0 1 2780.dat
1 0 -50 -60 -210 -1 0 0 0 -1 0 0 0 1 2780.dat
1 0 -60 -60 30 0 -1 0 -1 0 0 0 0 -1 32140.dat
1 0 -40 -60 -50 1 0 0 0 -1 0 0 0 -1 6558.dat
1 71 -60 -60 -90 0 0 -1 1 0 0 0 -1 0 42003.dat
1 71 -60 -60 -90 1 0 0 0 -1 0 0 0 -1 32054.dat
1 71 -40 -60 30 1 0 0 0 -1 0 0 0 -1 4519.dat
1 0 0 -60 30 0 0 -1 -1 0 0 0 1 0 32034.dat
1 71 40 -60 30 1 0 0 0 0 -1 0 1 0 4519.dat
1 1 -30 -60 -10 1 0 0 0 0 -1 0 1 0 43093.dat
1 0 0 -60 -10 0 0 -1 -1 0 0 0 1 0 32034.dat
1 1 30 -60 -10 -1 0 0 0 0 1 0 1 0 43093.dat
1 71 -40 -60 -130 1 0 0 0 0 -1 0 1 0 4519.dat
1 71 40 -60 -130 1 0 0 0 0 -1 0 1 0 4519.dat
1 72 0 -60 -130 0 0 -1 -1 0 0 0 1 0 32034.dat
1 0 40 -60 -110 0 -1 0 1 0 0 0 0 1 32278.dat
1 0 50 -60 -210 -1 0 0 0 -1 0 0 0 1 2780.dat
1 0 50 -60 -110 -1 0 0 0 -1 0 0 0 1 2780.dat
1 0 50 -60 -30 -1 0 0 0 -1 0 0 0 1 2780.dat
1 0 50 -60 10 -1 0 0 0 -1 0 0 0 1 2780.dat
1 0 40 -60 -50 -1 0 0 0 -1 0 0 0 1 6558.dat
1 71 60 -60 -90 0 0 -1 1 0 0 0 -1 0 42003.dat
1 71 60 -60 -90 -1 0 0 0 -1 0 0 0 1 32054.dat
1 0 60 -60 30 0 -1 0 -1 0 0 0 0 -1 32140.dat
1 71 70 -60 -130 0 0 -1 -1 0 0 0 1 0 6538.dat
1 71 -70 -60 -130 0 0 -1 -1 0 0 0 1 0 6538.dat
1 1 -90 -60 -130 1 0 0 0 0 -1 0 1 0 43093.dat
1 1 90 -60 -130 -1 0 0 0 0 -1 0 -1 0 43093.dat
1 0 70 -60 -10 -1 0 0 0 0 -1 0 -1 0 2780.dat
1 0 -70 -60 -10 -1 0 0 0 0 -1 0 -1 0 2780.dat
1 0 -20 -80 -110 0 -1 0 1 0 0 0 0 1 32140.dat
1 0 20 -80 -110 0 -1 0 1 0 0 0 0 1 32140.dat
1 0 0 -80 -80 -1 0 0 0 0 1 0 1 0 32138.dat
1 71 0 -80 -110 -1 0 0 0 -1 0 0 0 1 32073.dat
1 0 -40 -80 -50 -1 0 0 0 -1 0 0 0 1 6558.dat
1 0 40 -80 -50 1 0 0 0 -1 0 0 0 -1 6558.dat
1 0 40 -80 -130 0 1 0 1 0 0 0 0 -1 40490.dat
1 0 -40 -80 -130 0 1 0 1 0 0 0 0 -1 40490.dat
1 0 -50 -80 -210 -1 0 0 0 1 0 0 0 -1 2780.dat
1 0 50 -80 -210 -1 0 0 0 1 0 0 0 -1 2780.dat
1 71 0 -80 30 1 0 0 0 0 1 0 -1 0 32270.dat
1 0 60 -80 -50 0 -1 0 0 0 1 -1 0 0 32526.dat
1 0 60 -80 -210 0 1 0 0 0 1 1 0 0 32526.dat
1 0 0 -72 -454 -1 0 0 0 -0.8 -0.6 0 -0.6 0.8 3737.dat
1 0 0 -72 -454 -1 0 0 0 -0.6 0.8 0 0.8 0.6 41678.dat
1 0 25 -115.508 -386.865 0 -1 0 -0.839 0 0.544 -0.544 0 -0.839 32250.dat
1 0 0 -104.631 -403.649 0 0 1 -0.839 0.544 0 -0.544 -0.839 0 6538.dat
1 71 30 -104.631 -403.649 1 0 0 0 0.544 0.839 0 -0.839 0.544 4519.dat
1 71 -30 -104.631 -403.649 1 0 0 0 0.544 0.839 0 -0.839 0.544 4519.dat
1 0 -25 -115.508 -386.865 0 -1 0 -0.839 0 0.544 -0.544 0 -0.839 32250.dat
1 71 35 -104.631 -403.649 0 0 1 -0.839 0.544 0 -0.544 -0.839 0 32123.dat
1 71 -35 -104.631 -403.649 0 0 1 -0.839 0.544 0 -0.544 -0.839 0 32123.dat
1 0 -40 -40 -310 0 -1 0 -1 0 0 0 0 -1 32271.dat
1 0 40 -40 -310 0 -1 0 -1 0 0 0 0 -1 32271.dat
1 0 60 -40 -420 1 0 0 0 0 1 0 -1 0 32138.dat
1 0 -60 -40 -420 1 0 0 0 0 1 0 -1 0 32138.dat
1 0 60 -40 -370 1 0 0 0 0 1 0 -1 0 6558.dat
1 0 -60 -40 -370 -1 0 0 0 0 1 0 1 0 6558.dat
1 0 60 -20 -350 -1 0 0 0 -1 0 0 0 1 32184.dat
1 71 60 -40 -350 -1 0 0 0 -1 0 0 0 1 4519.dat
1 71 60 -20 -350 0 0 1 0 -1 0 1 0 0 32054.dat
1 1 70 0 -350 -1 0 0 0 -1 0 0 0 1 43093.dat
1 0 80 -40 -350 0 1 0 -1 0 0 0 0 1 32525.dat
1 71 80 -40 -450 -1 0 0 0 -1 0 0 0 1 32054.dat
1 0 -60 -20 -350 -1 0 0 0 -1 0 0 0 1 32184.dat
1 71 -60 -40 -350 -1 0 0 0 -1 0 0 0 1 4519.dat
1 71 -60 -20 -350 0 0 1 0 -1 0 1 0 0 32054.dat
1 1 -70 0 -350 1 0 0 0 -1 0 0 0 -1 43093.dat
1 0 -80 -40 -350 0 1 0 -1 0 0 0 0 1 32525.dat
1 71 -80 -40 -450 1 0 0 0 1 0 0 0 1 32054.dat
1 0 60 -20 -270 1 0 0 0 1 0 0 0 1 32184.dat
1 0 60 -20 -280 0 0 1 0 1 0 -1 0 0 2780.dat
1 1 70 0 -270 -1 0 0 0 1 0 0 0 -1 43093.dat
1 1 70 -40 -270 -1 0 0 0 1 0 0 0 -1 43093.dat
1 0 -60 -20 -270 -1 0 0 0 -1 0 0 0 1 32184.dat
1 0 -60 -20 -280 0 0 -1 0 -1 0 -1 0 0 2780.dat
1 1 -70 -40 -270 1 0 0 0 -1 0 0 0 -1 43093.dat
1 1 -70 0 -270 1 0 0 0 -1 0 0 0 -1 43093.dat
1 0 0 -20 -310 0 0 1 1 0 0 0 1 0 32525.dat
1 0 100 -20 -310 0 0 1 0 -1 0 1 0 0 6558.dat
1 0 80 -20 -310 0 0 1 0 -1 0 1 0 0 6558.dat
1 0 -100 -20 -310 0 0 1 0 -1 0 1 0 0 6558.dat
1 0 -80 -20 -310 0 0 1 0 -1 0 1 0 0 6558.dat
1 0 -120 -20 -330 0 0 1 -1 0 0 0 -1 0 32140.dat
1 0 -120 -20 -290 0 0 1 -1 0 0 0 -1 0 32140.dat
1 0 120 -20 -330 0 0 -1 -1 0 0 0 1 0 32140.dat
1 0 120 -20 -290 0 0 -1 -1 0 0 0 1 0 32140.dat
1 71 120 -20 -310 0 0 -1 0 1 0 1 0 0 4519.dat
1 71 -120 -20 -310 0 0 -1 0 1 0 1 0 0 4519.dat
1 0 -60 0 -250 0 -1 0 0 0 -1 1 0 0 32140.dat
1 0 60 0 -250 0 -1 0 0 0 -1 1 0 0 32140.dat
1 0 -70 -40 -250 1 0 0 0 0 -1 0 1 0 2780.dat
1 0 70 -40 -250 1 0 0 0 0 -1 0 1 0 2780.dat
1 0 -60 -60 -250 1 0 0 0 0 -1 0 1 0 6558.dat
1 0 60 -60 -250 -1 0 0 0 0 -1 0 -1 0 6558.dat
1 1 70 0 -250 -1 0 0 0 0 -1 0 -1 0 43093.dat
1 1 -70 0 -250 1 0 0 0 0 1 0 -1 0 43093.dat
1 0 0 -60 -230 0 0 -1 1 0 0 0 -1 0 32034.dat
1 71 -40 -60 -230 -1 0 0 0 0 -1 0 -1 0 4519.dat
1 71 40 -60 -230 -1 0 0 0 0 -1 0 -1 0 4519.dat
1 0 -80 0 -210 0 -1 0 1 0 0 0 0 1 32278.dat
1 0 -100 0 -90 -1 0 0 0 -1 0 0 0 1 6558.dat
1 0 -100 0 -110 -1 0 0 0 -1 0 0 0 1 6558.dat
1 0 -100 0 -110 0 -1 0 1 0 0 0 0 1 32523.dat
1 71 -120 0 -310 -1 0 0 0 -1 0 0 0 1 44294.dat
1 0 -60 0 -310 0 0 -1 0 -1 0 -1 0 0 3713.dat
1 71 -100 0 -310 0 0 1 0 -1 0 1 0 0 3713.dat
1 71 -110 0 -130 1 0 0 0 -1 0 0 0 -1 3673.dat
1 0 80 0 -210 0 1 0 -1 0 0 0 0 1 32278.dat
1 0 100 0 -90 1 0 0 0 1 0 0 0 1 6558.dat
1 0 100 0 -110 1 0 0 0 1 0 0 0 1 6558.dat
1 0 100 0 -110 0 1 0 -1 0 0 0 0 1 32523.dat
1 71 120 0 -310 1 0 0 0 1 0 0 0 1 44294.dat
1 0 60 0 -310 0 0 1 0 1 0 -1 0 0 3713.dat
1 71 100 0 -310 0 0 -1 0 1 0 1 0 0 3713.dat
1 71 110 0 -130 -1 0 0 0 1 0 0 0 -1 3673.dat
1 0 120 0 -310 0 0 1 0 1 0 -1 0 0 32184.dat
1 0 -120 0 -310 0 0 1 0 1 0 -1 0 0 32184.dat
1 1 120 20 -320 0 0 1 0 -1 0 1 0 0 43093.dat
1 1 -120 20 -320 0 0 1 0 -1 0 1 0 0 43093.dat
1 0 0 20 -330 0 0 1 1 0 0 0 1 0 41239.dat
1 71 -80 -20 -10 0 -1 0 0 0 1 -1 0 0 32009.dat
1 0 -90 -20 -70 -1 0 0 0 0 1 0 1 0 2780.dat
1 0 -80 -20 -50 1 0 0 0 0 1 0 -1 0 6558.dat
1 0 -90 -120 -10 -1 0 0 0 0 1 0 1 0 2780.dat
1 0 -100 -20 -50 0 -1 0 -1 0 0 0 0 -1 32526.dat
1 0 -110 -20 -90 -1 0 0 0 1 0 0 0 -1 2780.dat
1 4 -100 -120 -90 0 1 0 1 0 0 0 0 -1 32009.dat
1 1 -110 -40 -90 1 0 0 0 -1 0 0 0 -1 43093.dat
1 4 -120 -60 -90 0 -1 0 0 0 1 -1 0 0 32140.dat
1 71 -100 -60 -90 -1 0 0 0 0 1 0 1 0 4519.dat
1 71 -20 -100 130 0 1 0 0.6 0 -0.8 -0.8 0 -0.6 6629.dat
1 71 0 -100 130 1 0 0 0 -0.6 -0.8 0 0.8 -0.6 4519.dat
1 0 0 -164 82 1 0 0 0 -0.6 -0.8 0 0.8 -0.6 6558.dat
1 4 0 -132 106 0 -1 0 -0.6 0 -0.8 0.8 0 -0.6 32316.dat
1 71 20 -100 130 0 1 0 0.6 0 -0.8 -0.8 0 -0.6 6629.dat
1 71 -40 -180 10 -1 0 0 0 0 -1 0 -1 0 4519.dat
1 71 40 -180 10 -1 0 0 0 0 -1 0 -1 0 4519.dat
1 0 -30 -180 50 -1 0 0 0 0 -1 0 -1 0 2780.dat
1 0 30 -180 50 -1 0 0 0 0 -1 0 -1 0 2780.dat
1 0 -35 -180 30 0 1 0 0 0 1 1 0 0 2905.dat
1 0 -45 -180 30 0 1 0 0 0 1 1 0 0 2905.dat
1 0 -50 -180 -10 -1 0 0 0 0 1 0 1 0 3705.dat
1 0 50 -180 -10 -1 0 0 0 0 1 0 1 0 3705.dat
1 72 0 -180 -10 0 0 -1 -1 0 0 0 1 0 32034.dat
1 0 35 -180 30 0 1 0 0 0 1 1 0 0 2905.dat
1 0 45 -180 30 0 1 0 0 0 1 1 0 0 2905.dat
1 4 80 -120 70 0 -1 0 0 0 -1 1 0 0 32140.dat
1 72 60 -180 70 1 0 0 0 0 -1 0 1 0 6587.dat
1 4 60 -180 70 0 0 1 1 0 0 0 1 0 3713.dat
1 0 70 -180 90 1 0 0 0 0 -1 0 1 0 2780.dat
1 4 60 -180 90 1 0 0 0 -0.652 -0.759 0 0.759 -0.652 32013.dat
1 1 60 -157.241 109.545 0 0 -1 -0.759 -0.652 0 -0.652 0.759 0 43093.dat
1 71 0 -120 70 1 0 0 0 0 1 0 -1 0 4519.dat
1 0 -40 -120 70 0 0 1 -1 0 0 0 -1 0 32034.dat
1 0 40 -120 70 0 0 1 -1 0 0 0 -1 0 32034.dat
1 71 80 -120 70 1 0 0 0 0 1 0 -1 0 4519.dat
1 71 -80 -120 70 1 0 0 0 0 1 0 -1 0 4519.dat
1 4 -80 -120 70 0 -1 0 0 0 -1 1 0 0 32140.dat
1 72 -60 -180 70 -1 0 0 0 0 1 0 1 0 6587.dat
1 4 -60 -180 70 0 0 -1 1 0 0 0 -1 0 3713.dat
1 0 -70 -180 90 1 0 0 0 0 -1 0 1 0 2780.dat
1 4 -60 -180 90 1 0 0 0 -0.652 -0.759 0 0.759 -0.652 32013.dat
1 1 -60 -157.241 109.545 0 0 -1 -0.759 -0.652 0 -0.652 0.759 0 43093.dat
1 4 0 -149.654 116.06 0 0 -1 0.652 -0.759 0 -0.759 -0.652 0 32524.dat
1 71 -60 -180 0 0 1 0 -1 0 0 0 0 1 43857.dat
1 0 -85 -222.7827 -169.5113 0 1 0 -0.623468 0 -0.781632 -0.781632 0 0.623468 6632.dat
1 0 -100 -222.7827 -169.5113 1 0 0 0 -0.820244 -0.572924 0 0.572924 -0.820244 32062.dat
1 0 -100 -254.0773 -144.6022 1 0 0 0 -0.6096 0.7928 0 -0.7928 -0.6096 32062.dat
1 71 -100 -300.944 -48.084 0 1 0 1 0 -0.012 -0.012 0 -1 32348.dat
1 4 -100 -75.9992 -154.9833 0 -1 0 -0.311648 0 -0.949876 0.949876 0 -0.311648 32271.dat
1 0 -115 -222.7827 -169.5113 0 1 0 -0.623468 0 -0.781632 -0.781632 0 0.623468 6632.dat
1 1 -90 -300.944 -48.084 -1 0 0 0 0.012 1 0 1 -0.012 43093.dat
1 1 -110 -75.9992 -154.9833 1 0 0 0 0.96336 -0.26848 0 0.26848 0.96336 43093.dat
1 0 -110 -113.9994 -167.4632 1 0 0 0 0.96336 -0.26848 0 0.26848 0.96336 2780.dat
1 0 -110 -94.9988 -161.2233 1 0 0 0 0.96336 -0.26848 0 0.26848 0.96336 2780.dat
1 71 -80 -300.224 11.916 0 1 0 -0.012 0 -1 -1 0 0.012 32009.dat
1 1 -90 -301.184 -68.084 1 0 0 0 0.012 -1 0 1 0.012 43093.dat
1 4 -120 -56.9986 -148.7434 0 -1 0 -0.311648 0 -0.949876 0.949876 0 -0.311648 32524.dat
1 71 -80 -140.224 9.996 1 0 0 0 -1 -0.012 0 0.012 -1 4519.dat
1 36 -100 -140.224 9.996 0 1 0 0.012 0 1 1 0 -0.012 41669.dat
1 72 -65 -140.224 9.996 0 1 0 -1 0 0.012 0.012 0 1 41677.dat
1 72 -55 -140.224 9.996 0 1 0 -1 0 0.012 0.012 0 1 41677.dat
1 1 -50 -139.984 29.996 -1 0 0 0 -1 0.012 0 0.012 1 43093.dat
1 71 0 -80 -10 0.988 -0.156 0 0 0 1 -0.156 -0.988 0 32269.dat
1 71 0 -80 -10 0 -0.988 0.156 1 0 0 0 0.156 0.988 4519.dat
1 71 0 -110 -10 0.156 -0.988 0 0 0 -1 0.988 0.156 0 6538.dat
1 0 0 -170 -10 0 -0.988 0.156 1 0 0 0 0.156 0.988 3706.dat
1 71 100 -60 -90 1 0 0 0 -1 0 0 0 -1 4519.dat
1 71 0 -279.978 -8.86 0.156 -0.989 0 0.038 0.006 -0.999 0.988 0.156 0.038 3712.dat
1 71 0 -220 -10 0.989 -0.156 0 0 0 1 -0.156 -0.989 0 3712.dat
1 71 0 -250 -10 0.989 -0.156 0 -0.006 -0.038 0.999 -0.156 -0.988 -0.038 62519.dat
1 71 80 -20 -10 0 -1 0 0 0 1 -1 0 0 32009.dat
1 71 60 -180 0 0 1 0 -1 0 0 0 0 1 43857.dat
1 0 90 -20 -70 -1 0 0 0 -1 0 0 0 1 2780.dat
1 0 90 -120 -10 -1 0 0 0 -1 0 0 0 1 2780.dat
1 0 80 -20 -50 1 0 0 0 1 0 0 0 1 6558.dat
1 4 100 -120 -90 0 1 0 1 0 0 0 0 -1 32009.dat
1 0 100 -20 -50 0 -1 0 -1 0 0 0 0 -1 32526.dat
1 0 110 -20 -90 -1 0 0 0 -1 0 0 0 1 2780.dat
1 1 110 -40 -90 -1 0 0 0 -1 0 0 0 1 43093.dat
1 71 0 -179 -60 1 0 0 0 1 0 0 0 1 4519.dat
1 72 -5 -159 -60 0 -1 0 0 0 -1 1 0 0 41677.dat
1 72 5 -159 -60 0 -1 0 0 0 -1 1 0 0 41677.dat
1 71 0 -159 -60 1 0 0 0 1 0 0 0 1 32073.dat
1 72 -20 -219 -60 0 -1 0 0 0 1 -1 0 0 32526.dat
1 1 -40 -159 -60 0 1 0 0 0 1 1 0 0 41669.dat
1 71 0 -139 -60 1 0 0 0 1 0 0 0 1 32073.dat
1 0 0 -139 -80 1 0 0 0 0 1 0 -1 0 32184.dat
1 71 0 -139 -100 1 0 0 0 1 0 0 0 1 4519.dat
1 1 -40 -139 -60 0 1 0 -1 0 0 0 0 1 41669.dat
1 71 0 -219 -60 1 0 0 0 1 0 0 0 1 4519.dat
1 0 0 -219 -60 0 0 1 0 1 0 -1 0 0 3713.dat
1 72 20 -219 -60 0 -1 0 0 0 1 -1 0 0 32526.dat
1 1 40 -159 -60 0 -1 0 0 0 1 -1 0 0 41669.dat
1 1 40 -139 -60 0 -1 0 1 0 0 0 0 1 41669.dat
1 1 0 -129 -80 0 -1 0 1 0 0 0 0 1 43093.dat
1 0 0 -109 -80 0 -1 0 0 0 1 -1 0 0 6538.dat
1 0 0 -89 -80 0 -1 0 1 0 0 0 0 1 32062.dat
1 4 120 -60 -90 0 -1 0 0 0 1 -1 0 0 32140.dat
1 71 0 -300.705 -28.086 1 0 0 0 0.999 0.05 0 -0.05 0.999 32073.dat
1 0 0 -300.705 -28.086 1 0 0 0 0.05 -0.999 0 0.999 0.05 6536.dat
1 0 20 -300.705 -28.086 0 0 -1 -0.999 0.05 0 0.05 0.999 0 3713.dat
1 0 -20 -300.705 -28.086 0 0 1 -0.999 -0.05 0 0.05 -0.999 0 3713.dat
1 72 50 -300.705 -28.086 0 0 1 -0.999 -0.05 0 0.05 -0.999 0 6538.dat
1 72 -50 -300.705 -28.086 0 0 1 -0.999 -0.05 0 0.05 -0.999 0 6538.dat
1 1 -70 -300.705 -28.086 1 0 0 0 -0.05 0.999 0 -0.999 -0.05 43093.dat
1 1 70 -300.705 -28.086 -1 0 0 0 -0.05 -0.999 0 -0.999 0.05 43093.dat
1 0 0 -309.957 -7.72 0 -0.988 0.156 0.999 0.006 0.038 -0.038 0.156 0.987 3705.dat
1 71 55 -104.631 -403.649 0 0 1 -0.839 0.544 0 -0.544 -0.839 0 32123.dat
1 71 -55 -104.631 -403.649 0 0 1 -0.839 0.544 0 -0.544 -0.839 0 32123.dat
1 4 60 -82.315 -326.825 0 -1 0 0.96 0 0.279 -0.279 0 0.96 32294.dat
1 4 -60 -82.315 -326.825 0 1 0 -0.96 0 0.279 0.279 0 0.96 32294.dat
1 71 80 -140.227 9.991 -1 0 0 0 -0.012 -1 0 -1 0.012 4519.dat
1 72 65 -140.227 9.991 0 1 0 -1 0 0.012 0.012 0 1 41677.dat
1 72 55 -140.227 9.991 0 1 0 -1 0 0.012 0.012 0 1 41677.dat
1 1 50 -139.987 29.991 1 0 0 0 1 0.012 0 -0.012 1 43093.dat
1 71 80 -300.227 11.911 0 1 0 -0.012 0 -1 -1 0 0.012 32009.dat
1 1 90 -301.187 -68.089 -1 0 0 0 1 -0.012 0 -0.012 -1 43093.dat
1 36 100 -140.227 9.991 0 -1 0 -0.012 0 1 -1 0 -0.012 41669.dat
1 71 0 -149.075 -408.619 -1 0 0 0 0.839 0.544 0 0.544 -0.839 4519.dat
1 4 70 -189.997 -192.458 0 0 -1 -0.186 0.983 0 0.983 0.186 0 6538.dat
1 71 0 -189.997 -192.458 -1 0 0 0 0.983 0.186 0 0.186 -0.983 44294.dat
1 72 45 -189.997 -192.458 0 1 0 0.983 0 0.186 0.186 0 -0.983 32056.dat
1 1 90 -189.997 -192.458 -1 0 0 0 0.983 0.186 0 0.186 -0.983 43093.dat
1 0 30 -111.357 -177.578 0 1 0 0.186 0 -0.983 -0.983 0 -0.186 32526.dat
1 0 0 -150.677 -185.018 -1 0 0 0 -0.983 -0.186 0 -0.186 0.983 6536.dat
1 0 0 -150.677 -185.018 -1 0 0 0 0.186 -0.983 0 -0.983 -0.186 41678.dat
1 0 0 -150.677 -185.018 -1 0 0 0 0.186 -0.983 0 -0.983 -0.186 3706.dat
1 4 10 -171.397 -290.758 0 1 0 0.983 0 0.186 0.186 0 -0.983 41239.dat
1 0 0 -160.237 -349.738 1 0 0 0 -0.983 0.186 0 -0.186 -0.983 2780.dat
1 0 0 -193.717 -172.798 1 0 0 0 -0.983 0.186 0 -0.186 -0.983 2780.dat
1 4 -10 -171.397 -290.758 0 1 0 0.983 0 0.186 0.186 0 -0.983 41239.dat
1 0 -20 -182.557 -231.778 1 0 0 0 -0.983 0.186 0 -0.186 -0.983 2780.dat
1 0 20 -182.557 -231.778 1 0 0 0 -0.983 0.186 0 -0.186 -0.983 2780.dat
1 19 0 -172.197 -178.908 0 0 -1 -0.186 0.983 0 0.983 0.186 0 3749.dat
1 0 -30 -111.357 -177.578 0 1 0 0.186 0 -0.983 -0.983 0 -0.186 32526.dat
1 72 -45 -189.997 -192.458 0 1 0 0.983 0 0.186 0.186 0 -0.983 32056.dat
1 71 0 -176.661 -155.316 1 0 0 0 0.186 0.983 0 -0.983 0.186 2819.dat
1 0 -30 -178.837 -251.438 -1 0 0 0 0.983 0.186 0 0.186 -0.983 6536.dat
1 0 -30 -155.457 -267.378 0 0 1 0.186 0.983 0 -0.983 0.186 0 6558.dat
1 4 -64.094 -121.3667 -250.7456 0.732 0.682 0 0.670406 -0.719556 0.186 0.126852 -0.136152 -0.983 44352.dat
1 0 -30 -171.397 -290.758 -1 0 0 0 0.983 0.186 0 0.186 -0.983 6536.dat
1 0 0 -171.397 -290.758 -1 0 0 0 0.983 0.186 0 0.186 -0.983 3705.dat
1 0 0 -178.837 -251.438 -1 0 0 0 0.983 0.186 0 0.186 -0.983 3705.dat
1 0 30 -171.397 -290.758 -1 0 0 0 0.983 0.186 0 0.186 -0.983 6536.dat
1 0 30 -155.457 -267.378 0 0 -1 -0.186 0.983 0 0.983 0.186 0 6558.dat
1 4 64.094 -121.3667 -250.7456 0.732 -0.682 0 -0.670406 -0.719556 0.186 -0.126852 -0.136152 -0.983 44353.dat
1 0 30 -178.837 -251.438 -1 0 0 0 0.983 0.186 0 0.186 -0.983 6536.dat
1 4 -70 -189.997 -192.458 0 0 -1 -0.186 0.983 0 0.983 0.186 0 6538.dat
1 1 -90 -189.997 -192.458 1 0 0 0 0.983 -0.186 0 0.186 0.983 43093.dat
1 1 -40 -111.357 -177.578 -1 0 0 0 0.787669 -0.616642 0 -0.616642 -0.787669 43093.dat
1 72 -50 -111.357 -177.578 0 1 0 0.787669 0 -0.616642 -0.616642 0 -0.787669 2825.dat
1 1 -50 -148.3416 -224.8579 1 0 0 0 0.787669 0.616642 0 -0.616642 0.787669 43093.dat
1 71 0 -186.277 -212.118 1 0 0 0 0.318495 -0.94813 0 0.94813 0.318495 44294.dat
1 71 55 -186.277 -212.118 0 0 1 0.94813 0.318495 0 -0.318495 0.94813 0 32123.dat
1 71 65 -186.277 -212.118 0 0 1 0.94813 0.318495 0 -0.318495 0.94813 0 32123.dat
1 72 -60 -244.8022 -213.5741 1 0 0 0 -0.94813 -0.318495 0 0.318495 -0.94813 41677.dat
1 0 -60 -227.4689 -240.4991 0 -1 0 -0.94813 0 -0.318495 0.318495 0 -0.94813 3705.dat
1 72 -60 -254.2835 -210.3891 1 0 0 0 -0.94813 -0.318495 0 0.318495 -0.94813 41677.dat
1 71 -60 -211.6177 -224.7214 0 -1 0 -0.94813 0 -0.318495 0.318495 0 -0.94813 44294.dat
1 71 -60 -287.468 -199.2418 0 -1 0 -0.94813 0 -0.318495 0.318495 0 -0.94813 32054.dat
1 0 -60 -233.7652 -227.8328 -1 0 0 0 0.94813 -0.318495 0 -0.318495 -0.94813 43857.dat
1 0 -60 -214.8026 -234.2027 -1 0 0 0 0.94813 -0.318495 0 -0.318495 -0.94813 43857.dat
1 0 -60 -192.6551 -231.0913 -1 0 0 0 -0.318495 -0.94813 0 -0.94813 0.318495 42003.dat
1 0 -60 -173.6925 -237.4612 0 0 1 0.94813 0.318495 0 -0.318495 0.94813 0 6536.dat
1 0 -60 -154.7299 -243.8311 0 0 1 0.94813 0.318495 0 -0.318495 0.94813 0 6536.dat
1 71 0 -301.66 -108.08 1 0 0 0 1 0.012 0 -0.012 1 4519.dat
1 71 -30 -301.66 -108.08 0 0 1 -0.012 1 0 -1 -0.012 0 6538.dat
1 71 30 -301.66 -108.08 0 0 1 -0.012 1 0 -1 -0.012 0 6538.dat
1 0 -50 -301.66 -108.08 -1 0 0 0 1 -0.012 0 -0.012 -1 32062.dat
1 0 50 -301.66 -108.08 -1 0 0 0 1 -0.012 0 -0.012 -1 32062.dat
1 71 -70 -301.66 -108.08 0 0 1 -0.012 1 0 -1 -0.012 0 6538.dat
1 71 70 -301.66 -108.08 0 0 1 -0.012 1 0 -1 -0.012 0 6538.dat
1 1 -90 -301.66 -108.08 1 0 0 0 1 0.012 0 -0.012 1 43093.dat
1 1 90 -301.66 -108.08 -1 0 0 0 1 -0.012 0 -0.012 -1 43093.dat
1 4 0 -317.951 -7.416 -0.989 0 0.155 0.006 -0.999 0.038 0.155 0.038 0.988 4032.dat
1 46 0 -325.945 -7.112 -0.989 0 0.155 0.006 -0.999 0.038 0.155 0.038 0.988 6143.dat
1 4 0 -349.928 -6.2 -0.989 0 0.156 0.006 -0.999 0.038 0.156 0.038 0.988 2654.dat
1 0 100 -222.783 -169.511 1 0 0 0 -0.8196 -0.5728 0 0.5728 -0.8196 32062.dat
1 0 100 -254.0767 -144.6024 1 0 0 0 -0.792874 -0.609994 0 0.609994 -0.792874 32062.dat
1 0 85 -222.783 -169.511 0 1 0 -0.622912 0 -0.782382 -0.782382 0 0.622912 6632.dat
1 4 100 -75.999 -154.983 0 -1 0 -0.312 0 -0.95 0.95 0 -0.312 32271.dat
1 71 100 -254.0767 -144.6024 0 -1 0 0.609994 0 -0.792874 0.792874 0 0.609994 32348.dat
1 0 115 -222.783 -169.511 0 1 0 -0.622912 0 -0.782382 -0.782382 0 0.622912 6632.dat
1 1 90 -300.8967 -48.0313 1 0 0 0 0.012648 -0.999788 0 0.999788 0.012648 43093.dat
1 0 110 -94.999 -161.223 1 0 0 0 -0.8196 -0.5728 0 0.5728 -0.8196 2780.dat
1 0 110 -113.999 -167.463 1 0 0 0 -0.8196 -0.5728 0 0.5728 -0.8196 2780.dat
1 1 110 -75.999 -154.983 -1 0 0 0 -0.312 0.95 0 0.95 0.312 43093.dat
1 4 120 -56.999 -148.743 0 1 0 -0.312 0 0.95 0.95 0 0.312 32524.dat
1 0 20 -264.4 291.699 0 1 0 -0.798 0 -0.603 -0.603 0 0.798 32278.dat
1 0 0 -264.4 291.699 -1 0 0 0 -0.798 -0.603 0 -0.603 0.798 6558.dat
1 0 0 -318.658 363.505 -1 0 0 0 0.603 -0.798 0 -0.798 -0.603 32138.dat
1 0 0 -198.086 203.935 -1 0 0 0 0.603 -0.798 0 -0.798 -0.603 32138.dat
1 0 0 -191.46 258.88 0 1 0 0.411 0 0.912 0.912 0 -0.411 40490.dat
1 0 -20 -264.4 291.699 0 1 0 -0.798 0 -0.603 -0.603 0 0.798 32278.dat
1 0 -40 -180 180 -1 0 0 0 0.603 -0.798 0 -0.798 -0.603 6558.dat
1 0 0 -118.504 226.027 -1 0 0 0 -0.411 -0.912 0 -0.912 0.411 6558.dat
1 0 40 -180 180 1 0 0 0 -0.603 -0.798 0 0.798 -0.603 6558.dat
1 71 -30 -348.801 403.397 1 0 0 0 -0.603 -0.798 0 0.798 -0.603 3673.dat
1 71 30 -348.801 403.397 1 0 0 0 -0.603 -0.798 0 0.798 -0.603 3673.dat
1 0 20 -79.999 180.001 0 1 0 -0.767 0 -0.642 -0.642 0 0.767 32140.dat
1 71 -20 -79.999 180.001 1 0 0 0 0.767 -0.642 0 0.642 0.767 44294.dat
1 71 0 -79.999 180.001 0 0 -1 -0.642 0.767 0 0.767 0.642 0 3713.dat
1 71 0 -133.846 213.193 0 0 -1 -0.642 0.767 0 0.767 0.642 0 3713.dat
1 71 0 -133.846 213.193 1 0 0 0 0.767 -0.642 0 0.642 0.767 4519.dat
1 0 -20 -79.999 180.001 0 1 0 -0.767 0 -0.642 -0.642 0 0.767 32140.dat
1 0 40 -120 180 0 -1 0 0 0 1 -1 0 0 32524.dat
1 0 50 -60 180 -1 0 0 0 0 1 0 1 0 2780.dat
1 0 50 -100 180 -1 0 0 0 0 1 0 1 0 2780.dat
1 0 -40 -120 180 0 1 0 0 0 1 1 0 0 32524.dat
1 0 -50 -60 180 1 0 0 0 0 1 0 -1 0 2780.dat
1 0 -50 -100 180 1 0 0 0 0 1 0 -1 0 2780.dat
1 320 -60 -180 180 0 0 1 0.798 -0.603 0 0.603 0.798 0 42610.dat
1 320 60 -180 180 0 0 1 0.798 -0.603 0 0.603 0.798 0 42610.dat
1 0 -60 -60 100 0 1 0 -1 0 0 0 0 1 32526.dat
1 0 60 -60 100 0 1 0 -1 0 0 0 0 1 32526.dat
1 1 60 -60 140 -1 0 0 0 -1 0 0 0 1 32054.dat
1 71 60 -60 120 -1 0 0 0 -1 0 0 0 1 32054.dat
1 71 -60 -60 120 1 0 0 0 -1 0 0 0 -1 32054.dat
1 1 -60 -60 140 1 0 0 0 -1 0 0 0 -1 32054.dat
1 71 -80 -79.999 180.001 0 -1 0 0.767 0 -0.642 0.642 0 0.767 33299.dat
1 71 -110 -105.669 210.685 1 0 0 0 0.767 -0.642 0 0.642 0.767 75535.dat
1 0 40 -328.801 403.397 0 1 0 0 0 -1 -1 0 0 32523.dat
1 0 -40 -328.801 403.397 0 1 0 0 0 -1 -1 0 0 32523.dat
1 72 -30 -308.801 403.397 1 0 0 0 0 -1 0 1 0 32002.dat
1 72 30 -308.801 403.397 -1 0 0 0 0 -1 0 -1 0 32002.dat
1 72 -25 -308.801 423.397 0 -1 0 -1 0 0 0 0 -1 2905.dat
1 71 0 -348.801 423.397 1 0 0 0 -1 0 0 0 -1 4519.dat
1 71 0 -268.801 423.397 1 0 0 0 -1 0 0 0 -1 4519.dat
1 71 -15 -348.801 423.397 0 0 -1 -1 0 0 0 1 0 32123.dat
1 71 -15 -268.801 423.397 0 0 -1 -1 0 0 0 1 0 32123.dat
1 0 0 -318.801 403.397 0 0 1 1 0 0 0 1 0 3706.dat
1 71 0 -378.801 403.397 -1 0 0 0 0 1 0 1 0 6538.dat
1 0 0 -348.801 423.397 1 0 0 0 0 1 0 -1 0 6536.dat
1 71 0 -318.801 403.397 0 -1 0 0 0 1 -1 0 0 4716.dat
1 71 0 -288.801 403.397 -1 0 0 0 0 -1 0 -1 0 3713.dat
1 0 0 -268.801 423.397 1 0 0 0 0 1 0 -1 0 6536.dat
1 71 15 -348.801 423.397 0 0 -1 -1 0 0 0 1 0 32123.dat
1 71 15 -268.801 423.397 0 0 -1 -1 0 0 0 1 0 32123.dat
1 71 0 -308.801 423.397 1 0 0 0 -0.259 -0.966 0 0.966 -0.259 32073.dat
1 71 0 -308.801 423.397 0 0 1 0.966 -0.259 0 0.259 0.966 0 3647.dat
1 71 -15 -308.801 423.397 0 0 1 0.966 -0.259 0 0.259 0.966 0 32123.dat
1 71 15 -308.801 423.397 0 0 1 0.966 -0.259 0 0.259 0.966 0 32123.dat
1 71 0 -308.801 383.397 1 0 0 0 0.342 -0.94 0 0.94 0.342 32073.dat
1 71 0 -308.801 383.397 0 0 1 0.94 0.342 0 -0.342 0.94 0 3647.dat
1 71 -15 -308.801 383.397 0 0 1 0.94 0.342 0 -0.342 0.94 0 32123.dat
1 71 15 -308.801 383.397 0 0 1 0.94 0.342 0 -0.342 0.94 0 32123.dat
1 72 25 -308.801 423.397 0 -1 0 -1 0 0 0 0 -1 2905.dat
1 71 40 -308.801 423.397 0 -1 0 0.259 0 0.966 -0.966 0 0.259 6629.dat
1 71 -40 -308.801 423.397 0 -1 0 0.259 0 0.966 -0.966 0 0.259 6629.dat
1 71 40 -308.801 383.397 0 1 0 0.342 0 0.94 0.94 0 -0.342 6629.dat
1 71 -40 -308.801 383.397 0 1 0 0.342 0 0.94 0.94 0 -0.342 6629.dat
1 0 0 -40 -610 0 0 1 0.707 -0.707 0 0.707 0.707 0 32034.dat
1 71 -60 -40 -610 -1 0 0 0 -0.707 0.707 0 0.707 0.707 32073.dat
1 71 60 -40 -610 -1 0 0 0 -0.707 0.707 0 0.707 0.707 32073.dat
1 0 0 -54.142 -624.142 0 0 1 -0.707 0.707 0 -0.707 -0.707 0 6558.dat
1 72 40 -40 -610 -1 0 0 0 0 -1 0 -1 0 32013.dat
1 0 60 -40 -530 0 1 0 -1 0 0 0 0 1 40490.dat
1 0 80 -40 -610 0 0 -1 -0.707 0.707 0 0.707 0.707 0 3713.dat
1 72 -40 -40 -610 -1 0 0 0 0 -1 0 -1 0 32013.dat
1 0 -60 -40 -530 0 1 0 -1 0 0 0 0 1 40490.dat
1 72 -80 -40 -610 0 1 0 -0.707 0 0.707 0.707 0 0.707 2825.dat
1 1 -40 -10 -610 0 1 0 -1 0 0 0 0 1 43093.dat
1 1 40 -10 -610 0 1 0 -1 0 0 0 0 1 43093.dat
1 72 -100 -40 -610 -1 0 0 0 -0.707 0.707 0 0.707 0.707 32192.dat
1 72 100 -40 -610 -1 0 0 0 -0.707 0.707 0 0.707 0.707 32192.dat
1 1 -100 -61.213 -631.213 0 0 1 0.707 -0.707 0 0.707 0.707 0 43093.dat
1 1 100 -61.213 -631.213 0 0 1 0.707 -0.707 0 0.707 0.707 0 43093.dat
1 1 100 -10 -610 0 0 1 -1 0 0 0 -1 0 43093.dat
1 1 -100 -10 -610 0 0 1 -1 0 0 0 -1 0 43093.dat
1 72 0 -68.284 -638.284 0 0 1 -0.707 -0.707 0 0.707 -0.707 0 32525.dat
1 72 0 0 -610 0 0 1 0 -1 0 1 0 0 32525.dat
1 0 50 -40 -530 -1 0 0 0 -1 0 0 0 1 2780.dat
1 0 -60 -40 -530 -1 0 0 0 -1 0 0 0 1 6558.dat
1 0 40 -75.301 -548.811 0 -1 0 -0.47 0 -0.883 0.883 0 -0.47 32316.dat
1 0 -40 -75.301 -548.811 0 -1 0 -0.47 0 -0.883 0.883 0 -0.47 32316.dat
1 0 -50 -110.602 -567.622 -1 0 0 0 -0.883 -0.47 0 -0.47 0.883 2780.dat
1 0 50 -110.602 -567.622 -1 0 0 0 -0.883 -0.47 0 -0.47 0.883 2780.dat
1 71 -70 -40 -490 -1 0 0 0 -1 0 0 0 1 4274.dat
1 71 -72 -40 -570 -1 0 0 0 -1 0 0 0 1 4274.dat
1 72 -100 2.4137 -567.5596 1 0 0 0 -0.988706 0.147694 0 -0.147694 -0.988706 32013.dat
1 0 -100 -2.0153 -537.8902 0 0 1 -0.147694 -0.988706 0 0.988706 -0.147694 0 32062.dat
1 72 -100 -6.443 -508.221 -1 0 0 0 -0.988706 -0.147694 0 -0.147694 0.988706 32013.dat
1 19 -90 2.4137 -567.5596 1 0 0 0 -0.706544 -0.70739 0 0.70739 -0.706544 3749.dat
1 19 -90 -6.443 -508.221 1 0 0 0 0.544 0.839 0 -0.839 0.544 3749.dat
1 71 -85 2.4137 -567.5596 0 0 1 0.70739 -0.706544 0 0.706544 0.70739 0 32123.dat
1 0 -80 -6.443 -508.221 0 -1 0 -0.544 0 -0.839 0.839 0 -0.544 32140.dat
1 1 -90 -67.663 -524.081 -1 0 0 0 0.544 -0.839 0 -0.839 -0.544 43093.dat
1 71 -100 -67.663 -524.081 0 0 1 -0.839 0.544 0 -0.544 -0.839 0 3713.dat
1 0 -60 -91.301 -510.811 0 1 0 0.947 0 -0.322 -0.322 0 -0.947 32524.dat
1 0 60 -91.301 -510.811 0 1 0 0.947 0 -0.322 -0.322 0 -0.947 32524.dat
1 1 -70 -97.735 -529.748 -1 0 0 0 0.947 -0.322 0 -0.322 -0.947 43093.dat
1 71 -90 -97.735 -529.748 0 0 -1 0.322 0.947 0 0.947 -0.322 0 6538.dat
1 320 -80 -72 -454 0 0 -1 0 1 0 1 0 0 42610.dat
1 320 80 -72 -454 0 0 -1 0 1 0 1 0 0 42610.dat
1 71 -95 -72 -454 0 0 -1 -0.6 0.8 0 0.8 0.6 0 32123.dat
1 71 95 -72 -454 0 0 -1 -0.6 0.8 0 0.8 0.6 0 32123.dat
1 71 155 0 -310 0 0 -1 0 -1 0 -1 0 0 41896.dat
1 256 155 0 -310 0 0 -1 0 -1 0 -1 0 0 41893.dat
1 4 194 0 -310 0 -1 0 0 0 1 -1 0 0 3960.dat
1 4 194 0 120 0 -1 0 0 0 1 -1 0 0 3960.dat
1 71 155 0 120 0 0 -1 0 -1 0 -1 0 0 41896.dat
1 256 155 0 120 0 0 -1 0 -1 0 -1 0 0 41893.dat
1 4 -194 0 120 0 1 0 0 0 1 1 0 0 3960.dat
1 71 -155 0 120 0 0 1 0 -1 0 1 0 0 41896.dat
1 256 -155 0 120 0 0 1 0 -1 0 1 0 0 41893.dat
1 4 -194 0 -310 0 1 0 0 0 1 1 0 0 3960.dat
1 71 -155 0 -310 0 0 1 0 -1 0 1 0 0 41896.dat
1 256 -155 0 -310 0 0 1 0 -1 0 1 0 0 41893.dat
1 19 0 -195 398 -1 0 0 0 1 0 0 0 -1 4282.dat
1 19 0 -203 398 -1 0 0 0 1 0 0 0 -1 3022.dat
1 19 150 -203 398 0 0 -1 0 1 0 1 0 0 3023.dat
1 19 -150 -203 398 0 0 -1 0 1 0 1 0 0 3023.dat
1 19 0 -211 398 -1 0 0 0 1 0 0 0 -1 4282.dat
1 19 -150 -219 398 0 0 -1 0 1 0 1 0 0 3023.dat
1 19 150 -219 398 0 0 -1 0 1 0 1 0 0 3023.dat
1 19 0 -219 398 -1 0 0 0 1 0 0 0 -1 3022.dat
1 19 0 -227 398 -1 0 0 0 1 0 0 0 -1 4282.dat
