0 Main
0 Name: 8260-1 - Tractor - Motorbike.mpd
0 Author: LTRON
1 0 0 0 0 1 0 0 0 1 0 0 0 1 3706.dat
1 4 -50 0 0 0 0 1 0 1 0 -1 0 0 3713.dat
1 71 -30 0 20 -1 0 0 0 0 1 0 1 0 32184.dat
1 0 -30 -10 20 0 0 -1 -1 0 0 0 1 0 2780.dat
1 0 -15 0 0 0 1 0 -1 0 0 0 0 1 32250.dat
1 0 0 0 80 1 0 0 0 1 0 0 0 1 3705.dat
1 0 -30 0 80 0 1 0 -1 0 0 0 0 1 32348.dat
1 72 -10 0 20 -1 0 0 0 -1 0 0 0 1 32002.dat
1 4 0 -40 0 1 0 0 0 -1 0 0 0 -1 32062.dat
1 0 0 -80 0 0 1 0 0 0 1 1 0 0 32526.dat
1 72 10 -60 0 1 0 0 0 1 0 0 0 1 32002.dat
1 0 0 -63.16 76.713 0 1 0 0.267 0 0.964 0.964 0 -0.267 32140.dat
1 4 0 -63.16 76.713 1 0 0 0 -0.964 -0.267 0 0.267 -0.964 32062.dat
1 71 15 -63.16 76.713 0 0 -1 -0.267 -0.964 0 -0.964 0.267 0 32123.dat
1 71 -15 -63.16 76.713 0 0 -1 -0.267 -0.964 0 -0.964 0.267 0 32123.dat
1 0 15 0 0 0 1 0 -1 0 0 0 0 1 32250.dat
1 71 30 0 20 -1 0 0 0 0 1 0 1 0 32184.dat
1 4 50 0 0 0 0 -1 -1 0 0 0 1 0 3713.dat
1 1 10 -20 0 -1 0 0 0 -1 0 0 0 1 6558.dat
1 71 0 -80 0 1 0 0 0 0.892 0.451 0 -0.451 0.892 4519.dat
1 27 -25 -80 0 0 1 0 -0.892 0 0.451 0.451 0 0.892 32250.dat
1 71 0 -43.92 71.36 1 0 0 0 0.892 0.451 0 -0.451 0.892 4519.dat
1 71 -15 -43.92 71.36 0 0 1 -0.451 0.892 0 -0.892 -0.451 0 32123.dat
1 72 -15 -97.84 9.02 0 -1 0 -0.451 0 0.892 -0.892 0 -0.451 41677.dat
1 71 0 -115.68 18.04 -1 0 0 0 0.451 0.892 0 0.892 -0.451 4519.dat
1 4 -10 -115.68 18.04 0 0 1 -0.451 0.892 0 -0.892 -0.451 0 3713.dat
1 4 10 -115.68 18.04 0 0 1 -0.451 0.892 0 -0.892 -0.451 0 3713.dat
1 71 0 -97.84 9.02 1 0 0 0 0.892 0.451 0 -0.451 0.892 4519.dat
1 72 0 -97.84 9.02 -1 0 0 0 -0.451 -0.892 0 -0.892 0.451 6536.dat
1 0 0 -97.94 -13.33 0 0 1 -0.892 -0.451 0 0.451 -0.892 0 2780.dat
1 72 15 -80 0 0 1 0 -0.451 0 -0.892 -0.892 0 0.451 41677.dat
1 71 15 -43.883 71.383 0 0 -1 -0.451 -0.892 0 -0.892 0.451 0 32123.dat
1 0 0 -70.971 17.846 -1 0 0 0 -0.985 -0.174 0 -0.174 0.985 3705.dat
1 0 -15 -76.18 47.39 0 1 0 -0.985 0 -0.174 -0.174 0 0.985 32449.dat
1 0 15 -76.18 47.39 0 1 0 -0.985 0 -0.174 -0.174 0 0.985 32449.dat
1 4 0 -81.39 76.934 1 0 0 0 0.985 -0.174 0 0.174 0.985 32062.dat
1 4 0 -70.971 17.846 0 0 1 0.174 0.985 0 -0.985 0.174 0 3713.dat
1 15 -5 -86.599 106.479 0 1 0 -0.985 0 -0.174 -0.174 0 0.985 32449.dat
1 15 5 -86.599 106.479 0 1 0 -0.985 0 -0.174 -0.174 0 0.985 32449.dat
1 0 30 -8.404 62.173 0 1 0 0.875 0 -0.485 -0.485 0 -0.875 32140.dat
1 27 25 -80 0 0 1 0 -0.892 0 0.451 0.451 0 0.892 32250.dat
1 0 0 -16 152 1 0 0 0 1 0 0 0 1 3705.dat
1 71 0 -16 152 0 0 1 0 1 0 -1 0 0 56904.dat
1 4 10 -16 152 0 0 1 0 1 0 -1 0 0 3713.dat
1 256 0 -16 152 0 0 1 0 1 0 -1 0 0 56898.dat
1 0 30 0 80 0 1 0 -1 0 0 0 0 1 32348.dat
1 0 40 -37.492 9.696 1 0 0 0 1 0 0 0 1 2780.dat
1 71 50 -37.492 9.696 0 0 -1 0 1 0 1 0 0 56902.dat
1 72 -50 -20 20 0 1 0 0 0 1 1 0 0 6536.dat
1 0 -50 -20 70 0 1 0 0 0 1 1 0 0 3706.dat
1 71 -50 -20 50 0 -1 0 -1 0 0 0 0 -1 4716.dat
1 4 -50 -20 80 0 -1 0 -1 0 0 0 0 -1 3713.dat
1 0 -50 -20 130 0 -1 0 -1 0 0 0 0 -1 59443.dat
1 71 0 -98.058 -35.692 1 0 0 0 0.451 -0.892 0 0.892 0.451 32073.dat
1 27 -45 -98.058 -35.692 0 -1 0 0.451 0 -0.892 0.892 0 0.451 6632.dat
1 72 -40 -115.898 -26.672 -1 0 0 0 -0.451 -0.892 0 -0.892 0.451 32002.dat
1 72 -30 -80.218 -44.712 0 1 0 -0.451 0 -0.892 -0.892 0 0.451 32524.dat
1 1 -15 -98.058 -35.692 0 1 0 -0.451 0 -0.892 -0.892 0 0.451 41677.dat
1 0 0 -133.738 -17.652 1 0 0 0 0.451 -0.892 0 0.892 0.451 3707.dat
1 71 -15 -133.738 -17.652 0 0 1 0.892 0.451 0 -0.451 0.892 0 32123.dat
1 72 0 -133.738 -17.652 1 0 0 0 0.892 0.451 0 -0.451 0.892 6536.dat
1 71 15 -133.738 -17.652 0 0 1 0.892 0.451 0 -0.451 0.892 0 32123.dat
1 1 0 -120.408 -35.592 0 0 -1 -0.451 -0.892 0 -0.892 0.451 0 4274.dat
1 72 0 -98.058 -35.692 1 0 0 0 0.451 -0.892 0 0.892 0.451 6536.dat
1 1 15 -98.058 -35.692 0 1 0 -0.451 0 -0.892 -0.892 0 0.451 41677.dat
1 71 0 -26.698 -71.772 1 0 0 0 0.451 -0.892 0 0.892 0.451 32073.dat
1 4 10 -26.698 -71.772 0 0 -1 0.892 -0.451 0 -0.451 -0.892 0 3713.dat
1 71 0 -26.698 -71.772 0 0 1 0.892 0.451 0 -0.451 0.892 0 56904.dat
1 256 0 -26.698 -71.772 0 0 1 0.892 0.451 0 -0.451 0.892 0 56898.dat
1 72 30 -80.218 -44.712 0 1 0 -0.451 0 -0.892 -0.892 0 0.451 32524.dat
1 72 40 -115.898 -26.672 1 0 0 0 0.451 -0.892 0 0.892 0.451 32002.dat
1 27 45 -98.058 -35.692 0 -1 0 0.451 0 -0.892 0.892 0 0.451 6632.dat
1 71 0 -124.016 -42.728 -1 0 0 0 -0.892 0.451 0 0.451 0.892 56902.dat
1 47 0 -128.526 -51.648 0 0 -1 0.892 -0.451 0 -0.451 -0.892 0 6141.dat
