0 Main
0 Name: 8122-1 - Desert Viper.mpd
0 Author: LTRON
1 0 0 -7.992 69.715 1 0 0 0 0.998372 -0.057041 0 0.057041 0.998372 6157.dat
1 0 0 -6.851 49.747 0 0 1 0.057041 0.998372 0 -0.998372 0.057041 0 3020.dat
1 0 0 -2.858 -20.139 0 0 1 0.057041 0.998372 0 -0.998372 0.057041 0 3021.dat
1 0 0 -7.993 -70.514 1 0 0 0 0.998372 -0.057041 0 0.057041 0.998372 6157.dat
1 9 -10 -15.408 59.275 1 0 0 0 0.998372 -0.057041 0 0.057041 0.998372 6141.dat
1 9 10 -15.408 59.275 1 0 0 0 0.998372 -0.057041 0 0.057041 0.998372 6141.dat
1 14 0 -11.416 -10.611 0 0 1 0.057041 0.998372 0 -0.998372 0.057041 0 3795.dat
1 14 0 -7.423 -80.497 1 0 0 0 0.998372 -0.057041 0 0.057041 0.998372 2540.dat
1 0 -16 -3.943 -106.341 0 0 -1 0.998372 0.057041 0 0.057041 -0.998372 0 2555.dat
1 0 16 -3.943 -106.341 0 0 -1 0.998372 0.057041 0 0.057041 -0.998372 0 2555.dat
1 14 -16 -3.486 -114.328 1 0 0 0 0.057041 0.998372 0 -0.998372 0.057041 6141.dat
1 14 16 -3.486 -114.328 1 0 0 0 0.057041 0.998372 0 -0.998372 0.057041 6141.dat
1 14 0 -20.543 8.9 0 0 1 0.057041 0.998372 0 -0.998372 0.057041 0 3795.dat
1 0 0 -32.523 78.33 -1 0 0 0 0.998372 0.057041 0 0.057041 -0.998372 30236.dat
1 14 0 -31.382 58.362 1 0 0 0 0.998372 -0.057041 0 0.057041 0.998372 3023.dat
1 14 0 -30.242 38.395 1 0 0 0 0.998372 -0.057041 0 0.057041 0.998372 3710.dat
1 14 0 -27.96 -1.54 0 0 1 0.057041 0.998372 0 -0.998372 0.057041 0 3021.dat
1 14 -10 -32.524 -61.899 1 0 0 0 0.998372 -0.057041 0 0.057041 0.998372 50950.dat
1 14 10 -32.524 -61.899 1 0 0 0 0.998372 -0.057041 0 0.057041 0.998372 50950.dat
1 14 -20 -39.94 67.889 -1 0 0 0 0.998372 0.057041 0 0.057041 -0.998372 41770.dat
1 14 20 -39.94 67.889 -1 0 0 0 0.998372 0.057041 0 0.057041 -0.998372 41769.dat
1 0 -10 -36.517 7.987 0 0 1 0.057041 0.998372 0 -0.998372 0.057041 0 44728.dat
1 0 10 -36.517 7.987 0 0 -1 -0.057041 0.998372 0 0.998372 0.057041 0 44728.dat
1 0 0 -34.806 -21.964 1 0 0 0 0.998372 -0.057041 0 0.057041 0.998372 2412.dat
1 14 -24 -16.55 9.128 0 1 0 -0.998372 0 -0.057041 -0.057041 0 0.998372 30602.dat
1 14 24 -16.55 9.128 0 -1 0 0.998372 0 -0.057041 0.057041 0 0.998372 30602.dat
1 14 -30 -49.068 87.401 0 0 1 0.057041 0.998372 0 -0.998372 0.057041 0 43723.dat
1 14 30 -49.068 87.401 0 0 -1 -0.057041 0.998372 0 0.998372 0.057041 0 43722.dat
1 0 0 -47.356 57.449 1 0 0 0 0.998372 -0.057041 0 0.057041 0.998372 50948.dat
1 14 0 -46.215 37.482 1 0 0 0 0.998372 -0.057041 0 0.057041 0.998372 3023.dat
1 14 0 -63.33 56.537 -1 0 0 0 0.998372 0.057041 0 0.057041 -0.998372 47456.dat
1 14 0 -54.202 37.026 1 0 0 0 0.998372 -0.057041 0 0.057041 0.998372 3069.dat
1 0 -34 -3 70 0 0 1 0.057041 0.998372 0 -0.998372 0.057041 0 6014.dat
1 0 34 -3 70 0 0 -1 -0.057041 0.998372 0 0.998372 0.057041 0 6014.dat
1 0 -34 -3.001 -70.228 0 0 1 0.057041 0.998372 0 -0.998372 0.057041 0 6014.dat
1 0 34 -3.001 -70.228 0 0 -1 -0.057041 0.998372 0 0.998372 0.057041 0 6014.dat
1 256 -40 -3 70 0 0 1 0.057041 0.998372 0 -0.998372 0.057041 0 60700.dat
1 256 40 -3 70 0 0 -1 -0.057041 0.998372 0 0.998372 0.057041 0 60700.dat
1 256 -40 -3.001 -70.228 0 0 1 0.057041 0.998372 0 -0.998372 0.057041 0 60700.dat
1 256 40 -3.001 -70.228 0 0 -1 -0.057041 0.998372 0 0.998372 0.057041 0 60700.dat
