0 Main
0 Name: 8527 - Mindstorms - NXT.mpd
0 Author: LTRON
1 1 80.0001 -199.8087 49.2995 -1 0 0 0 -0.727428 0.686184 0 0.686184 0.727427 43093.dat
1 0 80.0001 -138.3151 -118.6842 -1 0 0 0 0.686185 0.727428 0 0.727428 -0.686184 32062.dat
1 1 -59.9999 -199.8089 49.2997 1 0 0 0 0.727428 0.686184 0 -0.686184 0.727428 43093.dat
1 0 -59.9998 -138.3152 -118.6841 -1 0 0 0 0.686184 0.727428 0 0.727428 -0.686184 32062.dat
1 0 -79.724 -70.4346 -91.5967 1 0.000024 0 0.000024 -0.999989 -0.004594 0 0.004594 -0.999989 3706.dat
1 71 -29.7246 -69.9588 -91.3784 0 0 -1 0.999998 -0.002022 0 -0.002022 -0.999998 0 6590.dat
1 71 -104.5404 -70.4352 -91.5967 0 -0.004599 -0.999989 -0.004599 -0.999979 0.004599 -0.999989 0.004599 -0.000017 32123.dat
1 0 -100 -56.0798 69.0081 1 0.000021 0 0.000021 -0.99938 0.035197 0 -0.035197 -0.99938 2780.dat
1 0 -100 -56.7841 88.9958 1 0.000021 0 0.000021 -0.99938 0.035197 0 -0.035197 -0.99938 2780.dat
1 0 -39.9999 -56.0784 69.0082 1 0.000021 0 0.000021 -0.99938 0.035197 0 -0.035197 -0.99938 2780.dat
1 0 -39.9999 -55.3741 49.0206 1 0.000021 0 0.000021 -0.99938 0.035197 0 -0.035197 -0.99938 2780.dat
1 151 -69.9994 -70.4348 -91.5967 1 0 0 0 -0.99938 0.035198 0 -0.035198 -0.99938 53787.dat
1 72 -109.9999 -56.0803 69.0081 0.000024 0 -1 -0.99938 -0.035202 -0.000024 -0.035202 0.99938 0 42003.dat
1 0 -59.9985 -112.5203 -33.0426 -1 -0.000024 0 -0.000024 0.789002 0.614391 0 0.614391 -0.789001 2780.dat
1 0 -59.9985 -111.8161 -53.0302 -1 -0.000024 0 -0.000024 0.999381 0.035201 0 0.035201 -0.99938 2780.dat
1 72 -49.9998 -83.4205 -60.4898 0 -1 0 -0.686184 0 0.727428 -0.727428 0 -0.686184 32009.dat
1 0 -39.9985 -110.4076 -93.0054 -1 -0.000024 0 -0.000024 0.999381 0.035201 0 0.035201 -0.99938 2780.dat
1 71 9.844 -108.2938 -152.9675 -1 0 0 0 0.99938 0.035201 0 0.035201 -0.99938 32073.dat
1 72 -30.156 -108.2937 -152.9676 0 -1 0 0.99938 0 -0.035201 0.035201 0 0.99938 32140.dat
1 0 -20 -53.2613 -10.9422 1 0.000021 0 0.000021 -0.99938 0.0352 0 -0.0352 -0.99938 2780.dat
1 0 -20.0001 -51.8532 -50.9174 1 0.000021 0 0.000021 -0.99938 0.0352 0 -0.0352 -0.99938 2780.dat
1 0 40 -51.8518 -50.9173 1 0.000021 0 0.000021 -0.99938 0.035197 0 -0.035197 -0.99938 2780.dat
1 0 40 -53.2598 -10.9421 1 0.000021 0 0.000021 -0.99938 0.035197 0 -0.035197 -0.99938 2780.dat
1 151 10.0005 -66.9119 -191.5346 1 0 0 0 -0.99938 0.035198 0 -0.035198 -0.99938 53787.dat
1 151 50 -53.9636 9.0455 -0.000024 -1 0 0.99938 -0.000024 -0.035201 0.035201 0 0.99938 32524.dat
1 151 -29.9999 -53.9661 9.0454 -0.000024 -1 0 0.99938 -0.000024 -0.035201 0.035201 0 0.99938 32524.dat
1 0 10.0014 -108.9992 -132.9799 1 -0.000024 0 0.000024 0.999381 -0.035193 0 0.035193 0.999381 6558.dat
1 72 -9.9986 -108.2957 -152.9675 -0.000024 0 1 0.99938 -0.035201 0.000024 0.035201 0.99938 0 42003.dat
1 72 30.0014 -108.2947 -152.9675 -0.000024 0 1 0.99938 -0.035201 0.000024 0.035201 0.99938 0 42003.dat
1 72 49.844 -108.294 -152.9675 0 -1 0 0.99938 0 -0.035201 0.035201 0 0.99938 32140.dat
1 0 100.3798 -70.4311 -91.5964 1 0.000064 0 0.000064 -1 0 0 0 -1 3706.dat
1 71 50.3793 -70.9588 -91.3736 0 0 1 1 -0.000752 0 0.000753 1 0 6590.dat
1 71 125.7464 -70.4295 -91.5965 0 0.00116 -0.999999 0.00116 -0.999999 -0.00116 -0.999999 -0.00116 0 32123.dat
1 0 60.0001 -56.0758 69.0083 1 0.000022 0 0.000022 -0.99938 0.035197 0 -0.035197 -0.99938 2780.dat
1 0 60 -55.3715 49.0207 1 0.000022 0 0.000022 -0.99938 0.035197 0 -0.035197 -0.99938 2780.dat
1 0 120.0001 -56.7788 88.996 1 0.000021 0 0.000021 -0.99938 0.035197 0 -0.035197 -0.99938 2780.dat
1 0 120.0002 -56.0746 69.0084 1 0.000021 0 0.000021 -0.99938 0.035197 0 -0.035197 -0.99938 2780.dat
1 151 90.0005 -70.431 -91.5966 1 0 0 0 -0.99938 0.035198 0 -0.035198 -0.99938 53787.dat
1 72 130.0001 -56.0746 69.0084 0.000024 0 -1 -0.99938 -0.035202 -0.000024 -0.035202 0.99938 0 42003.dat
1 0 80.0014 -111.8127 -53.03 -1 -0.000023 0 -0.000023 0.789002 0.614391 0 0.614391 -0.789002 2780.dat
1 0 80.0002 -112.5175 -33.0425 -1 0 0 0 0.789002 0.614391 0 0.614391 -0.789001 2780.dat
1 72 70.0002 -83.4203 -60.49 0 -1 0 -0.686185 0 0.727427 -0.727427 0 -0.686185 32009.dat
1 0 60.0013 -110.5123 -90.0063 1 0.000022 0 0.000022 -0.99938 0.035197 0 -0.035197 -0.99938 2780.dat
1 71 90.0001 -138.3151 -118.6843 1 0 0 0 0.727428 0.686184 0 -0.686184 0.727428 6536.dat
1 0 90.0002 -130.6291 -139.683 0 -1 0 0.686184 0 -0.727428 0.727428 0 0.686184 2780.dat
1 71 -69.9998 -138.3152 -118.6841 1 0 0 0 0.727428 0.686184 0 -0.686184 0.727428 6536.dat
1 0 -69.9996 -130.6292 -139.6827 0 -1 0 0.686184 0 -0.727428 0.727428 0 0.686184 2780.dat
1 151 10.0002 -137.4908 -146.9572 0 0 1 0.727428 0.686184 0 -0.686184 0.727428 0 40490.dat
1 71 -9.9981 -127.5792 -173.6595 0.000024 0 1 -0.999381 0.03519 0.000024 -0.03519 -0.999381 0 4519.dat
1 71 30.0019 -127.5783 -173.6595 0.000024 0 1 -0.999381 0.03519 0.000024 -0.03519 -0.999381 0 4519.dat
1 0 70.0006 -77.8238 118.273 0.000012 0.000021 -1 0.035192 -0.999381 -0.00002 -0.999381 -0.035192 -0.000013 2780.dat
1 0 110.0006 -77.8228 118.2731 0.000012 0.000021 -1 0.035192 -0.999381 -0.00002 -0.999381 -0.035192 -0.000013 2780.dat
1 0 -89.9995 -77.8281 118.2729 0 0.000024 1 -0.035202 -0.99938 0.000024 0.99938 -0.035202 0 2780.dat
1 0 -49.9995 -77.8266 118.2729 0 0.000024 -1 0.035202 -0.99938 -0.000024 -0.99938 -0.035202 0 2780.dat
1 1 -110.0003 -45.382 49.3727 0.000024 1 0 -0.99938 0.000024 -0.035213 -0.035213 0 0.99938 43093.dat
1 1 129.9999 -45.3763 49.3729 0.000024 1 0 -0.99938 0.000024 -0.035213 -0.035213 0 0.99938 43093.dat
1 151 10.0006 -78.1775 128.2668 -0.000024 0 1 0.99938 -0.035201 0.000024 0.035201 0.99938 0 32525.dat
1 151 9.9997 -35.3853 49.7249 0 0.000028 1 -0.035211 -0.99938 0.000028 0.99938 -0.035211 0 41239.dat
1 1 30.0006 -78.5295 138.2606 0 1 -0.000024 -0.035201 0.000024 0.99938 0.99938 0 0.035201 43093.dat
1 0 10.0006 -78.8817 148.2544 0 -1 0.000024 -0.035202 -0.000024 -0.99938 0.99938 0 -0.035202 32184.dat
1 1 -9.9994 -78.5304 138.2606 0 1 -0.000024 -0.035201 0.000024 0.99938 0.99938 0 0.035201 43093.dat
1 72 30.0002 -28.5926 150.0264 0 -1 0 -0.99938 0 0.035214 -0.035214 0 -0.99938 32316.dat
1 71 10.0002 -27.8883 130.0388 0 0 1 -0.99938 0.035213 0 -0.035213 -0.99938 0 48989.dat
1 0 10.0001 -47.8759 129.3346 0 0 1 -0.99938 0.035213 0 -0.035213 -0.99938 0 32184.dat
1 1 10.0002 -37.1778 109.6991 0 -1 0 -0.99938 0 0.035211 -0.035211 0 -0.99938 43093.dat
1 71 10.0001 -68.5678 148.6179 0 0 1 -0.99938 0.035213 0 -0.035213 -0.99938 0 32073.dat
1 71 10.0001 -63.4808 148.7972 1 0 0 0 0.035213 0.99938 0 -0.99938 0.035213 32123.dat
1 71 15.3931 -30.0011 190.0016 0 0 -1 -0.000036 1 0 1 0.000036 0 4185.dat
1 71 10.0002 -30.0011 190.0016 1 0 0 0 1 0 0 0 1 4519.dat
1 71 5.1201 -30.0011 190.0016 0 0 1 0.000036 1 0 -1 0.000036 0 4185.dat
1 72 -9.9998 -28.5926 150.0264 0 -1 0 -0.99938 0 0.035213 -0.035213 0 -0.99938 32316.dat
1 71 10.0001 -98.5492 147.5616 0 -1 0 0.035205 0 0.99938 -0.99938 0 0.035205 6590.dat
1 72 90.0001 -185.2602 35.5758 0 1 0 -0.686184 0 -0.727428 -0.727428 0 0.686184 32140.dat
1 1 80.0001 -185.2602 35.5758 1 0 0 0 0.727427 0.686185 0 -0.686185 0.727427 43093.dat
1 72 -70 -185.2603 35.5759 0 1 0 -0.686184 0 -0.727428 -0.727428 0 0.686184 32140.dat
1 1 -60 -185.2603 35.5759 -1 0 0 0 -0.727428 0.686184 0 0.686184 0.727428 43093.dat
1 0 100.0001 -242.6296 62.1983 -1 0 0 0 0.686185 0.727427 0 0.727427 -0.686185 2780.dat
1 0 100.0002 -228.9059 76.7469 -1 0 0 0 0.686185 0.727427 0 0.727427 -0.686185 2780.dat
1 0 -80.0001 -242.6297 62.1984 -1 0 0 0 0.686184 0.727428 0 0.727428 -0.686184 2780.dat
1 0 -80.0001 -228.906 76.7469 -1 0 0 0 0.686184 0.727428 0 0.727428 -0.686184 2780.dat
1 151 110 -270.077 33.1012 0 1 0 0.727428 0 -0.686185 -0.686185 0 -0.727427 32524.dat
1 0 110 -311.2481 -10.5444 -1 0 0 0 -0.727428 0.686184 0 0.686184 0.727428 32054.dat
1 0 109.9999 -297.5245 4.0042 -1 0 0 0 -0.727428 0.686184 0 0.686184 0.727428 32054.dat
1 0 -90.0004 -311.248 -10.5444 1 0 0 0 0.727428 0.686184 0 -0.686184 0.727428 32054.dat
1 151 -90.0001 -270.077 33.1013 0 1 0 0.727428 0 -0.686184 -0.686184 0 -0.727428 32524.dat
1 0 -90.0004 -297.5244 4.0042 1 0 0 0 0.727428 0.686184 0 -0.686184 0.727428 32054.dat
1 151 10 -234.433 12.813 1 0 0 0 0.686 -0.727 0 0.727 0.686 53788.dat
1 71 151.1092 -70.4278 -91.5966 0.000064 0 1 -0.999999 0.00116 0.000064 -0.00116 -0.999999 0 56145.dat
1 0 151.3592 -70.4278 -91.5966 0 -0.000064 -1 -0.00116 1 -0.000064 0.999999 0.00116 0 55976.dat
1 71 -129.016 -70.4358 -91.5968 0.000024 0 -1 -0.99999 0.004599 -0.000024 0.004599 0.99999 0 56145.dat
1 0 -128.7659 -70.4358 -91.5968 0 -0.000024 -1 0.004599 0.999989 -0.000024 0.999989 -0.004599 0 55976.dat
1 16 -47 -378.363 48.228 -1 0 0 0 -0.686 -0.727 0 -0.727 0.686 933.dat
1 16 10.001 -116.1339 37.8414 -1 0 0 0 -0.998827 -0.034639 0 -0.034639 0.998827 933.dat
1 16 -9 -378.294 48.236 -1 0 0 0 -0.686 -0.727 0 -0.727 0.686 933.dat
1 16 -69.999 -119.5405 137.8173 -1 0 0 0 -0.999513 -0.035366 0 -0.035366 0.999513 933.dat
1 16 29 -378.294 48.236 -1 0 0 0 -0.686 -0.727 0 -0.727 0.686 933.dat
1 16 89.999 -119.5405 137.8173 -1 0 0 0 -0.999513 -0.035366 0 -0.035366 0.999513 933.dat
