0 Main
0 Name: 8815-1 - Speedway Bandit.mpd
0 Author: LTRON
1 4 50 0 -50 0 0 1 0 1 0 -1 0 0 2450.dat
1 4 150 0 -50 1 0 0 0 1 0 0 0 1 2450.dat
1 0 100 0 -110 1 0 0 0 1 0 0 0 1 4442.dat
1 4 100 0 0 1 0 0 0 1 0 0 0 1 3738.dat
1 4 100 0 40 1 0 0 0 1 0 0 0 1 3738.dat
1 4 70 -24 -40 0 0 1 0 1 0 -1 0 0 3702.dat
1 4 130 -24 -40 0 0 1 0 1 0 -1 0 0 3702.dat
1 4 30 -24 60 0 0 1 0 1 0 -1 0 0 3894.dat
1 0 10 -14 80 1 0 0 0 1 0 0 0 1 3705.dat
1 7 60 -14 80 0 0 1 0 1 0 -1 0 0 2853.dat
1 7 60 -14 90 0 0 1 -0.685 0.728 0 -0.728 -0.685 0 2852.dat
1 4 30 -24 -10 1 0 0 0 1 0 0 0 1 3040.dat
1 4 170 -24 -10 1 0 0 0 1 0 0 0 1 3040.dat
1 4 100 -8 -120 1 0 0 0 1 0 0 0 1 3022.dat
1 4 110 -24 60 0 0 1 0 1 0 -1 0 0 3894.dat
1 4 90 -24 60 0 0 1 0 1 0 -1 0 0 3894.dat
1 7 100 -14 60 -1 0 0 0 1 0 0 0 -1 3673.dat
1 7 100 -16 -110 -1 0 0 0 1 0 0 0 -1 3023.dat
1 7 30 -24 -110 1 0 0 0 1 0 0 0 1 4261.dat
1 7 30 -24 -70 0 -1 0 1 0 0 0 0 1 3749.dat
1 0 15 -14 -110 -1 0 0 0 -1 0 0 0 1 3705.dat
1 7 45 -14 -110 0 0 1 0 -1 0 1 0 0 4265.dat
1 7 60 -58.243 132.527 0 0 1 -0.707 0.707 0 -0.707 -0.707 0 2850.dat
1 7 80 -25.721 128.285 1 0 0 0 0.707 0.707 0 -0.707 0.707 4274.dat
1 7 170 -24 -110 1 0 0 0 1 0 0 0 1 4261.dat
1 7 170 -24 -70 0 -1 0 1 0 0 0 0 1 3749.dat
1 0 185 -14 -110 -1 0 0 0 -1 0 0 0 1 3705.dat
1 7 155 -14 -110 0 0 -1 0 -1 0 -1 0 0 4265.dat
1 4 100 -24 -110 1 0 0 0 1 0 0 0 1 3023.dat
1 4 100 -32 -50 1 0 0 0 1 0 0 0 1 3710.dat
1 4 100 -32 90 0 0 1 0 1 0 -1 0 0 3021.dat
1 4 100 -40 90 -1 0 0 0 1 0 0 0 -1 3023.dat
1 7 90 -40 110 1 0 0 0 1 0 0 0 1 2420.dat
1 4 90 -64 100 0 0 1 0 1 0 -1 0 0 3700.dat
1 4 110 -64 100 0 0 1 0 1 0 -1 0 0 3700.dat
1 0 120 -14 100 1 0 0 0 1 0 0 0 1 2780.dat
1 0 100 -32 -70 1 0 0 0 1 0 0 0 1 2792.dat
1 4 130 -34 110 0 0 1 -1 0 0 0 -1 0 3701.dat
1 0 90 -54 100 1 0 0 0 -0.707 0.707 0 -0.707 -0.707 3706.dat
1 7 35 -54 100 0 0 -1 0 1 0 1 0 0 4265.dat
1 8 60 -43.132 117.416 0 0 1 -0.707 0.707 0 -0.707 -0.707 0 2851.dat
1 7 100 -46 -70 -1 0 0 0 0.866 0.5 0 0.5 -0.866 2791.dat
1 4 100 -32 -130 1 0 0 0 1 0 0 0 1 3937.dat
1 4 100 -29.547 -136.561 1 0 0 0 0.755 -0.656 0 0.656 0.755 3938.dat
1 4 170 -24 60 0 0 1 0 1 0 -1 0 0 3894.dat
1 0 180 -14 80 1 0 0 0 1 0 0 0 1 3705.dat
1 7 150 -14 80 0 0 1 0 1 0 -1 0 0 3713.dat
1 7 145 -54 100 0 0 1 0.707 0.707 0 -0.707 0.707 0 4265.dat
1 7 100 -46 -70 1 0 0 0 1 0 0 0 1 2790.dat
1 7 90 -64 130 0 0 -1 0 1 0 1 0 0 4070.dat
1 7 120 -54 130 0 -1 0 0 0 -1 1 0 0 3062.dat
1 7 144 -54 130 0 -1 0 0 0 -1 1 0 0 4589.dat
1 7 100 -61.588 -79 1 0 0 0 0.866 -0.5 0 0.5 0.866 3647.dat
1 0 100 -71.588 -61.679 0 0 -1 -0.5 0.866 0 0.866 0.5 0 3705.dat
1 4 100 -32 40 1 0 0 0 1 0 0 0 1 3738.dat
1 0 100 -14 20 1 0 0 0 1 0 0 0 1 3737.dat
1 7 190 -14 20 0 0 -1 0 1 0 1 0 0 3713.dat
1 7 10 -14 20 0 0 1 0 1 0 -1 0 0 3713.dat
1 0 100 -32 50 1 0 0 0 1 0 0 0 1 2717.dat
1 0 100 -42.669 -121.467 1 0 0 0 0.755 -0.656 0 0.656 0.755 3023.dat
1 15 100 -42.146 -134.262 1 0 0 0 0.755 -0.656 0 0.656 0.755 3068.dat
1 15 190 -14 -110 0 0 1 1 0 0 0 1 0 3482.dat
1 256 190 -14 -110 0 0 1 1 0 0 0 1 0 3483.dat
1 15 210 -14 -110 0 0 1 1 0 0 0 1 0 3482.dat
1 256 210 -14 -110 0 0 1 1 0 0 0 1 0 3483.dat
1 15 -10 -14 -110 0 0 1 1 0 0 0 1 0 3482.dat
1 15 10 -14 -110 0 0 1 1 0 0 0 1 0 3482.dat
1 256 -10 -14 -110 0 0 1 1 0 0 0 1 0 3483.dat
1 256 10 -14 -110 0 0 1 1 0 0 0 1 0 3483.dat
1 15 -10 -14 80 0 0 1 1 0 0 0 1 0 3482.dat
1 15 10 -14 80 0 0 1 1 0 0 0 1 0 3482.dat
1 256 -10 -14 80 0 0 1 1 0 0 0 1 0 3483.dat
1 256 10 -14 80 0 0 1 1 0 0 0 1 0 3483.dat
1 15 190 -14 80 0 0 1 1 0 0 0 1 0 3482.dat
1 15 210 -14 80 0 0 1 1 0 0 0 1 0 3482.dat
1 256 190 -14 80 0 0 1 1 0 0 0 1 0 3483.dat
1 256 210 -14 80 0 0 1 1 0 0 0 1 0 3483.dat
