0 Main
0 Name: 42113 - Bell Boeing V-22 Osprey.mpd
0 Author: LTRON
1 72 -80 -20 280 0 1 0 0 0 -1 -1 0 0 15458.dat
1 1 -80 -40 160 0 1 0 0 0 -1 -1 0 0 6558.dat
1 1 -80 0 160 0 1 0 0 0 -1 -1 0 0 6558.dat
1 72 -80 -20 160 1 0 0 0 0 1 0 -1 0 60483.dat
1 72 0 -40 160 0 0 1 -1 0 0 0 -1 0 40490.dat
1 1 -80 -20 150 0 1 0 0 0 1 1 0 0 43093.dat
1 72 -80 -20 40 0 1 0 0 0 -1 -1 0 0 15458.dat
1 0 -80 10 -20 0 0 1 -1 0 0 0 -1 0 2780.dat
1 1 -80 20 100 0 0 -1 1 0 0 0 -1 0 6558.dat
1 1 -80 20 60 0 0 -1 1 0 0 0 -1 0 6558.dat
1 1 -80 20 220 0 0 -1 1 0 0 0 -1 0 6558.dat
1 1 -80 20 340 0 0 -1 1 0 0 0 -1 0 6558.dat
1 71 -80 20 220 -1 0 0 0 -1 0 0 0 1 41239.dat
1 71 -80 20 -40 -1 0 0 0 -1 0 0 0 1 41239.dat
1 71 -80 40 280 -1 0 0 0 -1 0 0 0 1 32524.dat
1 71 -80 40 100 -1 0 0 0 -1 0 0 0 1 32316.dat
1 1 -80 40 140 0 0 1 -1 0 0 0 -1 0 6558.dat
1 71 -80 40 180 -1 0 0 0 0 1 0 1 0 48989.dat
1 0 -80 50 240 0 0 -1 -1 0 0 0 1 0 2780.dat
1 0 -80 50 260 0 0 -1 -1 0 0 0 1 0 2780.dat
1 71 -80 60 160 -1 0 0 0 -1 0 0 0 1 32524.dat
1 0 -70 40 160 -1 0 0 0 -1 0 0 0 1 2780.dat
1 71 -60 20 160 0 0 1 0 1 0 -1 0 0 6536.dat
1 0 -70 0 200 -1 0 0 0 -1 0 0 0 1 2780.dat
1 71 -60 0 200 0 0 1 0 -1 0 1 0 0 32184.dat
1 71 -60 20 180 0 0 1 0 -1 0 1 0 0 4519.dat
1 72 -60 -60 180 -1 0 0 0 0 -1 0 -1 0 40490.dat
1 1 -60 -20 190 0 -1 0 0 0 -1 1 0 0 43093.dat
1 71 -60 -40 -40 -1 0 0 0 0 -1 0 -1 0 15100.dat
1 4 -60 -39.288 -37.089 0 0 1 0 -1 0 1 0 0 3706.dat
1 71 -60 -39.288 32.911 1 0 0 0 -1 0 0 0 -1 32034.dat
1 0 -60 -39.288 122.911 0 1 0 0 0 -1 -1 0 0 3707.dat
1 16 0 90 -40 1 0 0 0 1 0 0 0 1 24849.dat
1 72 0 90 -40 1 0 0 0 1 0 0 0 1 24853.dat
1 1 -80 40 0 0 -1 0 1 0 0 0 0 1 6558.dat
1 1 -80 40 -80 0 -1 0 1 0 0 0 0 1 6558.dat
1 1 -80 40 -120 0 -1 0 1 0 0 0 0 1 6558.dat
1 72 87 0 -40 1 0 0 0 1 0 0 0 1 59426.dat
1 71 65 0 -40 0 0 -1 0 -1 0 -1 0 0 32123.dat
1 4 10 21.213 98.787 1 0 0 0 0.629 0.777 0 -0.777 0.629 32062.dat
1 72 30 21.213 98.787 0 0 -1 -0.777 -0.629 0 -0.629 0.777 0 59443.dat
1 72 -10 21.213 98.787 0 0 -1 -0.777 -0.629 0 -0.629 0.777 0 59443.dat
1 71 -40 21.213 98.787 1 0 0 0 0.629 0.777 0 -0.777 0.629 4519.dat
1 4 50 21.213 98.787 1 0 0 0 0.629 0.777 0 -0.777 0.629 32062.dat
1 71 -40 -39.2796 32.942 0 -1 0 0.961778 0 0.276094 -0.276094 0 0.961778 32526.dat
1 72 -55 8.633 114.327 0 0 -1 0.777 0.629 0 0.629 -0.777 0 6575.dat
1 72 -65 8.633 114.327 0 0 -1 0.777 0.629 0 0.629 -0.777 0 6575.dat
1 72 55 8.633 114.327 0 0 -1 0.777 0.629 0 0.629 -0.777 0 6575.dat
1 72 65 8.633 114.327 0 0 -1 0.777 0.629 0 0.629 -0.777 0 6575.dat
1 19 -90 2.343 122.097 1 0 0 0 0.629 0.777 0 -0.777 0.629 99008.dat
1 19 90 2.343 122.097 -1 0 0 0 0.629 -0.777 0 -0.777 -0.629 99008.dat
1 19 -40 -39.2796 32.942 -1 0 0 0 0.69486 -0.71854 0 -0.71854 -0.69486 32556.dat
1 72 80 -20 40 0 -1 0 0 0 1 -1 0 0 15458.dat
1 0 80 10 -20 0 1 0 1 0 0 0 0 -1 2780.dat
1 1 80 20 60 0 1 0 1 0 0 0 0 -1 6558.dat
1 1 80 0 160 0 0 -1 0 1 0 1 0 0 6558.dat
1 1 80 -20 150 0 0 -1 0 1 0 1 0 0 43093.dat
1 72 80 -20 160 -1 0 0 0 0 1 0 1 0 60483.dat
1 71 80 20 -40 -1 0 0 0 1 0 0 0 -1 41239.dat
1 1 80 -40 160 0 0 -1 0 1 0 1 0 0 6558.dat
1 1 80 40 -120 0 -1 0 -1 0 0 0 0 -1 6558.dat
1 1 80 40 -80 0 -1 0 -1 0 0 0 0 -1 6558.dat
1 1 80 40 0 0 -1 0 -1 0 0 0 0 -1 6558.dat
1 72 80 -20 280 0 -1 0 0 0 1 -1 0 0 15458.dat
1 71 80 20 220 -1 0 0 0 -1 0 0 0 1 41239.dat
1 1 80 20 340 0 0 -1 1 0 0 0 -1 0 6558.dat
1 1 80 20 100 0 0 -1 1 0 0 0 -1 0 6558.dat
1 1 80 20 220 0 0 -1 1 0 0 0 -1 0 6558.dat
1 1 80 40 140 0 0 -1 1 0 0 0 -1 0 6558.dat
1 71 80 40 100 -1 0 0 0 -1 0 0 0 1 32316.dat
1 71 80 40 280 -1 0 0 0 -1 0 0 0 1 32524.dat
1 71 80 40 180 -1 0 0 0 0 1 0 1 0 48989.dat
1 0 80 50 240 0 0 -1 -1 0 0 0 1 0 2780.dat
1 0 80 50 260 0 0 -1 -1 0 0 0 1 0 2780.dat
1 71 80 60 160 -1 0 0 0 -1 0 0 0 1 32524.dat
1 72 100 0 120 0 1 0 -0.629 0 0.777 0.777 0 0.629 32140.dat
1 71 110 31.076 145.165 1 0 0 0 0.105 -0.994 0 0.994 0.105 3673.dat
1 0 110 34.032 173.286 -1 0 0 0 0.105 0.994 0 0.994 -0.105 6628.dat
1 72 -100 0 120 0 1 0 -0.642 0 0.766 0.766 0 0.642 32140.dat
1 71 -110 32.418 145.339 1 0 0 0 0.088 -0.996 0 0.996 0.088 3673.dat
1 0 -110 33.136 173.848 1 0 0 0 0.088 -0.996 0 0.996 0.088 6628.dat
1 4 -80 40 40 0 0 1 1 0 0 0 1 0 11214.dat
1 4 -80 40 80 0 0 1 1 0 0 0 1 0 11214.dat
1 4 80 40 80 0 0 1 1 0 0 0 1 0 11214.dat
1 4 80 40 40 0 0 1 1 0 0 0 1 0 11214.dat
1 71 80 60 60 0 0 1 1 0 0 0 1 0 32184.dat
1 71 -80 60 60 0 0 1 1 0 0 0 1 0 32184.dat
1 1 80 0 360 1 0 0 0 0 1 0 -1 0 6558.dat
1 0 70 -40 360 1 0 0 0 0 -1 0 1 0 2780.dat
1 72 60 -40 360 0 -1 0 0 0 -1 1 0 0 40490.dat
1 1 -80 0 360 -1 0 0 0 0 1 0 1 0 6558.dat
1 0 -70 -40 360 -1 0 0 0 0 -1 0 -1 0 2780.dat
1 72 -60 -40 360 0 1 0 0 0 -1 -1 0 0 40490.dat
1 15 -95 59.76 196.9 0 1 0 -0.155 0 -0.988 -0.988 0 0.155 6632.dat
1 71 -120 20.24 203.1 -1 0 0 0 -0.155 -0.988 0 -0.988 0.155 4519.dat
1 71 -120 59.76 196.9 -1 0 0 0 -0.155 -0.988 0 -0.988 0.155 4519.dat
1 15 -105 40 200 0 -1 0 0.155 0 -0.988 0.988 0 0.155 41677.dat
1 15 -105 59.76 196.9 0 1 0 0.988 0 -0.155 -0.155 0 -0.988 41677.dat
1 4 -120 56.66 177.14 -1 0 0 0 -0.155 -0.988 0 -0.988 0.155 32062.dat
1 15 -120 59.76 196.9 0 -1 0 0.155 0 -0.988 0.988 0 0.155 32316.dat
1 15 -120 44.5377 161.2351 0 1 0 -0.79566 0 0.606688 0.606688 0 0.79566 32523.dat
1 15 -135 40 200 0 -1 0 0.155 0 -0.988 0.988 0 0.155 41677.dat
1 15 -135 59.76 196.9 0 1 0 0.988 0 -0.155 -0.155 0 -0.988 41677.dat
1 15 -145 59.76 196.9 0 1 0 -0.155 0 -0.988 -0.988 0 0.155 6632.dat
1 4 -110 40 200 -1 0 0 0 -0.155 -0.988 0 -0.988 0.155 3706.dat
1 19 -120 99.28 190.7 -1 0 0 0 -0.155 -0.988 0 -0.988 0.155 32556.dat
1 71 -140 99.28 190.7 0 0 -1 0.155 0.988 0 0.988 -0.155 0 42610.dat
1 71 -100 99.28 190.7 0 0 -1 0.155 0.988 0 0.988 -0.155 0 42610.dat
1 256 -100 99.28 190.7 0 0 -1 0.155 0.988 0 0.988 -0.155 0 92409.dat
1 256 -140 99.28 190.7 0 0 -1 0.155 0.988 0 0.988 -0.155 0 92409.dat
1 0 70 40 160 -1 0 0 0 -1 0 0 0 1 2780.dat
1 71 60 20 160 0 0 -1 0 1 0 1 0 0 6536.dat
1 0 70 0 200 -1 0 0 0 -1 0 0 0 1 2780.dat
1 71 60 0 200 0 0 -1 0 -1 0 -1 0 0 32184.dat
1 71 60 20 180 0 0 -1 0 -1 0 -1 0 0 4519.dat
1 1 60 -20 190 0 1 0 0 0 1 1 0 0 43093.dat
1 72 60 -60 180 -1 0 0 0 0 -1 0 -1 0 40490.dat
1 25 60 -40 180 0 0 -1 0 -1 0 -1 0 0 32054.dat
1 15 145 59.7 196.56 0 1 0 -0.172 0 -0.985 -0.985 0 0.172 6632.dat
1 71 120 20.3 203.44 -1 0 0 0 -0.172 -0.985 0 -0.985 0.172 4519.dat
1 71 120 59.7 196.56 -1 0 0 0 -0.172 -0.985 0 -0.985 0.172 4519.dat
1 15 135 40 200 0 -1 0 0.172 0 -0.985 0.985 0 0.172 41677.dat
1 15 135 59.7 196.56 0 1 0 0.985 0 -0.172 -0.172 0 -0.985 41677.dat
1 4 120 56.26 176.86 -1 0 0 0 -0.172 -0.985 0 -0.985 0.172 32062.dat
1 15 120 59.7 196.56 0 -1 0 0.172 0 -0.985 0.985 0 0.172 32316.dat
1 15 120 43.8672 161.1696 0 1 0 -0.784928 0 0.62022 0.62022 0 0.784928 32523.dat
1 15 105 40 200 0 -1 0 0.172 0 -0.985 0.985 0 0.172 41677.dat
1 15 105 59.7 196.56 0 1 0 0.985 0 -0.172 -0.172 0 -0.985 41677.dat
1 15 95 59.7 196.56 0 1 0 -0.172 0 -0.985 -0.985 0 0.172 6632.dat
1 4 110 40 200 -1 0 0 0 -0.172 -0.985 0 -0.985 0.172 3706.dat
1 19 120 99.1 189.68 -1 0 0 0 -0.172 -0.985 0 -0.985 0.172 32556.dat
1 71 100 99.1 189.68 0 0 -1 0.172 0.985 0 0.985 -0.172 0 42610.dat
1 71 140 99.1 189.68 0 0 -1 0.172 0.985 0 0.985 -0.172 0 42610.dat
1 256 140 99.1 189.68 0 0 -1 0.172 0.985 0 0.985 -0.172 0 92409.dat
1 256 100 99.1 189.68 0 0 -1 0.172 0.985 0 0.985 -0.172 0 92409.dat
1 71 -80 60 60 1 0 0 0 0.172 -0.985 0 0.985 0.172 32054.dat
1 71 80 60 60 -1 0 0 0 0.172 -0.985 0 -0.985 -0.172 32054.dat
1 71 0 60 240 0 0 -1 0 1 0 1 0 0 64782.dat
1 0 -50 60 300 1 0 0 0 1 0 0 0 1 2780.dat
1 0 -50 60 240 1 0 0 0 1 0 0 0 1 2780.dat
1 0 50 60 300 1 0 0 0 1 0 0 0 1 2780.dat
1 0 50 60 240 1 0 0 0 1 0 0 0 1 2780.dat
1 0 40 60 350 0 0 1 0 1 0 -1 0 0 2780.dat
1 0 -40 60 350 0 0 1 0 1 0 -1 0 0 2780.dat
1 71 0 60 360 0 0 1 1 0 0 0 1 0 32316.dat
1 71 -60 60 320 0 1 0 1 0 0 0 0 -1 40490.dat
1 71 60 60 320 0 1 0 1 0 0 0 0 -1 40490.dat
1 1 -80 60 360 -1 0 0 0 1 0 0 0 -1 6558.dat
1 1 80 60 360 1 0 0 0 1 0 0 0 1 6558.dat
1 0 -70 60 280 1 0 0 0 1 0 0 0 1 2780.dat
1 0 70 60 280 1 0 0 0 1 0 0 0 1 2780.dat
1 71 -80 60 280 0 1 0 -1 0 0 0 0 1 32526.dat
1 71 80 60 280 0 1 0 -1 0 0 0 0 1 32526.dat
1 1 40 60 120 0 1 0 0 0 -1 -1 0 0 6558.dat
1 1 -40 60 120 0 1 0 0 0 -1 -1 0 0 6558.dat
1 0 -50 60 220 -1 0 0 0 0 -1 0 -1 0 2780.dat
1 0 -50 60 180 -1 0 0 0 0 -1 0 -1 0 2780.dat
1 0 50 60 220 -1 0 0 0 0 -1 0 -1 0 2780.dat
1 0 50 60 180 -1 0 0 0 0 -1 0 -1 0 2780.dat
1 71 0 60 120 0 0 1 1 0 0 0 1 0 32316.dat
1 71 -60 60 140 0 1 0 1 0 0 0 0 -1 40490.dat
1 71 60 60 140 0 1 0 1 0 0 0 0 -1 40490.dat
1 71 0 60 100 0 0 1 1 0 0 0 1 0 32316.dat
1 1 -80 20 360 1 0 0 0 0 1 0 -1 0 6558.dat
1 1 80 20 360 -1 0 0 0 0 1 0 1 0 6558.dat
1 0 -80 60 380 -1 0 0 0 0 1 0 1 0 18651.dat
1 72 -80 40 380 -1 0 0 0 -1 0 0 0 1 42003.dat
1 72 80 40 380 1 0 0 0 -1 0 0 0 -1 42003.dat
1 0 80 60 380 1 0 0 0 0 1 0 -1 0 18651.dat
1 1 80 20 400 0 0 1 0 -1 0 1 0 0 6558.dat
1 1 80 0 400 0 0 1 0 -1 0 1 0 0 6558.dat
1 1 80 -40 400 0 0 1 0 -1 0 1 0 0 6558.dat
1 1 -80 20 400 0 0 1 0 -1 0 1 0 0 6558.dat
1 1 -80 0 400 0 0 1 0 -1 0 1 0 0 6558.dat
1 1 -80 -40 400 0 0 1 0 -1 0 1 0 0 6558.dat
1 72 80 -20 400 1 0 0 0 0 -1 0 1 0 32316.dat
1 72 -80 -20 400 1 0 0 0 0 -1 0 1 0 32316.dat
1 72 -80 -20 520 0 1 0 0 0 -1 -1 0 0 18945.dat
1 0 -80 -60 640 0 -1 0 0 0 -1 1 0 0 18651.dat
1 0 -80 -40 630 0 -1 0 0 0 -1 1 0 0 2780.dat
1 72 -80 -60 640 -1 0 0 0 0 1 0 1 0 60483.dat
1 72 -80 -60 660 -1 0 0 0 -1 0 0 0 1 11947.dat
1 1 -80 -70 460 0 1 0 -1 0 0 0 0 1 43093.dat
1 0 -80 -70 480 0 1 0 -1 0 0 0 0 1 2780.dat
1 0 -80 -70 500 0 1 0 -1 0 0 0 0 1 2780.dat
1 70 -60 -60 440 -1 0 0 0 0.099 -0.995 0 -0.995 -0.099 24316.dat
1 71 -60 -61.991 459.901 -1 0 0 0 0.099 -0.995 0 -0.995 -0.099 32184.dat
1 19 -50 -63.982 479.802 -1 0 0 0 0.099 -0.995 0 -0.995 -0.099 3749.dat
1 0 -80 -70 580 0 1 0 -1 0 0 0 0 1 2780.dat
1 1 -80 -80 700 0 1 0 -1 0 0 0 0 1 6558.dat
1 1 -80 -80 720 0 1 0 -1 0 0 0 0 1 6558.dat
1 72 -80 -80 600 1 0 0 0 1 0 0 0 1 32525.dat
1 1 -80 -90 560 0 1 0 -1 0 0 0 0 1 43093.dat
1 0 -80 -90 640 0 1 0 -1 0 0 0 0 1 2780.dat
1 71 -80 -100 600 0 -1 0 1 0 0 0 0 1 15100.dat
1 1 -70 -60 600 1 0 0 0 1 0 0 0 1 43093.dat
1 71 -60 -80 600 -1 0 0 0 -1 0 0 0 1 32184.dat
1 0 -60 -100 600 1 0 0 0 -1 0 0 0 -1 18651.dat
1 0 -60 -80 610 0 -1 0 0 0 1 -1 0 0 2780.dat
1 72 -40 -100 600 0 1 0 0 0 -1 -1 0 0 60483.dat
1 72 80 -20 520 0 1 0 0 0 -1 -1 0 0 18945.dat
1 0 80 -60 640 0 1 0 0 0 1 1 0 0 18651.dat
1 0 80 -40 630 0 1 0 0 0 -1 -1 0 0 2780.dat
1 72 80 -60 640 -1 0 0 0 0 1 0 1 0 60483.dat
1 72 80 -60 660 -1 0 0 0 -1 0 0 0 1 11946.dat
1 1 80 -70 460 0 -1 0 -1 0 0 0 0 -1 43093.dat
1 0 80 -70 480 0 -1 0 1 0 0 0 0 1 2780.dat
1 0 80 -70 500 0 -1 0 1 0 0 0 0 1 2780.dat
1 0 80 -70 580 0 -1 0 1 0 0 0 0 1 2780.dat
1 1 80 -80 700 0 -1 0 -1 0 0 0 0 -1 6558.dat
1 1 80 -80 720 0 -1 0 -1 0 0 0 0 -1 6558.dat
1 72 80 -80 600 1 0 0 0 1 0 0 0 1 32525.dat
1 1 80 -90 560 0 -1 0 -1 0 0 0 0 -1 43093.dat
1 0 80 -90 640 0 -1 0 1 0 0 0 0 1 2780.dat
1 71 80 -100 600 0 1 0 1 0 0 0 0 -1 15100.dat
1 1 70 -60 600 -1 0 0 0 1 0 0 0 -1 43093.dat
1 71 60 -80 600 -1 0 0 0 -1 0 0 0 1 32184.dat
1 0 60 -100 600 -1 0 0 0 -1 0 0 0 1 18651.dat
1 72 40 -100 600 0 -1 0 0 0 -1 1 0 0 60483.dat
1 71 60 -80 600 0 1 0 0 0 1 1 0 0 32054.dat
1 0 60 -80 510 0 1 0 0 0 1 1 0 0 3707.dat
1 1 70 -60 440 -1 0 0 0 1 0 0 0 -1 43093.dat
1 71 60 -60 440 1 0 0 0 -1 0 0 0 -1 6536.dat
1 71 60 -79.998 544.555 -1 0 0 0 -1 0 0 0 1 32184.dat
1 71 0 30.763 495.63 0 0 -1 -0.292 0.956 0 0.956 0.292 0 64782.dat
1 1 60 24.923 514.75 1 0 0 0 -0.292 -0.956 0 0.956 -0.292 6558.dat
1 1 -60 24.923 514.75 -1 0 0 0 -0.292 0.956 0 0.956 0.292 6558.dat
1 0 50 13.243 552.99 -1 0 0 0 -0.292 0.956 0 0.956 0.292 2780.dat
1 0 -50 13.243 552.99 -1 0 0 0 -0.292 0.956 0 0.956 0.292 2780.dat
1 19 -60 36.603 476.51 -1 0 0 0 0.09634 0.99518 0 0.99518 -0.09634 32556.dat
1 19 60 42.443 457.39 1 0 0 0 -0.292 -0.956 0 0.956 -0.292 32556.dat
1 71 -60 13.243 552.99 0 1 0 0.956 0 0.292 0.292 0 -0.956 32316.dat
1 71 60 13.243 552.99 0 1 0 0.956 0 0.292 0.292 0 -0.956 32316.dat
1 71 -60 -9.6952 438.3848 0 1 0 0.635 0 -0.7718 -0.7718 0 -0.635 32524.dat
1 19 -50 -55.9882 400.2768 1 0 0 0 -0.09974 -0.99382 0 0.99382 -0.09974 3749.dat
1 71 -40 -57.9828 420.1627 1 0 0 0 -0.09974 -0.99382 0 0.99382 -0.09974 32184.dat
1 71 -80 42.443 457.39 0 1 0 0.956 0 0.292 0.292 0 -0.956 32524.dat
1 71 60 1.242 500.974 0 1 0 0.726636 0 0.687052 0.687052 0 -0.726636 32524.dat
1 71 50 -39.9587 544.5602 -1 0 0 0 0.972484 0.231188 0 0.231188 -0.972484 3673.dat
1 72 40 -59.9478 544.5597 0 -1 0 0 0 0.9992 -0.9992 0 0 60483.dat
1 70 38 -59.9478 544.5597 -1 0 0 0 -0.9992 0 0 0 0.9992 24316.dat
1 4 20 -59.9478 544.5597 0 0 1 0 0.9992 0 -0.9992 0 0 3713.dat
1 71 80 42.443 457.39 0 1 0 0.956 0 0.292 0.292 0 -0.956 32524.dat
1 19 -80 59.963 400.03 1 0 0 0 -0.292 -0.956 0 0.956 -0.292 32556.dat
1 19 80 59.963 400.03 -1 0 0 0 -0.292 0.956 0 0.956 0.292 32556.dat
1 71 60 -54.227 705.817 0 1 0 -0.903 0 -0.43 -0.43 0 0.903 32524.dat
1 1 40 -62.827 723.877 -1 0 0 0 -0.903 -0.43 0 -0.43 0.903 6558.dat
1 1 40 -28.427 651.637 -1 0 0 0 -0.903 -0.43 0 -0.43 0.903 6558.dat
1 71 40 -45.627 687.757 0 -1 0 0.903 0 -0.43 0.43 0 0.903 40490.dat
1 71 20 -37.027 669.697 0 1 0 -0.903 0 -0.43 -0.43 0 0.903 32524.dat
1 14 0 -80.027 759.997 -1 0 0 0 -1.000309 0 0 0 1.000309 60485.dat
1 72 80 -80.0184 739.9938 -1 0 0 0 0 -1.000309 0 -1.000309 0 42003.dat
1 71 20 -100.0302 759.9885 -1 0 0 0 1.000309 0 0 0 -1.000309 32184.dat
1 1 0 -11.227 615.517 -1 0 0 0 -0.903 -0.43 0 -0.43 0.903 6558.dat
1 1 0 -54.227 705.817 -1 0 0 0 -0.903 -0.43 0 -0.43 0.903 6558.dat
1 71 0 -45.627 687.757 0 -1 0 0.903 0 -0.43 0.43 0 0.903 40490.dat
1 71 -20 -37.027 669.697 0 1 0 -0.903 0 -0.43 -0.43 0 0.903 32524.dat
1 1 -40 -62.827 723.877 -1 0 0 0 -0.903 -0.43 0 -0.43 0.903 6558.dat
1 1 -40 -28.427 651.637 -1 0 0 0 -0.903 -0.43 0 -0.43 0.903 6558.dat
1 71 -30 -19.827 633.577 -1 0 0 0 -0.903 -0.43 0 -0.43 0.903 3673.dat
1 71 -20 -100.0302 759.9885 1 0 0 0 1.000309 0 0 0 1.000309 32184.dat
1 71 -40 -54.227 705.817 0 1 0 -0.903 0 -0.43 -0.43 0 0.903 32524.dat
1 71 -60 -54.227 705.817 0 1 0 -0.903 0 -0.43 -0.43 0 0.903 32524.dat
1 72 -80 -80.0184 739.9938 -1 0 0 0 0 -1.000309 0 -1.000309 0 42003.dat
1 71 -40 -41.8562 556.6699 0 -1 0 0.961007 0 0.275716 -0.275716 0 0.961007 40490.dat
1 4 -80 -60 220 0 1 0 -1 0 0 0 0 1 11214.dat
1 1 -80 -50 240 0 1 0 -1 0 0 0 0 1 43093.dat
1 1 -80 -50 260 0 1 0 -1 0 0 0 0 1 43093.dat
1 72 -80 -55 210 -1 0 0 0 -1 0 0 0 1 32449.dat
1 72 -80 -65 210 -1 0 0 0 -1 0 0 0 1 32449.dat
1 4 80 -60 220 0 1 0 -1 0 0 0 0 1 11214.dat
1 1 80 -50 240 0 1 0 -1 0 0 0 0 1 43093.dat
1 1 80 -50 260 0 1 0 -1 0 0 0 0 1 43093.dat
1 72 80 -55 210 -1 0 0 0 -1 0 0 0 1 32449.dat
1 72 80 -65 210 -1 0 0 0 -1 0 0 0 1 32449.dat
1 0 80 -50 280 0 1 0 -1 0 0 0 0 1 2780.dat
1 0 -80 -50 280 0 1 0 -1 0 0 0 0 1 2780.dat
1 0 -80 -50 320 0 1 0 -1 0 0 0 0 1 2780.dat
1 0 80 -50 320 0 1 0 -1 0 0 0 0 1 2780.dat
1 72 80 -60 300 -1 0 0 0 -1 0 0 0 1 32523.dat
1 72 -80 -60 300 -1 0 0 0 -1 0 0 0 1 32523.dat
1 1 -80 -70 300 0 1 0 -1 0 0 0 0 1 43093.dat
1 1 80 -70 300 0 1 0 -1 0 0 0 0 1 43093.dat
1 1 -80 -60 -20 0 1 0 -1 0 0 0 0 1 6558.dat
1 0 -80 -50 40 0 1 0 -1 0 0 0 0 1 2780.dat
1 72 -80 -60 -20 -1 0 0 0 -1 0 0 0 1 32524.dat
1 0 -80 -70 20 0 1 0 -1 0 0 0 0 1 2780.dat
1 72 -80 -80 0 -1 0 0 0 -1 0 0 0 1 32523.dat
1 1 80 -60 -20 0 1 0 -1 0 0 0 0 1 6558.dat
1 0 80 -50 40 0 1 0 -1 0 0 0 0 1 2780.dat
1 72 80 -60 -20 -1 0 0 0 -1 0 0 0 1 32524.dat
1 0 80 -70 20 0 1 0 -1 0 0 0 0 1 2780.dat
1 72 80 -80 0 -1 0 0 0 -1 0 0 0 1 32523.dat
1 4 100 20 440 1 0 0 0 1 0 0 0 1 11214.dat
1 71 100 20 400 0 1 0 -1 0 0 0 0 1 32316.dat
1 1 110 20 400 1 0 0 0 1 0 0 0 1 43093.dat
1 71 120 20 420 -1 0 0 0 0 1 0 1 0 32184.dat
1 4 -100 20 440 -1 0 0 0 -1 0 0 0 1 11214.dat
1 71 -100 20 400 0 -1 0 1 0 0 0 0 1 32316.dat
1 1 -110 20 400 -1 0 0 0 -1 0 0 0 1 43093.dat
1 71 -120 20 420 1 0 0 0 0 -1 0 1 0 32184.dat
1 71 100 60 380 0 -1 0 1 0 0 0 0 1 32523.dat
1 71 -100 60 380 0 -1 0 1 0 0 0 0 1 32523.dat
1 72 -40 40 -180 0 -1 0 -1 0 0 0 0 -1 32271.dat
1 4 -60 40 -180 1 0 0 0 -1 0 0 0 -1 11214.dat
1 0 -50 40 -220 1 0 0 0 -1 0 0 0 -1 2780.dat
1 71 -60 40 -140 0 -1 0 -1 0 0 0 0 -1 32526.dat
1 71 -40 40 -160 -1 0 0 0 -1 0 0 0 1 32054.dat
1 72 -40 40 -140 0 -1 0 -1 0 0 0 0 -1 60483.dat
1 71 0 40 -160 1 0 0 0 -1 0 0 0 -1 4519.dat
1 71 -80 40 -160 1 0 0 0 0 -1 0 1 0 48989.dat
1 71 -40 20 -200 0 0 -1 0 1 0 1 0 0 60484.dat
1 1 -80 40 -220 0 1 0 1 0 0 0 0 -1 6558.dat
1 1 -80 40 -160 0 1 0 1 0 0 0 0 -1 6558.dat
1 71 -80 40 -220 1 0 0 0 -1 0 0 0 -1 32523.dat
1 0 -80 50 -200 0 1 0 1 0 0 0 0 -1 2780.dat
1 0 -80 10 -200 0 1 0 1 0 0 0 0 -1 2780.dat
1 14 0 40 -140 -1 0 0 0 1 0 0 0 -1 60485.dat
1 72 -20 40 -140 0 -1 0 0 0 -1 1 0 0 60483.dat
1 72 20 40 -140 0 -1 0 0 0 -1 1 0 0 60483.dat
1 1 0 20 -140 -1 0 0 0 1 0 0 0 -1 6558.dat
1 72 0 -40 -140 0 1 0 0 0 1 1 0 0 40490.dat
1 71 -40 40 -200 -1 0 0 0 -1 0 0 0 1 32054.dat
1 71 0 40 -200 1 0 0 0 -1 0 0 0 -1 4519.dat
1 71 0 0 -180 0 1 0 0 0 1 1 0 0 60484.dat
1 1 0 40 -180 -1 0 0 0 1 0 0 0 -1 6558.dat
1 1 0 20 -180 -1 0 0 0 1 0 0 0 -1 6558.dat
1 72 -20 20 -180 0 0 -1 0 1 0 1 0 0 42003.dat
1 72 20 20 -180 0 0 -1 0 1 0 1 0 0 42003.dat
1 4 -20 0 -190 0 0 -1 0 1 0 1 0 0 32062.dat
1 4 20 0 -190 0 0 -1 0 1 0 1 0 0 32062.dat
1 72 -40 0 -200 0 -1 0 0 0 -1 1 0 0 42003.dat
1 72 40 0 -200 0 1 0 0 0 1 1 0 0 42003.dat
1 71 40 40 -160 1 0 0 0 1 0 0 0 1 32054.dat
1 71 40 40 -200 1 0 0 0 1 0 0 0 1 32054.dat
1 72 40 40 -140 0 -1 0 -1 0 0 0 0 -1 60483.dat
1 70 -20 0 -220 -1 0 0 0 0.672 -0.74 0 -0.74 -0.672 15462.dat
1 4 -40 0 -220 0 0 -1 0.74 0.672 0 0.672 -0.74 0 3713.dat
1 72 -20 0 -220 0 -1 0 -0.74 0 0.672 -0.672 0 -0.74 32140.dat
1 71 -10 28.284 -248.284 -1 0 0 0 0 1 0 1 0 3673.dat
1 0 -10 25.531 -277.864 -1 0 0 0 0.048 0.999 0 0.999 -0.048 6628.dat
1 15 -25 59.7 -296.58 0 -1 0 -0.171 0 -0.985 0.985 0 -0.171 6632.dat
1 71 0 20.3 -303.42 1 0 0 0 -0.171 -0.985 0 0.985 -0.171 4519.dat
1 71 0 59.7 -296.58 1 0 0 0 -0.171 -0.985 0 0.985 -0.171 4519.dat
1 15 -15 40 -300 0 1 0 0.171 0 -0.985 -0.985 0 -0.171 41677.dat
1 15 -15 59.7 -296.58 0 -1 0 0.985 0 -0.171 0.171 0 0.985 41677.dat
1 4 0 56.28 -276.88 1 0 0 0 -0.171 -0.985 0 0.985 -0.171 32062.dat
1 15 0 59.7 -296.58 0 1 0 0.171 0 -0.985 -0.985 0 -0.171 32316.dat
1 15 0 42.2814 -262.5892 0 -1 0 -0.714512 0 0.700384 -0.700384 0 -0.714512 32523.dat
1 15 15 40 -300 0 1 0 0.171 0 -0.985 -0.985 0 -0.171 41677.dat
1 15 15 59.7 -296.58 0 -1 0 0.985 0 -0.171 0.171 0 0.985 41677.dat
1 15 25 59.7 -296.58 0 -1 0 -0.171 0 -0.985 0.985 0 -0.171 6632.dat
1 14 0 40 -300 1 0 0 0 -0.171 -0.985 0 0.985 -0.171 32073.dat
1 19 0 99.1 -289.74 1 0 0 0 -0.171 -0.985 0 0.985 -0.171 32556.dat
1 71 20 99.1 -289.74 0 0 1 0.171 0.985 0 -0.985 0.171 0 42610.dat
1 71 -20 99.1 -289.74 0 0 1 0.171 0.985 0 -0.985 0.171 0 42610.dat
1 256 -20 99.1 -289.74 0 0 1 0.171 0.985 0 -0.985 0.171 0 92409.dat
1 256 20 99.1 -289.74 0 0 1 0.171 0.985 0 -0.985 0.171 0 92409.dat
1 14 0 8 -324 -1 0 0 0 0.6 -0.8 0 -0.8 -0.6 32073.dat
1 0 -20 8 -334 0 -1 0 -1 0 0 0 0 -1 43857.dat
1 1 0 8 -344 1 0 0 0 -1 0 0 0 -1 6558.dat
1 25 0 8 -344 0 1 0 0.423 0 -0.906 -0.906 0 -0.423 60484.dat
1 0 20 8 -334 0 -1 0 -1 0 0 0 0 -1 43857.dat
1 4 0 8 -324 0 -1 0 -1 0 0 0 0 -1 22961.dat
1 25 0 -32 -324 -1 0 0 0 0 -1 0 -1 0 32192.dat
1 0 0 -67.355 -288.645 0 -1 0 -0.707 0 -0.707 0.707 0 -0.707 3705.dat
1 72 40 40 -180 0 -1 0 -1 0 0 0 0 -1 32271.dat
1 0 50 40 -220 1 0 0 0 -1 0 0 0 -1 2780.dat
1 4 60 40 -180 -1 0 0 0 1 0 0 0 -1 11214.dat
1 71 0 -14.806 -233.446 -1 0 0 0 0.74 0.672 0 0.672 -0.74 32184.dat
1 72 30 0 -220 0 0 -1 -0.672 0.74 0 0.74 0.672 0 59443.dat
1 4 50 0 -220 1 0 0 0 0.672 0.74 0 -0.74 0.672 32062.dat
1 71 60 40 -140 0 -1 0 -1 0 0 0 0 -1 32526.dat
1 71 80 40 -160 1 0 0 0 0 -1 0 1 0 48989.dat
1 71 40 20 -200 0 0 1 0 1 0 -1 0 0 60484.dat
1 1 80 40 -220 0 -1 0 1 0 0 0 0 1 6558.dat
1 1 80 40 -160 0 -1 0 1 0 0 0 0 1 6558.dat
1 71 80 40 -220 1 0 0 0 -1 0 0 0 -1 32523.dat
1 0 80 50 -200 0 -1 0 -1 0 0 0 0 -1 2780.dat
1 0 80 10 -200 0 -1 0 -1 0 0 0 0 -1 2780.dat
1 71 -80 60 -120 -1 0 0 0 -1 0 0 0 1 41239.dat
1 71 80 60 -120 -1 0 0 0 -1 0 0 0 1 41239.dat
1 72 -20 -34.446 -106.975 0 1 0 -0.999 0 -0.035 -0.035 0 0.999 32278.dat
1 0 -30 -33.755 -126.963 1 0 0 0 0.999 -0.035 0 0.035 0.999 2780.dat
1 1 -30 -35.827 -66.998 -1 0 0 0 -0.999 -0.035 0 -0.035 0.999 43093.dat
1 1 -30 -33.065 -146.951 -1 0 0 0 -0.999 -0.035 0 -0.035 0.999 43093.dat
1 72 -40 -35.827 -66.998 0 -1 0 -0.999 0 0.035 -0.035 0 -0.999 32140.dat
1 72 -40 -33.065 -146.951 0 -1 0 -0.035 0 -0.999 0.999 0 -0.035 60483.dat
1 0 -30 -53.053 -147.641 1 0 0 0 -0.999 0.035 0 -0.035 -0.999 2780.dat
1 0 -30 -53.743 -127.653 1 0 0 0 -0.999 0.035 0 -0.035 -0.999 2780.dat
1 71 -20 -53.743 -127.653 0 1 0 0.999 0 0.035 0.035 0 -0.999 32523.dat
1 70 0 -29.612 -246.891 -1 0 0 0 0.682 0.731 0 0.731 -0.682 24316.dat
1 72 20 -29.612 -246.891 0 1 0 -0.731 0 0.682 0.682 0 0.731 60483.dat
1 72 40 -60 -200 0 0 1 0 1 0 -1 0 0 32523.dat
1 1 40 -60 -200 0 0 -1 -1 0 0 0 1 0 6558.dat
1 72 40 -80 -200 0 0 1 0 1 0 -1 0 0 32523.dat
1 72 60 -40 -200 0 0 -1 0 1 0 1 0 0 60483.dat
1 4 60 -30 -200 0 0 -1 1 0 0 0 -1 0 3706.dat
1 72 60 -20 -220 0 0 -1 1 0 0 0 -1 0 42003.dat
1 0 50 -20 -240 1 0 0 0 0 1 0 -1 0 2780.dat
1 72 40 -20 -220 0 0 -1 1 0 0 0 -1 0 42003.dat
1 4 40 0 -200 0 0 1 -1 0 0 0 -1 0 11214.dat
1 72 -40 -60 -200 0 0 -1 0 1 0 1 0 0 32523.dat
1 1 -40 -60 -200 0 0 -1 -1 0 0 0 1 0 6558.dat
1 72 -40 -80 -200 0 0 -1 0 1 0 1 0 0 32523.dat
1 72 -60 -40 -200 0 0 1 0 1 0 -1 0 0 60483.dat
1 4 -60 -30 -200 0 0 1 -1 0 0 0 -1 0 3706.dat
1 72 -60 -20 -220 0 0 1 -1 0 0 0 -1 0 42003.dat
1 0 -50 -20 -240 1 0 0 0 0 1 0 -1 0 2780.dat
1 72 -40 -20 -220 0 0 1 -1 0 0 0 -1 0 42003.dat
1 4 -40 0 -200 0 0 1 -1 0 0 0 -1 0 11214.dat
1 1 0 -80 -140 1 0 0 0 1 0 0 0 1 6558.dat
1 1 0 -100 -140 1 0 0 0 1 0 0 0 1 6558.dat
1 25 -20 -120 -220 0 -1 0 1 0 0 0 0 1 32526.dat
1 1 0 -120 -160 1 0 0 0 1 0 0 0 1 6558.dat
1 1 0 -120 -220 1 0 0 0 1 0 0 0 1 6558.dat
1 0 -30 -120 -140 1 0 0 0 1 0 0 0 1 2780.dat
1 25 0 -120 -200 0 -1 0 1 0 0 0 0 1 32316.dat
1 25 20 -120 -220 0 -1 0 1 0 0 0 0 1 32526.dat
1 0 30 -120 -140 1 0 0 0 1 0 0 0 1 2780.dat
1 72 80 -60 -100 -1 0 0 0 1 0 0 0 -1 32140.dat
1 0 80 -50 -140 0 -1 0 -1 0 0 0 0 -1 2780.dat
1 1 80 -50 -100 0 -1 0 -1 0 0 0 0 -1 43093.dat
1 72 80 -40 -120 1 0 0 0 -1 0 0 0 -1 32316.dat
1 1 80 -20 -160 0 1 0 1 0 0 0 0 -1 6558.dat
1 1 80 -20 -80 0 1 0 1 0 0 0 0 -1 6558.dat
1 72 80 -20 -120 1 0 0 0 -1 0 0 0 -1 32316.dat
1 72 80 0 -140 1 0 0 0 -1 0 0 0 -1 32524.dat
1 72 -80 -60 -100 1 0 0 0 -1 0 0 0 -1 32140.dat
1 0 -80 -50 -140 0 1 0 1 0 0 0 0 -1 2780.dat
1 1 -80 -50 -100 0 1 0 -1 0 0 0 0 1 43093.dat
1 72 -80 -40 -120 1 0 0 0 -1 0 0 0 -1 32316.dat
1 1 -80 -20 -160 0 -1 0 1 0 0 0 0 1 6558.dat
1 1 -80 -20 -80 0 -1 0 1 0 0 0 0 1 6558.dat
1 72 -80 -20 -120 1 0 0 0 -1 0 0 0 -1 32316.dat
1 72 -80 0 -140 1 0 0 0 -1 0 0 0 -1 32524.dat
1 71 -160 60 260 -1 0 0 0 1 0 0 0 -1 41239.dat
1 1 -160 40 180 0 -1 0 -1 0 0 0 0 -1 6558.dat
1 0 -160 50 140 0 -1 0 -1 0 0 0 0 -1 2780.dat
1 71 -160 40 220 -1 0 0 0 0 1 0 1 0 48989.dat
1 0 -160 50 260 0 -1 0 -1 0 0 0 0 -1 2780.dat
1 0 -160 50 280 0 -1 0 -1 0 0 0 0 -1 2780.dat
1 0 -160 50 300 0 -1 0 -1 0 0 0 0 -1 2780.dat
1 1 -160 40 360 0 -0.99 -0.14 -1 0 0 0 0.14 -0.99 6558.dat
1 71 -160 40 340 -1 0 0 0 1 0 0 0 -1 32316.dat
1 71 -160 40 140 -1 0 0 0 1 0 0 0 -1 32316.dat
1 0 -160 30 320 0 -1 0 -1 0 0 0 0 -1 2780.dat
1 1 -160 40 120 0 1 0 1 0 0 0 0 -1 6558.dat
1 71 -160 60 80 -1 0 0 0 1 0 0 0 -1 32316.dat
1 0 -160 50 100 0 -1 0 -1 0 0 0 0 -1 2780.dat
1 1 -160 50 80 0 -1 0 -1 0 0 0 0 -1 43093.dat
1 71 -80 40 -40 0.6 0 -0.8 0 1 0 0.8 0 0.6 6629.dat
1 0 -160 50 60 0 1 0 -1 0 0 0 0 1 2780.dat
1 0 -160 50 40 0 1 0 -1 0 0 0 0 1 2780.dat
1 1 -144 40 8 0 -1 0 -1 0 0 0 0 -1 6558.dat
1 1 -112 40 -16 0 -1 0 -1 0 0 0 0 -1 6558.dat
1 71 -160 60 20 0.6 0 0.8 0 -1 0 0.8 0 -0.6 32140.dat
1 71 -100 40 260 0 0 -1 0 1 0 1 0 0 32140.dat
1 0 -100 40 260 0 0 -1 -1 0 0 0 1 0 18651.dat
1 4 -100 20 260 0 1 0 0 0 1 1 0 0 3713.dat
1 71 -160 20 20 0.6 0 0.8 0 -1 0 0.8 0 -0.6 32140.dat
1 72 -160 20 160 -1 0 0 0 1 0 0 0 -1 32316.dat
1 72 -151.617 20 419.412 -0.99 0 -0.14 0 1 0 0.14 0 -0.99 32524.dat
1 0 -146.029 30 459.019 0 -0.99 -0.14 -1 0 0 0 0.14 -0.99 2780.dat
1 0 -148.823 30 439.215 0 -0.99 -0.14 -1 0 0 0 0.14 -0.99 2780.dat
1 71 -154.412 40 399.608 -0.99 0 0.14 0 -1 0 0.14 0 0.99 11947.dat
1 72 -120 0 280 0 1 0 -1 0 0 0 0 1 24119.dat
1 0 -110 0 320 1 0 0 0 1 0 0 0 1 2780.dat
1 0 -110 0 240 1 0 0 0 1 0 0 0 1 2780.dat
1 72 -100 0 300 0 -1 0 1 0 0 0 0 1 40490.dat
1 1 -110 0 380 -1 0 0 0 -1 0 0 0 1 43093.dat
1 1 -120 10 420 0 -0.054 -0.999 -1 0 0 0 0.999 -0.054 43093.dat
1 72 -120 0 420 -0.999 0 -0.054 0 -1 0 -0.054 0 0.999 32140.dat
1 0 -143.235 10 478.823 0 -0.99 0.14 1 0 0 0 0.14 0.99 2780.dat
1 72 -120 -20 360 0 1 0 -1 0 0 0 0 1 64683.dat
1 71 -120 0 380 0 1 0 0 0 -1 -1 0 0 15100.dat
1 1 -100 -20 440 1 0 0 0 1 0 0 0 1 6558.dat
1 0 -110 -20 400 1 0 0 0 1 0 0 0 1 2780.dat
1 72 -100 -20 420 0 1 0 -1 0 0 0 0 1 32524.dat
1 72 -100 0 20 0 1 0 1 0 0 0 0 -1 32524.dat
1 72 -120 0 100 0 1 0 1 0 0 0 0 -1 64391.dat
1 71 -120 0 120 0 1 0 0 0 -1 -1 0 0 15100.dat
1 0 -110 0 20 -1 0 0 0 1 0 0 0 -1 2780.dat
1 0 -90 0 -40 -1 0 0 0 1 0 0 0 -1 2780.dat
1 70 -160 40 80 0 -1 0 -1 0 0 0 0 -1 24316.dat
1 71 160 60 260 -1 0 0 0 1 0 0 0 -1 41239.dat
1 1 160 40 180 0 1 0 -1 0 0 0 0 1 6558.dat
1 0 160 50 140 0 1 0 1 0 0 0 0 -1 2780.dat
1 71 160 40 220 -1 0 0 0 0 1 0 1 0 48989.dat
1 0 160 50 260 0 1 0 1 0 0 0 0 -1 2780.dat
1 0 160 50 280 0 1 0 1 0 0 0 0 -1 2780.dat
1 0 160 50 300 0 1 0 1 0 0 0 0 -1 2780.dat
1 1 160 40 360 0 0.99 -0.14 -1 0 0 0 0.14 0.99 6558.dat
1 71 160 40 340 -1 0 0 0 1 0 0 0 -1 32316.dat
1 71 160 40 140 -1 0 0 0 1 0 0 0 -1 32316.dat
1 0 160 30 320 0 1 0 1 0 0 0 0 -1 2780.dat
1 1 160 40 120 0 -1 0 1 0 0 0 0 1 6558.dat
1 71 160 60 80 -1 0 0 0 1 0 0 0 -1 32316.dat
1 0 160 50 100 0 1 0 1 0 0 0 0 -1 2780.dat
1 1 160 50 80 0 1 0 -1 0 0 0 0 1 43093.dat
1 71 80 40 -40 -0.6 0 0.8 0 -1 0 0.8 0 0.6 6629.dat
1 0 160 50 60 0 -1 0 1 0 0 0 0 1 2780.dat
1 0 160 50 40 0 -1 0 1 0 0 0 0 1 2780.dat
1 1 144 40 8 0 1 0 -1 0 0 0 0 1 6558.dat
1 1 112 40 -16 0 1 0 -1 0 0 0 0 1 6558.dat
1 71 160 60 20 -0.6 0 -0.8 0 1 0 0.8 0 -0.6 32140.dat
1 71 100 40 260 0 0 1 0 -1 0 1 0 0 32140.dat
1 0 100 40 260 0 0 -1 -1 0 0 0 1 0 18651.dat
1 4 100 20 260 0 -1 0 0 0 1 -1 0 0 3713.dat
1 71 160 20 20 -0.6 0 -0.8 0 1 0 0.8 0 -0.6 32140.dat
1 72 160 20 160 -1 0 0 0 1 0 0 0 -1 32316.dat
1 72 151.617 20 419.412 -0.99 0 0.14 0 1 0 -0.14 0 -0.99 32524.dat
1 0 146.029 30 459.019 0 0.99 0.14 1 0 0 0 0.14 -0.99 2780.dat
1 0 148.823 30 439.215 0 0.99 0.14 1 0 0 0 0.14 -0.99 2780.dat
1 71 154.412 40 399.608 -0.99 0 -0.14 0 -1 0 -0.14 0 0.99 11946.dat
1 72 120 0 280 0 -1 0 -1 0 0 0 0 -1 24119.dat
1 0 110 0 320 1 0 0 0 1 0 0 0 1 2780.dat
1 0 110 0 240 1 0 0 0 1 0 0 0 1 2780.dat
1 72 100 0 300 0 1 0 -1 0 0 0 0 1 40490.dat
1 1 110 0 380 1 0 0 0 -1 0 0 0 -1 43093.dat
1 1 120 10 420 0 0.054 -0.999 -1 0 0 0 0.999 0.054 43093.dat
1 72 120 0 420 0.999 0 0.054 0 1 0 -0.054 0 0.999 32140.dat
1 0 143.235 10 478.823 0 0.99 -0.14 -1 0 0 0 0.14 0.99 2780.dat
1 72 120 -20 360 0 -1 0 1 0 0 0 0 1 64391.dat
1 71 120 0 380 0 -1 0 0 0 1 -1 0 0 15100.dat
1 1 100 -20 440 -1 0 0 0 1 0 0 0 -1 6558.dat
1 0 110 -20 400 1 0 0 0 1 0 0 0 1 2780.dat
1 72 100 -20 420 0 -1 0 1 0 0 0 0 1 32524.dat
1 72 100 0 20 0 -1 0 -1 0 0 0 0 -1 32524.dat
1 72 120 0 100 0 -1 0 -1 0 0 0 0 -1 64683.dat
1 71 120 0 120 0 -1 0 0 0 1 -1 0 0 15100.dat
1 0 110 0 20 -1 0 0 0 1 0 0 0 -1 2780.dat
1 70 160 40 80 0 1 0 -1 0 0 0 0 1 24316.dat
1 4 120 20 -40 -1 0 0 0 1 0 0 0 -1 42003.dat
1 71 -140 60 260 0 0 1 0 1 0 -1 0 0 32140.dat
1 71 140 60 260 0 0 -1 0 -1 0 -1 0 0 32140.dat
1 4 140 50 260 0 0 -1 -1 0 0 0 1 0 32062.dat
1 4 -140 50 260 0 0 -1 -1 0 0 0 1 0 32062.dat
1 70 -80 40 -40 0 0.6 0.8 1 0 0 0 0.8 -0.6 24316.dat
1 70 80 40 -40 0 0.8 0.6 1 0 0 0 0.6 -0.8 24316.dat
1 25 -53.666 0 -357.075 0.447 0 0.894 0 -1 0 0.894 0 -0.447 32348.dat
1 0 -17.889 10 -374.964 0 -1 0 1 0 0 0 0 1 2780.dat
1 0 -35.777 10 -366.019 0 -1 0 1 0 0 0 0 1 2780.dat
1 0 17.889 10 -374.964 0 -1 0 1 0 0 0 0 1 2780.dat
1 0 35.777 10 -366.019 0 -1 0 1 0 0 0 0 1 2780.dat
1 1 -53.666 10 -357.075 0 -0.447 0.894 -1 0 0 0 -0.894 -0.447 43093.dat
1 71 -26.833 20 -370.492 0.447 0 0.894 0 -1 0 0.894 0 -0.447 43857.dat
1 71 17.889 20 -374.964 0.447 0 -0.894 0 -1 0 -0.894 0 -0.447 32523.dat
1 1 53.666 10 -357.075 0 0.447 0.894 -1 0 0 0 -0.894 0.447 43093.dat
1 71 66.833 20 -298.538 -0.976 0 0.219 0 -1 0 0.219 0 0.976 32524.dat
1 71 -66.833 20 -298.538 -0.976 0 -0.219 0 -1 0 -0.219 0 0.976 32524.dat
1 0 -62.444 30 -318.05 0 -0.999 -0.032 1 0 0 0 -0.032 0.999 2780.dat
1 0 -66.833 30 -298.538 0 -0.999 -0.032 1 0 0 0 -0.032 0.999 2780.dat
1 0 62.444 30 -318.05 0 -0.999 0.032 1 0 0 0 0.032 0.999 2780.dat
1 0 66.833 30 -298.538 0 -0.999 0.032 1 0 0 0 0.032 0.999 2780.dat
1 71 -75.611 40 -259.513 0.976 0 0.219 0 -1 0 0.219 0 -0.976 11946.dat
1 71 75.611 40 -259.513 0.976 0 -0.219 0 -1 0 -0.219 0 -0.976 11947.dat
1 1 0 30 -383.908 0 0 1 1 0 0 0 1 0 43093.dat
1 71 0 40 -383.908 0 0 1 0 -1 0 1 0 0 32474.dat
1 1 80 20 -240 0 -0.032 0.999 -1 0 0 0 -0.999 -0.032 6558.dat
1 1 -80 20 -240 0 0.032 0.999 -1 0 0 0 -0.999 0.032 6558.dat
1 0 75.611 10 -259.513 0 -0.999 0.032 1 0 0 0 0.032 0.999 2780.dat
1 0 -75.611 10 -259.513 0 -0.999 -0.032 1 0 0 0 -0.032 0.999 2780.dat
1 25 66.833 0 -298.538 0.976 0 0.219 0 1 0 -0.219 0 0.976 11947.dat
1 25 -66.833 0 -298.538 0.976 0 -0.219 0 1 0 0.219 0 0.976 11946.dat
1 1 0 -28.252 -360.905 1 0 0 0 0.423 0.906 0 -0.906 0.423 6558.dat
1 1 0 -36.705 -342.779 1 0 0 0 0.423 0.906 0 -0.906 0.423 6558.dat
1 25 -20 -53.609 -306.526 0 1 0 0.906 0 0.423 0.423 0 -0.906 87086.dat
1 25 20 -53.609 -306.526 0 -1 0 -0.906 0 0.423 -0.423 0 -0.906 87080.dat
1 71 -40 -39.709 -289.011 0 -1 0 -0.423 0 -0.906 0.906 0 -0.423 4274.dat
1 71 -20 -39.709 -289.011 0 -1 0 -0.423 0 -0.906 0.906 0 -0.423 4274.dat
1 71 20 -39.709 -289.011 0 -1 0 -0.423 0 -0.906 0.906 0 -0.423 4274.dat
1 71 40 -39.709 -289.011 0 -1 0 -0.423 0 -0.906 0.906 0 -0.423 4274.dat
1 0 0 -43.09 -281.76 -1 0 0 0 0.423 -0.906 0 -0.906 -0.423 6636.dat
1 0 0 -104.125 -251.875 1 0 0 0 0.707 -0.707 0 0.707 0.707 32013.dat
1 1 0 -120 -240 1 0 0 0 0.629 -0.777 0 0.777 0.629 6558.dat
1 0 -20 -112.229 -246.293 0 -1 0 0.629 0 -0.777 0.777 0 0.629 43857.dat
1 0 20 -112.229 -246.293 0 -1 0 0.629 0 -0.777 0.777 0 0.629 43857.dat
1 0 80 -20 -220 -1 0 0 0 -0.342 -0.94 0 -0.94 0.342 15100.dat
1 1 80 -23.42 -229.397 0 0.974 -0.225 -0.342 -0.211 -0.916 -0.94 0.077 0.333 43093.dat
1 0 80 -33.681 -257.588 0.225 0.974 0 0.916 -0.211 -0.342 -0.333 0.077 -0.94 32016.dat
1 1 77.75 -42.837 -254.255 -0.225 -0.6 0.768 -0.916 -0.139 -0.377 0.333 -0.788 -0.518 43093.dat
1 0 73.251 -61.149 -247.59 0.768 0.6 -0.225 -0.377 0.139 -0.916 -0.518 0.788 0.333 59443.dat
1 4 68.752 -79.461 -240.925 -0.225 0.6 -0.768 -0.916 0.139 0.377 0.333 0.788 0.518 32062.dat
1 0 62.004 -106.929 -230.927 0.6 -0.768 -0.225 0.139 0.377 -0.916 0.788 0.518 0.333 32013.dat
1 0 -80 -20 -220 1 0 0 0 -0.342 0.94 0 -0.94 -0.342 15100.dat
1 1 -80 -23.42 -229.397 0 -0.974 -0.225 -0.342 -0.211 0.916 -0.94 0.077 -0.333 43093.dat
1 0 -80 -33.681 -257.588 0.225 -0.974 0 -0.916 -0.211 -0.342 0.333 0.077 -0.94 32016.dat
1 1 -77.75 -42.837 -254.255 0.225 0.6 0.768 -0.916 -0.139 0.377 0.333 -0.788 0.518 43093.dat
1 0 -73.251 -61.149 -247.59 0.768 -0.6 0.225 0.377 0.139 -0.916 0.518 0.788 0.333 59443.dat
1 4 -68.752 -79.461 -240.925 -0.225 -0.6 0.768 0.916 0.139 0.377 -0.333 0.788 0.518 32062.dat
1 0 -62.004 -106.929 -230.927 0.6 0.768 0.225 -0.139 0.377 -0.916 -0.788 0.518 0.333 32013.dat
1 4 110 -60 260 1 0 0 0 0 1 0 -1 0 32062.dat
1 4 116 -60 260 0 0.052 -0.999 1 0 0 0 -0.999 -0.052 3713.dat
1 4 -110 -60 260 -1 0 0 0 0 1 0 1 0 32062.dat
1 4 -116 -60 260 0 -0.052 0.999 1 0 0 0 0.999 0.052 3713.dat
1 72 -40 -120 -20 0 -1 0 0 0 -1 1 0 0 60483.dat
1 14 0 -120 -20 1 0 0 0 0 -1 0 1 0 32073.dat
1 15 -25 -120 -20 0 1 0 1 0 0 0 0 -1 6632.dat
1 15 -15 -120 -20 0 1 0 1 0 0 0 0 -1 6632.dat
1 1 0 -120 -40 1 0 0 0 -1 0 0 0 -1 6558.dat
1 14 0 -120 -60 1 0 0 0 0 -1 0 1 0 32073.dat
1 71 0 -120 -20 1 0 0 0 -1 0 0 0 -1 6536.dat
1 72 0 -120 -80 0 1 0 1 0 0 0 0 -1 32316.dat
1 15 15 -120 -20 0 1 0 1 0 0 0 0 -1 6632.dat
1 15 25 -120 -20 0 1 0 1 0 0 0 0 -1 6632.dat
1 72 40 -120 -20 0 -1 0 0 0 -1 1 0 0 60483.dat
1 1 -20 -120 -100 -1 0 0 0 1 0 0 0 -1 6558.dat
1 72 20 -120 -120 0 -1 0 1 0 0 0 0 1 60483.dat
1 14 0 -120 -120 -1 0 0 0 0 1 0 1 0 32073.dat
1 72 -20 -120 -120 0 -1 0 1 0 0 0 0 1 60483.dat
1 0 30 -120 -100 -1 0 0 0 -1 0 0 0 1 2780.dat
1 0 0 -140 -30 0 1 0 0 0 -1 -1 0 0 2780.dat
1 15 0 -140 60 1 0 0 0 1 0 0 0 1 39794.dat
1 1 -60 -140 -20 1 0 0 0 1 0 0 0 1 6558.dat
1 1 60 -140 -20 -1 0 0 0 -1 0 0 0 1 6558.dat
1 1 0 -120 -80 1 0 0 0 1 0 0 0 1 6558.dat
1 72 -20 -140 -80 0 -1 0 0 0 1 -1 0 0 60483.dat
1 72 20 -140 -80 0 -1 0 0 0 1 -1 0 0 60483.dat
1 71 60 -120 0 0 -1 0 -1 0 0 0 0 -1 15100.dat
1 71 -60 -120 0 0 -1 0 -1 0 0 0 0 -1 15100.dat
1 0 -70 -120 0 -1 0 0 0 -1 0 0 0 1 2780.dat
1 0 70 -120 0 -1 0 0 0 -1 0 0 0 1 2780.dat
1 71 -80 -140 -20 0 -1 0 1 0 0 0 0 1 15100.dat
1 71 -80 -120 0 0 -1 0 1 0 0 0 0 1 44809.dat
1 71 80 -120 0 0 -1 0 1 0 0 0 0 1 44809.dat
1 71 80 -140 -20 0 -1 0 1 0 0 0 0 1 15100.dat
1 4 0 -140 160 0 1 0 0 0 -1 -1 0 0 11214.dat
1 4 -40 -140 160 0 1 0 0 0 -1 -1 0 0 11214.dat
1 0 -20 -140 150 0 0 -1 -1 0 0 0 1 0 87408.dat
1 19 -20 -140 130 0 0 -1 0 -1 0 -1 0 0 3749.dat
1 0 -20 -140 120 1 0 0 0 1 0 0 0 1 32270.dat
1 14 0 -140 100 1 0 0 0 1 0 0 0 1 60485.dat
1 14 0 -140 60 1 0 0 0 1 0 0 0 1 60485.dat
1 19 40 -140 60 0 0 -1 1 0 0 0 -1 0 18575.dat
1 72 20 -120 60 0 1 0 0 0 -1 -1 0 0 60483.dat
1 4 10 -120 60 1 0 0 0 1 0 0 0 1 32062.dat
1 71 0 -120 60 -1 0 0 0 1 0 0 0 -1 6536.dat
1 15 -10 -140 60 -1 0 0 0 1 0 0 0 -1 62462.dat
1 0 -50 -140 20 1 0 0 0 1 0 0 0 1 3705.dat
1 0 50 -140 20 1 0 0 0 1 0 0 0 1 3705.dat
1 0 40 -140 20 0 0 -1 0 1 0 1 0 0 32270.dat
1 0 -40 -140 20 0 0 -1 0 1 0 1 0 0 32270.dat
1 25 60 -140 140 -1 0 0 0 -1 0 0 0 1 32054.dat
1 0 40 -140 170 0 0 -1 0 -1 0 -1 0 0 2780.dat
1 1 -60 -140 120 0 0 1 1 0 0 0 1 0 6558.dat
1 1 -60 -140 40 0 0 1 1 0 0 0 1 0 6558.dat
1 1 60 -140 120 0 0 1 1 0 0 0 1 0 6558.dat
1 1 60 -140 40 0 0 1 1 0 0 0 1 0 6558.dat
1 71 -80 -160 80 -1 0 0 0 -1 0 0 0 1 14720.dat
1 71 80 -160 80 -1 0 0 0 -1 0 0 0 1 14720.dat
1 4 100 -140 120 0 0 -1 1 0 0 0 -1 0 87082.dat
1 4 100 -140 40 0 0 -1 1 0 0 0 -1 0 87082.dat
1 4 -100 -140 120 0 0 -1 1 0 0 0 -1 0 87082.dat
1 4 -100 -140 40 0 0 -1 1 0 0 0 -1 0 87082.dat
1 71 -100 -140 60 0 0 1 -1 0 0 0 -1 0 62520.dat
1 71 -100 -140 60 0 -0.162 -0.987 0 0.987 -0.162 1 0 0 62520.dat
1 71 -100 -140 60 0 0 1 -1 0 0 0 -1 0 62519.dat
1 71 -100 -140 100 0 0 1 -1 0 0 0 -1 0 62520.dat
1 71 -100 -140 100 0 -0.162 -0.987 0 0.987 -0.162 1 0 0 62520.dat
1 71 -100 -140 100 0 0 1 -1 0 0 0 -1 0 62519.dat
1 71 100 -140 60 0 0 -1 -1 0 0 0 1 0 62520.dat
1 71 100 -140 60 0 0.162 0.987 0 0.987 -0.162 -1 0 0 62520.dat
1 71 100 -140 60 0 0 -1 -1 0 0 0 1 0 62519.dat
1 71 100 -140 100 0 0 -1 -1 0 0 0 1 0 62520.dat
1 71 100 -140 100 0 0.162 0.987 0 0.987 -0.162 -1 0 0 62520.dat
1 71 100 -140 100 0 0 -1 -1 0 0 0 1 0 62519.dat
1 71 80 -120 80 -1 0 0 0 -1 0 0 0 1 14720.dat
1 71 -80 -120 80 -1 0 0 0 -1 0 0 0 1 14720.dat
1 1 -90 -160 80 -1 0 0 0 -1 0 0 0 1 43093.dat
1 71 -100 -140 80 -1 0 0 0 -1 0 0 0 1 32184.dat
1 1 90 -160 80 1 0 0 0 -1 0 0 0 -1 43093.dat
1 1 90 -120 80 1 0 0 0 -1 0 0 0 -1 43093.dat
1 71 100 -140 80 1 0 0 0 -1 0 0 0 -1 32184.dat
1 71 -80 -120 80 -1 0 0 0 -1 0 0 0 1 4519.dat
1 71 -60 -120 80 -1 0 0 0 1 0 0 0 -1 6536.dat
1 71 80 -100 0 0 0 1 0 -1 0 1 0 0 32054.dat
1 1 -80 -100 0 0 0 1 0 -1 0 1 0 0 6558.dat
1 72 0 -100 20 0 0 1 1 0 0 0 1 0 40490.dat
1 72 -20 -100 -10 0 0.342 0.94 0 -0.94 0.342 1 0 0 87083.dat
1 0 -60 -100 30 0 0 1 0 -1 0 1 0 0 2780.dat
1 71 0 -100 40 0 0 1 -1 0 0 0 -1 0 32524.dat
1 0 20 -100 50 0 0 1 0 -1 0 1 0 0 2780.dat
1 4 60 -100 40 0 0 1 0 -1 0 1 0 0 11214.dat
1 71 60 -100 60 0 0 -1 0 -1 0 -1 0 0 6536.dat
1 14 30 -100 60 0 0 -1 1 0 0 0 -1 0 43857.dat
1 72 -20 -100 0 0.94 -0.342 0 0.342 0.94 0 0 0 1 10928.dat
1 0 40 -100 130 0 0 -1 0 -1 0 -1 0 0 3708.dat
1 0 40 -100 80 1 0 0 0 1 0 0 0 1 32270.dat
1 71 40 -140 140 0 -1 0 0 0 1 -1 0 0 15100.dat
1 72 40 -140 120 1 0 0 0 0 1 0 -1 0 60484.dat
1 0 20 -100 110 0 0 -1 0 -1 0 -1 0 0 2780.dat
1 71 0 -100 100 0 0 1 -1 0 0 0 -1 0 32524.dat
1 4 60 -100 120 0 1 0 0 0 1 1 0 0 11214.dat
1 72 0 -100 30 0 1 0 0 0 1 1 0 0 55013.dat
1 19 0 -100 80 1 0 0 0 1 0 0 0 1 18575.dat
1 72 0 -100 0 1 0 0 0 1 0 0 0 1 10928.dat
1 25 -60 -100 100 0 0 -1 0 -1 0 -1 0 0 32054.dat
1 1 -60 -100 130 0 0 -1 0 -1 0 -1 0 0 43093.dat
1 1 -80 -100 40 0 0 -1 1 0 0 0 -1 0 6558.dat
1 1 -80 -100 120 0 0 -1 1 0 0 0 -1 0 6558.dat
1 1 80 -100 40 0 0 -1 1 0 0 0 -1 0 6558.dat
1 1 80 -100 120 0 0 -1 1 0 0 0 -1 0 6558.dat
1 72 -80 -100 140 -1 0 0 0 1 0 0 0 -1 32525.dat
1 1 -80 -100 200 0 0 -1 1 0 0 0 -1 0 6558.dat
1 1 -80 -100 180 0 0 -1 1 0 0 0 -1 0 6558.dat
1 1 -80 -100 160 0 0 -1 1 0 0 0 -1 0 6558.dat
1 72 -80 -80 160 -1 0 0 0 1 0 0 0 -1 32523.dat
1 0 -80 -90 240 0 0 1 -1 0 0 0 -1 0 2780.dat
1 0 -80 -90 60 0 0 1 -1 0 0 0 -1 0 2780.dat
1 0 -80 -90 100 0 0 1 -1 0 0 0 -1 0 2780.dat
1 71 -80 -60 140 0 0 1 -1 0 0 0 -1 0 15100.dat
1 72 -80 -120 140 1 0 0 0 1 0 0 0 1 32140.dat
1 72 80 -100 140 -1 0 0 0 1 0 0 0 -1 32525.dat
1 1 80 -100 200 0 0 -1 1 0 0 0 -1 0 6558.dat
1 1 80 -100 180 0 0 -1 1 0 0 0 -1 0 6558.dat
1 1 80 -100 160 0 0 -1 1 0 0 0 -1 0 6558.dat
1 72 80 -80 160 -1 0 0 0 1 0 0 0 -1 32523.dat
1 0 80 -90 240 0 0 -1 1 0 0 0 -1 0 2780.dat
1 0 80 -90 60 0 0 -1 1 0 0 0 -1 0 2780.dat
1 0 80 -90 100 0 0 -1 1 0 0 0 -1 0 2780.dat
1 71 80 -60 140 0 0 1 -1 0 0 0 -1 0 15100.dat
1 72 80 -120 140 -1 0 0 0 -1 0 0 0 1 32140.dat
1 1 -90 -120 60 -1 0 0 0 0 -1 0 -1 0 43093.dat
1 1 -90 -120 100 -1 0 0 0 0 -1 0 -1 0 43093.dat
1 72 -100 -100 60 -1 0 0 0 1 0 0 0 -1 42003.dat
1 72 -100 -100 100 -1 0 0 0 1 0 0 0 -1 42003.dat
1 1 90 -120 100 1 0 0 0 0 -1 0 1 0 43093.dat
1 72 100 -100 100 1 0 0 0 1 0 0 0 1 42003.dat
1 4 80 -120 60 1 0 0 0 0 -1 0 1 0 11214.dat
1 72 100 -100 60 1 0 0 0 1 0 0 0 1 42003.dat
1 72 80 -80 80 -1 0 0 0 1 0 0 0 -1 32523.dat
1 72 -40 -80 80 0 0 -1 0 1 0 1 0 0 60484.dat
1 71 -40 -100 80 0 0 1 1 0 0 0 1 0 15100.dat
1 72 -40 -100 30 0 1 0 0 0 1 1 0 0 55013.dat
1 72 -40 -100 60 -1 0 0 0 -1 0 0 0 1 27938.dat
1 72 -40 -100 0 1 0 0 0 1 0 0 0 1 10928.dat
1 71 -100 -80 40 0 1 0 0 0 -1 -1 0 0 6536.dat
1 71 -40 -100 -20 0 0 1 -1 0 0 0 -1 0 32316.dat
1 71 100 -80 40 0 -1 0 0 0 1 -1 0 0 6536.dat
1 71 100 -80 120 0 -1 0 0 0 1 -1 0 0 6536.dat
1 71 -100 -80 120 0 1 0 0 0 -1 -1 0 0 6536.dat
1 14 -100 -80 80 0 1 0 0 0 -1 -1 0 0 32073.dat
1 14 100 -80 80 0 1 0 0 0 -1 -1 0 0 32073.dat
1 71 131.225 -105 80 0.625 0 0.781 0.781 0 -0.625 0 1 0 32316.dat
1 1 146.837 -117.5 80 0 -0.625 0.781 0 -0.781 -0.625 1 0 0 6558.dat
1 72 162.45 -130 60 0.625 0 -0.781 0.781 0 0.625 0 -1 0 60483.dat
1 72 162.45 -130 100 0.625 0 -0.781 0.781 0 0.625 0 -1 0 60483.dat
1 71 -131.225 -105 80 0.625 0 -0.781 -0.781 0 -0.625 0 1 0 32316.dat
1 1 -146.837 -117.5 80 0 -0.625 -0.781 0 0.781 -0.625 1 0 0 6558.dat
1 72 -162.45 -130 60 0.625 0 0.781 -0.781 0 0.625 0 -1 0 60483.dat
1 72 -162.45 -130 100 0.625 0 0.781 -0.781 0 0.625 0 -1 0 60483.dat
1 14 -20 -100 140 0 0 -1 0 -1 0 -1 0 0 32073.dat
