0 Main
0 Name: 8272-1 - Snowmobile - Bulldozer.mpd
0 Author: LTRON
1 71 -15 0 0 0 -1 0 1 0 0 0 0 1 32449.dat
1 72 -20 0 10 1 0 0 0 0 1 0 -1 0 32002.dat
1 0 0 0 30 1 0 0 0 0 1 0 -1 0 3705.dat
1 0 0 0 -30 1 0 0 0 0 1 0 -1 0 3706.dat
1 0 0 -20 -30 1 0 0 0 1 0 0 0 1 32184.dat
1 0 0 -20 30 1 0 0 0 1 0 0 0 1 32184.dat
1 0 0 -40 30 1 0 0 0 0 1 0 -1 0 3705.dat
1 71 15 0 0 0 -1 0 1 0 0 0 0 1 32449.dat
1 72 20 0 10 -1 0 0 0 0 1 0 1 0 32002.dat
1 71 -15 -80 30 0 1 0 -1 0 0 0 0 1 2905.dat
1 4 0 -120 30 1 0 0 0 1 0 0 0 1 32062.dat
1 0 -5 -120 10 0 -1 0 1 0 0 0 0 1 6632.dat
1 0 5 -120 10 0 -1 0 1 0 0 0 0 1 6632.dat
1 71 15 -80 30 0 1 0 -1 0 0 0 0 1 2905.dat
1 0 0 -20 40 0 -0.707107 0.707107 0 0.707107 0.707107 -1 0 0 3707.dat
1 0 0 -20 130 -0.707107 0.707107 0 0.707107 0.707107 0 0 0 -1 32034.dat
1 71 0 -20 90 0.707107 -0.707107 0 0.707107 0.707107 0 0 0 1 3713.dat
1 71 0 -20 70 0.707107 -0.707107 0 0.707107 0.707107 0 0 0 1 3713.dat
1 71 0 -20 50 0.707107 -0.707107 0 0.707107 0.707107 0 0 0 1 3713.dat
1 0 0 -20 0 0.707107 -0.707107 0 0.707107 0.707107 0 0 0 1 4716.dat
1 0 0 -40 -30 1 0 0 0 0 -1 0 1 0 3706.dat
1 71 -25 -90 -30 0 -1 0 0 0 1 -1 0 0 32449.dat
1 71 1 -60 -30 -1 0 0 0 0 1 0 1 0 4519.dat
1 71 0 -120 -30 -1 0 0 0 0 1 0 1 0 32073.dat
1 71 -15 -90 -30 0 1 0 0 0 1 1 0 0 32063.dat
1 71 -5 -100 -30 0 1 0 -1 0 0 0 0 1 2905.dat
1 71 5 -100 -30 0 1 0 -1 0 0 0 0 1 2905.dat
1 0 0 -100 -30 -1 0 0 0 0 -1 0 -1 0 6558.dat
1 71 15 -90 -30 0 1 0 0 0 1 1 0 0 32063.dat
1 71 25 -90 -30 0 -1 0 0 0 1 -1 0 0 32449.dat
1 0 0 -140 -30 -1 0 0 0 0 1 0 1 0 3705.dat
1 0 30 0 90 0 1 0 1 0 0 0 0 -1 41239.dat
1 0 30 -40 90 0 1 0 1 0 0 0 0 -1 41239.dat
1 0 50 -20 -30 -1 0 0 0 1 0 0 0 -1 32184.dat
1 71 50 -20 210 0 0 -1 0 1 0 1 0 0 48989.dat
1 71 -5 -60 130 0 -1 0 1 0 0 0 0 1 6632.dat
1 71 5 -60 130 0 -1 0 1 0 0 0 0 1 6632.dat
1 0 0 -60 130 -1 0 0 0 -1 0 0 0 1 3705.dat
1 71 15 -60 130 0 0 -1 0 -1 0 -1 0 0 32123.dat
1 71 -15 -60 130 0 0 -1 0 -1 0 -1 0 0 32123.dat
1 0 0 -60 170 -1 0 0 0 -1 0 0 0 1 3705.dat
1 71 -15 -30 170 0 1 0 0 0 -1 -1 0 0 32449.dat
1 0 0 0 170 -1 0 0 0 -1 0 0 0 1 3705.dat
1 0 0 -20 170 -1 0 0 0 -1 0 0 0 1 32184.dat
1 0 0 -40 170 -1 0 0 0 -1 0 0 0 1 3705.dat
1 71 15 -30 170 0 1 0 0 0 -1 -1 0 0 32449.dat
1 0 0 -20 220 0 -0.707107 -0.707107 0 0.707107 -0.707107 1 0 0 3707.dat
1 71 0 -20 290 -0.707107 -0.707107 0 -0.707107 0.707107 0 0 0 -1 3713.dat
1 71 0 -80 70 -1 0 0 0 1 0 0 0 -1 4519.dat
1 71 25 -80 70 0 0 -1 0 1 0 1 0 0 4185.dat
1 71 -25 -80 70 0 0 1 0 1 0 -1 0 0 4185.dat
1 0 0 -40 -10 -1 0 0 0 0.707 -0.707 0 -0.707 -0.707 3737.dat
1 71 0 -40 -10 0 0 -1 0.707 0.707 0 0.707 -0.707 0 3647.dat
1 71 15 -40 -10 0 0 -1 0.707 0.707 0 0.707 -0.707 0 32123.dat
1 71 -15 -40 -10 0 0 -1 0.707 0.707 0 0.707 -0.707 0 32123.dat
1 0 -30 0 90 0 1 0 1 0 0 0 0 -1 41239.dat
1 0 -30 -40 90 0 1 0 1 0 0 0 0 -1 41239.dat
1 0 -50 -20 -30 -1 0 0 0 1 0 0 0 -1 32184.dat
1 71 -50 -20 210 0 0 -1 0 1 0 1 0 0 48989.dat
1 71 -50 -40 -10 0 0 1 -0.707107 0.707107 0 -0.707107 -0.707107 0 3713.dat
1 71 -70 -40 -10 0 0 1 -0.707107 0.707107 0 -0.707107 -0.707107 0 3713.dat
1 71 0 -40 225 0 0 -1 -1 0 0 0 1 0 32063.dat
1 71 0 -40 235 0 0 -1 -1 0 0 0 1 0 32063.dat
1 0 -50 -40 220 0 -1 0 0 0 1 -1 0 0 2780.dat
1 0 50 -40 220 0 -1 0 0 0 1 -1 0 0 2780.dat
1 4 -20 -100 10 -1 0 0 0 1 0 0 0 -1 42003.dat
1 71 0 -120 10 -1 0 0 0 1 0 0 0 -1 4519.dat
1 0 -20 -100 0 0 -1 0 0 0 -1 1 0 0 2780.dat
1 1 -20 -80 0 0 1 0 0 0 -1 -1 0 0 43093.dat
1 4 -20 -130 0 -1 0 0 0 -1 0 0 0 1 32528.dat
1 4 -30 -140 130 0 -1 0 1 0 0 0 0 1 32009.dat
1 0 -20 -80 130 1 0 0 0 1 0 0 0 1 2780.dat
1 4 -10 -80 130 1 0 0 0 0 1 0 -1 0 32013.dat
1 72 -10 -120 130 0 0 1 -1 0 0 0 -1 0 6587.dat
1 4 -25 -60 210 0 1 0 0 0 -1 -1 0 0 32056.dat
1 0 0 -100 210 -1 0 0 0 0 -1 0 -1 0 3705.dat
1 71 -15 -100 210 0 0 -1 1 0 0 0 -1 0 32123.dat
1 71 -5 -100 210 0 0 -1 1 0 0 0 -1 0 32123.dat
1 0 -45 -140 170 0 -1 0 -1 0 0 0 0 -1 32250.dat
1 71 0 -180 170 1 0 0 0 -1 0 0 0 -1 32073.dat
1 71 0 -140 90 1 0 0 0 -1 0 0 0 -1 32073.dat
1 0 -35 -100 170 0 -1 0 0 0 -1 1 0 0 32250.dat
1 0 -70 -110 230 1 0 0 0 0 1 0 -1 0 32039.dat
1 4 -80 -130 230 1 0 0 0 1 0 0 0 1 32062.dat
1 36 -90 -130 230 0 1 0 0 0 -1 -1 0 0 41669.dat
1 4 -70 -100 230 0 -1 0 1 0 0 0 0 1 32062.dat
1 0 -70 -90 230 0 1 0 -1 0 0 0 0 1 32291.dat
1 0 -50 -100 210 0 1 0 0 0 -1 -1 0 0 6558.dat
1 0 -50 -80 210 0 1 0 0 0 -1 -1 0 0 6558.dat
1 4 -50 -80 210 1 0 0 0 -1 0 0 0 -1 42003.dat
1 72 -32 -60 210 -1 0 0 0 -1 0 0 0 1 6587.dat
1 4 -35 -60 170 0 1 0 -1 0 0 0 0 1 6632.dat
1 4 -50 -50 180 -1 0 0 0 1 0 0 0 -1 32535.dat
1 0 -10 -140 90 1 0 0 0 0 1 0 -1 0 6536.dat
1 0 10 -140 90 1 0 0 0 0 1 0 -1 0 6536.dat
1 4 20 -100 10 -1 0 0 0 1 0 0 0 -1 42003.dat
1 0 20 -100 0 0 -1 0 0 0 -1 1 0 0 2780.dat
1 1 20 -80 0 0 1 0 0 0 -1 -1 0 0 43093.dat
1 4 20 -130 0 -1 0 0 0 -1 0 0 0 1 32527.dat
1 4 30 -140 130 0 -1 0 1 0 0 0 0 1 32009.dat
1 0 20 -80 130 1 0 0 0 1 0 0 0 1 2780.dat
1 4 10 -80 130 1 0 0 0 0 1 0 -1 0 32013.dat
1 0 10 -140 40 1 0 0 0 0 1 0 -1 0 32138.dat
1 72 10 -161 40 0 0 1 -1 0 0 0 -1 0 6587.dat
1 80 10 -199 40 0 0 1 0 1 0 -1 0 0 6141.dat
1 4 -10 -140 30 0 0 -1 -1 0 0 0 1 0 42003.dat
1 72 10 -120 130 0 0 1 -1 0 0 0 -1 0 6587.dat
1 4 -10 -150 10 0 1 0 1 0 0 0 0 -1 32062.dat
1 4 -10 -180 10 0 0 -1 -1 0 0 0 1 0 32054.dat
1 179 -10 -174.5 10 0 0 1 0 1 0 -1 0 0 79.dat
1 179 -10 -180.0048 10 0 0 1 0 -1 0 -1 0 0 80.dat
1 179 -10 -185.5096 10 0 0 1 0 -1 0 -1 0 0 80.dat
1 179 -10 -191.0142 10 0 0 1 0 -1 0 -1 0 0 80.dat
1 179 -10 -196.5159 10 0 0 1 0 -1 0 -1 0 0 80.dat
1 179 -10 -202.0168 10 0 0 1 0 -1 0 -1 0 0 80.dat
1 179 -10 -207.5219 10 0 0 1 0 -1 0 -1 0 0 79.dat
1 72 -10 -80 190 0 -1 0 1 0 0 0 0 1 32523.dat
1 0 0 -80 210 1 0 0 0 1 0 0 0 1 2780.dat
1 1 0 -80 170 1 0 0 0 0 1 0 -1 0 43093.dat
1 4 5 -120 170 0 -1 0 0 0 1 -1 0 0 6632.dat
1 4 15 -120 170 0 -1 0 0 0 1 -1 0 0 6632.dat
1 4 10 -100 270 0 1 0 1 0 0 0 0 -1 32140.dat
1 71 -10 -120 170 -1 0 0 0 0 -1 0 -1 0 32073.dat
1 71 25 -120 170 0 0 1 0 -1 0 1 0 0 32123.dat
1 71 -5 -120 170 0 0 1 0 -1 0 1 0 0 32123.dat
1 71 -15 -120 170 0 0 1 0 -1 0 1 0 0 32123.dat
1 71 -25 -120 170 0 0 1 0 -1 0 1 0 0 32123.dat
1 0 -50 -120 170 0 0 1 1 0 0 0 1 0 32039.dat
1 4 -70 -130 170 0 1 0 1 0 0 0 0 -1 32062.dat
1 71 -70 -135 170 0 1 0 0 0 -1 -1 0 0 32123.dat
1 71 -70 -145 170 0 1 0 0 0 -1 -1 0 0 32123.dat
1 4 25 -60 210 0 -1 0 -1 0 0 0 0 -1 32056.dat
1 0 35 -100 170 0 -1 0 0 0 -1 1 0 0 32250.dat
1 0 45 -140 170 0 -1 0 -1 0 0 0 0 -1 32250.dat
1 0 70 -110 230 -1 0 0 0 0 1 0 1 0 32039.dat
1 4 80 -130 230 -1 0 0 0 1 0 0 0 -1 32062.dat
1 36 90 -130 230 0 -1 0 0 0 -1 1 0 0 41669.dat
1 4 70 -100 230 0 1 0 1 0 0 0 0 -1 32062.dat
1 0 70 -90 230 0 -1 0 -1 0 0 0 0 -1 32291.dat
1 0 50 -100 210 0 1 0 0 0 -1 -1 0 0 6558.dat
1 0 50 -80 210 0 1 0 0 0 -1 -1 0 0 6558.dat
1 4 50 -80 210 -1 0 0 0 -1 0 0 0 1 42003.dat
1 72 32 -60 210 1 0 0 0 -1 0 0 0 -1 6587.dat
1 4 50 -50 180 -1 0 0 0 1 0 0 0 -1 32534.dat
1 4 35 -60 210 0 -1 0 -1 0 0 0 0 -1 6632.dat
1 71 0 -100 270 1 0 0 0 1 0 0 0 1 32073.dat
1 0 60 -100 270 0 0 1 -1 0 0 0 -1 0 32016.dat
1 71 25 -100 270 0 0 1 -1 0 0 0 -1 0 32123.dat
1 71 87.716 -100 281.481 -0.92388 0 0.382683 0 1 0 -0.382683 0 -0.92388 2736.dat
1 71 -5 -100 270 0 0 -1 0 1 0 1 0 0 32123.dat
1 71 -15 -100 270 0 0 -1 0 1 0 1 0 0 32123.dat
1 71 -25 -100 270 0 0 -1 0 1 0 1 0 0 32123.dat
1 0 -60 -100 270 0 0 -1 1 0 0 0 -1 0 32016.dat
1 71 -87.716 -100 281.481 0.92388 0 -0.382683 0 -1 0 -0.382683 0 -0.92388 2736.dat
1 71 70 -20 210 0 -1 0 0.994 0 -0.107 0.107 0 0.994 32271.dat
1 4 80 -3.6 356.56 -1 0 0 0 0.682001 -0.730999 0 -0.730999 -0.682001 32062.dat
1 1 60 -20 210 1 0 0 0 0.107 0.994 0 -0.994 0.107 43093.dat
1 135 90 -3.6 356.56 0 -1 0 0.730999 0 -0.682001 0.682001 0 0.730999 41669.dat
1 0 80 -18.22 342.92 -1 0 0 0 0.707097 -0.706752 0 -0.706752 -0.707097 6628.dat
1 71 -70 -20 210 0 -1 0 0.994 0 -0.107 0.107 0 0.994 32271.dat
1 4 -80 -3.6 356.56 -1 0 0 0 0.682001 -0.730999 0 -0.730999 -0.682001 32062.dat
1 1 -60 -20 210 -1 0 0 0 -0.107 0.994 0 0.994 0.107 43093.dat
1 0 -80 -18.22 342.92 1 0 0 0 0.682001 0.730999 0 -0.730999 0.682001 6628.dat
1 135 -90 -3.6 356.56 0 1 0 -0.730999 0 -0.682001 -0.682001 0 0.730999 41669.dat
1 72 98.803 -100 286.075 0 -0.996118 -0.08803 0.57101 -0.072268 0.817756 -0.820943 -0.050266 0.568793 32005.dat
1 72 -98.803 -100 286.075 0 0.996118 0.08803 -0.57101 -0.072268 0.817756 0.820943 -0.050266 0.568793 32005.dat
1 4 -90 -40 -10 0 1 0 0.707107 0 -0.707107 -0.707107 0 -0.707107 32140.dat
1 0 -110 -68.284 -66.569 -1 0 0 0 -0.707107 0.707107 0 0.707107 0.707107 6558.dat
0 !LEOCAD SYNTH BEGIN
0 !LEOCAD SYNTH CONTROL_POINT 0 110 0 1 0 0 0 1 0 0 0 1 1
0 !LEOCAD SYNTH CONTROL_POINT 0 0 0 1 0 0 0 1 0 0 0 1 1
1 14 -110 -68.284 -66.569 0 0 1 -0.758241 0.651975 0 -0.651975 -0.758241 0 76537.dat
0 !LEOCAD SYNTH END
1 4 70 -40 -10 0 1 0 0.707107 0 -0.707107 -0.707107 0 -0.707107 32140.dat
1 0 90 -68.284 -66.569 1 0 0 0 -0.707107 -0.707107 0 0.707107 -0.707107 6558.dat
0 !LEOCAD SYNTH BEGIN
0 !LEOCAD SYNTH CONTROL_POINT 0 110 0 1 0 0 0 1 0 0 0 1 1
0 !LEOCAD SYNTH CONTROL_POINT 0 0 0 1 0 0 0 1 0 0 0 1 1
1 14 90 -68.284 -66.569 0 0 1 -0.758241 0.651975 0 -0.651975 -0.758241 0 76537.dat
0 !LEOCAD SYNTH END
1 72 50 0 90 0 -1 0 -1 0 0 0 0 -1 32316.dat
1 0 50 0 130 -1 0 0 0 0 -1 0 -1 0 6558.dat
1 0 50 0 50 -1 0 0 0 0 -1 0 -1 0 6558.dat
1 0 70 0 90 0 -1 0 1 0 0 0 0 1 32524.dat
1 1 80 0 110 1 0 0 0 0 1 0 -1 0 3749.dat
1 1 80 0 70 1 0 0 0 0 1 0 -1 0 3749.dat
1 4 110 0 70 1 0 0 0 0 1 0 -1 0 32054.dat
1 4 110 0 110 1 0 0 0 0 1 0 -1 0 32054.dat
1 0 110 0 90 0 -1 0 1 0 0 0 0 1 32524.dat
1 0 130 0 90 1 0 0 0 0 -1 0 1 0 6558.dat
1 72 130 0 90 0 1 0 -1 0 0 0 0 1 32523.dat
1 0 90 0 150 0 0 1 1 0 0 0 1 0 57520.dat
1 0 90 0 30 0 0 1 1 0 0 0 1 0 57520.dat
1 71 125 0 150 0 0 -1 0 -1 0 -1 0 0 4185.dat
1 72 102 0 150 1 0 0 0 -1 0 0 0 -1 6587.dat
1 71 125 0 30 0 0 -1 0 -1 0 -1 0 0 4185.dat
1 72 102 0 30 1 0 0 0 -1 0 0 0 -1 6587.dat
1 72 90 -25.981 165 1 0 0 0 1 0 0 0 1 57518.dat
1 72 90 -25.981 135 1 0 0 0 1 0 0 0 1 57518.dat
1 72 90 -25.981 105 1 0 0 0 1 0 0 0 1 57518.dat
1 72 90 -25.981 75 1 0 0 0 1 0 0 0 1 57518.dat
1 72 90 -25.981 45 1 0 0 0 1 0 0 0 1 57518.dat
1 72 90 -25.981 15 1 0 0 0 0.5 -0.866025 0 0.866025 0.5 57518.dat
1 72 90 0 0 1 0 0 0 -0.5 -0.866025 0 0.866025 -0.5 57518.dat
1 72 90 25.981 15 1 0 0 0 -1 0 0 0 -1 57518.dat
1 72 90 25.981 45 1 0 0 0 -1 0 0 0 -1 57518.dat
1 72 90 25.981 75 1 0 0 0 -1 0 0 0 -1 57518.dat
1 72 90 25.981 105 1 0 0 0 -1 0 0 0 -1 57518.dat
1 72 90 25.981 135 1 0 0 0 -1 0 0 0 -1 57518.dat
1 72 90 25.981 165 1 0 0 0 -0.5 0.866025 0 -0.866025 -0.5 57518.dat
1 72 90 0 180 1 0 0 0 0.5 0.866025 0 -0.866025 0.5 57518.dat
1 72 -50 0 90 0 1 0 1 0 0 0 0 -1 32316.dat
1 0 -50 0 130 1 0 0 0 0 1 0 -1 0 6558.dat
1 0 -50 0 50 1 0 0 0 0 1 0 -1 0 6558.dat
1 0 -70 0 90 0 1 0 -1 0 0 0 0 1 32524.dat
1 1 -80 0 110 -1 0 0 0 0 -1 0 -1 0 3749.dat
1 1 -80 0 70 -1 0 0 0 0 -1 0 -1 0 3749.dat
1 4 -110 0 70 -1 0 0 0 0 -1 0 -1 0 32054.dat
1 4 -110 0 110 -1 0 0 0 0 -1 0 -1 0 32054.dat
1 0 -110 0 90 0 1 0 -1 0 0 0 0 1 32524.dat
1 0 -130 0 90 -1 0 0 0 0 1 0 1 0 6558.dat
1 72 -130 0 90 0 -1 0 1 0 0 0 0 1 32523.dat
1 0 -90 0 150 0 0 -1 -1 0 0 0 1 0 57520.dat
1 0 -90 0 30 0 0 -1 -1 0 0 0 1 0 57520.dat
1 71 -125 0 150 0 0 1 0 1 0 -1 0 0 4185.dat
1 72 -102 0 150 -1 0 0 0 1 0 0 0 -1 6587.dat
1 71 -125 0 30 0 0 1 0 1 0 -1 0 0 4185.dat
1 72 -102 0 30 -1 0 0 0 1 0 0 0 -1 6587.dat
1 72 -90 25.981 165 -1 0 0 0 -1 0 0 0 1 57518.dat
1 72 -90 25.981 135 -1 0 0 0 -1 0 0 0 1 57518.dat
1 72 -90 25.981 105 -1 0 0 0 -1 0 0 0 1 57518.dat
1 72 -90 25.981 75 -1 0 0 0 -1 0 0 0 1 57518.dat
1 72 -90 25.981 45 -1 0 0 0 -1 0 0 0 1 57518.dat
1 72 -90 25.981 15 -1 0 0 0 -0.5 0.866025 0 0.866025 0.5 57518.dat
1 72 -90 0 0 -1 0 0 0 0.5 0.866025 0 0.866025 -0.5 57518.dat
1 72 -90 -25.981 15 -1 0 0 0 1 0 0 0 -1 57518.dat
1 72 -90 -25.981 45 -1 0 0 0 1 0 0 0 -1 57518.dat
1 72 -90 -25.981 75 -1 0 0 0 1 0 0 0 -1 57518.dat
1 72 -90 -25.981 105 -1 0 0 0 1 0 0 0 -1 57518.dat
1 72 -90 -25.981 135 -1 0 0 0 1 0 0 0 -1 57518.dat
1 72 -90 -25.981 165 -1 0 0 0 0.5 -0.866025 0 -0.866025 -0.5 57518.dat
1 72 -90 0 180 -1 0 0 0 -0.5 -0.866025 0 -0.866025 0.5 57518.dat
1 4 -60 -120 -40 0 0 1 0 1 0 -1 0 0 32062.dat
1 0 -40 -120 -30 0 0 1 0 1 0 -1 0 0 32039.dat
1 41 -60 -120 -50 0 0 -1 -1 0 0 0 1 0 41669.dat
1 4 60 -120 -40 0 0 -1 0 -1 0 -1 0 0 32062.dat
1 0 40 -120 -30 0 0 -1 0 -1 0 -1 0 0 32039.dat
1 41 60 -120 -50 0 0 1 1 0 0 0 1 0 41669.dat
1 71 0 -20 -45 0 0 1 -1 0 0 0 -1 0 32063.dat
1 71 0 -20 -55 0 0 1 -1 0 0 0 -1 0 32063.dat
1 0 50 -20 -40 0 1 0 0 0 1 1 0 0 2780.dat
1 0 -50 -20 -40 0 1 0 0 0 1 1 0 0 2780.dat
1 0 150 1.716 -29.988 0 -1 0 1 0 -0.014 0.014 0 1 41239.dat
1 0 130 3.396 -149.988 -1 0 0 0 -0.014 1 0 1 0.014 6558.dat
1 0 150 2.556 -89.988 -1 0 0 0 -0.014 1 0 1 0.014 6558.dat
1 0 140 2.276 -69.988 -1 0 0 0 -0.014 1 0 1 0.014 2780.dat
1 0 130 3.116 -129.988 0 -1 0 -1 0 0.014 -0.014 0 -1 32524.dat
1 0 130 3.956 -189.988 -1 0 0 0 -0.014 1 0 1 0.014 6558.dat
1 0 -150 1.716 -29.988 0 1 0 -1 0 -0.014 -0.014 0 1 41239.dat
1 0 -130 3.396 -149.988 1 0 0 0 -0.014 -1 0 1 -0.014 6558.dat
1 0 -150 2.556 -89.988 1 0 0 0 -0.014 -1 0 1 -0.014 6558.dat
1 0 -140 2.276 -69.988 1 0 0 0 -0.014 -1 0 1 -0.014 2780.dat
1 0 -130 3.116 -129.988 0 1 0 1 0 0.014 0.014 0 -1 32524.dat
1 0 -130 3.956 -189.988 1 0 0 0 -0.014 -1 0 1 -0.014 6558.dat
1 4 140 -45.4235 -229.7889 0 0 -1 0.003859 1.000091 0 1.000091 -0.003859 0 44353.dat
1 0 150 -75.426 -229.6728 -1 0 0 0 -0.003859 -1.000091 0 -1.000091 0.003859 6558.dat
1 4 130 -75.426 -229.6728 0 0 -1 -0.003859 -1.000091 0 -1.000091 0.003859 0 42003.dat
1 4 130 -95.428 -229.5958 1 0 0 0 0.003859 -1.000091 0 1.000091 0.003859 32054.dat
1 4 130 4.581 -229.982 1 0 0 0 -0.014 -1 0 1 -0.014 32054.dat
1 4 150 3.741 -169.982 0 -1 0 -1 0 0.014 -0.014 0 -1 32140.dat
1 1 140 3.741 -169.982 1 0 0 0 -0.014 -1 0 1 -0.014 43093.dat
1 4 -140 -45.4235 -229.7889 0 0 1 -0.003859 1.000091 0 -1.000091 -0.003859 0 44352.dat
1 0 -150 -75.426 -229.6728 1 0 0 0 0.003859 -1.000091 0 1.000091 0.003859 6558.dat
1 4 -130 -75.426 -229.6728 0 0 1 0.003859 -1.000091 0 1.000091 0.003859 0 42003.dat
1 4 -130 -95.428 -229.5958 -1 0 0 0 -0.003859 -1.000091 0 -1.000091 0.003859 32054.dat
1 4 -130 4.581 -229.982 -1 0 0 0 0.014 -1 0 -1 -0.014 32054.dat
1 4 -150 3.741 -169.982 0 -1 0 -1 0 0.014 -0.014 0 -1 32140.dat
1 1 -140 3.741 -169.982 -1 0 0 0 0.014 -1 0 -1 -0.014 43093.dat
1 4 170 -36.425 -159.832 0 -1 0 0.873132 0 0.487483 -0.487483 0 0.873132 40490.dat
1 4 -170 -36.425 -159.832 0 -1 0 0.873132 0 0.487483 -0.487483 0 0.873132 40490.dat
