0 Main
0 Name: 31066-1 - Space Shuttle Explorer - Rover.mpd
0 Author: LTRON
1 1 -20 -24 90 -1 0 0 0 1 0 0 0 -1 3020.dat
1 15 0 -32 90 -1 0 0 0 1 0 0 0 -1 3020.dat
1 1 40 -24 90 -1 0 0 0 1 0 0 0 -1 3022.dat
1 15 -50 -48 100 -1 0 0 0 1 0 0 0 -1 4070.dat
1 15 50 -48 100 -1 0 0 0 1 0 0 0 -1 4070.dat
1 38 50 -38 114 0 0 1 -1 0 0 0 -1 0 6141.dat
1 38 -50 -38 114 0 0 1 -1 0 0 0 -1 0 6141.dat
1 71 -50 -48 70 0 0 -1 0 1 0 1 0 0 3700.dat
1 71 50 -48 70 0 0 -1 0 1 0 1 0 0 3700.dat
1 1 -50 -24 -30 0 0 -1 0 1 0 1 0 0 4477.dat
1 1 50 -24 -30 0 0 -1 0 1 0 1 0 0 4477.dat
1 14 -50 -32 10 0 0 -1 0 1 0 1 0 0 3023.dat
1 14 50 -32 10 0 0 -1 0 1 0 1 0 0 3023.dat
1 71 0 -32 40 1 0 0 0 1 0 0 0 1 3666.dat
1 71 0 -32 -100 1 0 0 0 1 0 0 0 1 3666.dat
1 71 50 -48 -30 0 0 -1 0 1 0 1 0 0 3700.dat
1 71 -50 -48 -30 0 0 -1 0 1 0 1 0 0 3700.dat
1 14 -50 -32 -70 0 0 -1 0 1 0 1 0 0 3023.dat
1 14 50 -32 -70 0 0 -1 0 1 0 1 0 0 3023.dat
1 0 -50 -40 -80 0 0 1 0 1 0 -1 0 0 3623.dat
1 0 -50 -40 20 0 0 1 0 1 0 -1 0 0 3623.dat
1 0 50 -40 20 0 0 1 0 1 0 -1 0 0 3623.dat
1 0 50 -40 -80 0 0 1 0 1 0 -1 0 0 3623.dat
1 0 0 -40 -10 0 0 1 0 1 0 -1 0 0 3029.dat
1 71 50 -48 -130 0 0 -1 0 1 0 1 0 0 3700.dat
1 71 -50 -48 -130 0 0 -1 0 1 0 1 0 0 3700.dat
1 1 40 -24 -150 -1 0 0 0 1 0 0 0 -1 3022.dat
1 1 -20 -24 -150 -1 0 0 0 1 0 0 0 -1 3020.dat
1 15 0 -32 -140 -1 0 0 0 1 0 0 0 -1 3710.dat
1 4 -20 -48 -160 1 0 0 0 1 0 0 0 1 11211.dat
1 4 20 -48 -160 1 0 0 0 1 0 0 0 1 11211.dat
1 71 -60 -38 -130 1 0 0 0 1 0 0 0 1 3673.dat
1 71 -60 -38 -30 1 0 0 0 1 0 0 0 1 3673.dat
1 71 -60 -38 70 1 0 0 0 1 0 0 0 1 3673.dat
1 71 60 -38 70 1 0 0 0 1 0 0 0 1 3673.dat
1 71 60 -38 -30 1 0 0 0 1 0 0 0 1 3673.dat
1 71 60 -38 -130 1 0 0 0 1 0 0 0 1 3673.dat
1 15 0 -48 90 1 0 0 0 1 0 0 0 1 3020.dat
1 15 0 -48 40 1 0 0 0 1 0 0 0 1 3666.dat
1 1 40 -48 10 1 0 0 0 1 0 0 0 1 3022.dat
1 1 -20 -48 10 -1 0 0 0 1 0 0 0 -1 3020.dat
1 4 0 -48 -120 -1 0 0 0 1 0 0 0 -1 3710.dat
1 0 0 -56 100 -1 0 0 0 1 0 0 0 -1 3666.dat
1 71 -50 -56 30 0 0 -1 0 1 0 1 0 0 6636.dat
1 71 50 -56 30 0 0 -1 0 1 0 1 0 0 6636.dat
1 0 0 -56 -110 0 0 -1 0 1 0 1 0 0 3036.dat
1 0 0 -64 30 0 0 -1 0 1 0 1 0 0 3036.dat
1 15 -50 -64 -110 0 0 -1 0 1 0 1 0 0 3666.dat
1 15 50 -64 -110 0 0 -1 0 1 0 1 0 0 3666.dat
1 15 0 -64 -180 1 0 0 0 1 0 0 0 1 3666.dat
1 15 0 -64 -160 1 0 0 0 1 0 0 0 1 2412.dat
1 15 -50 -72 -90 0 0 1 0 1 0 -1 0 0 4477.dat
1 15 50 -72 -90 0 0 1 0 1 0 -1 0 0 4477.dat
1 72 -20 -72 -20 0 0 1 0 1 0 -1 0 0 3021.dat
1 72 20 -72 -20 0 0 1 0 1 0 -1 0 0 3021.dat
1 15 -50 -72 70 0 0 1 0 1 0 -1 0 0 3666.dat
1 15 50 -72 70 0 0 1 0 1 0 -1 0 0 3666.dat
1 0 0 -72 100 -1 0 0 0 1 0 0 0 -1 93274.dat
1 1 0 -72 70 1 0 0 0 1 0 0 0 1 51739.dat
1 1 -50 -80 -130 0 0 1 0 1 0 -1 0 0 3666.dat
1 1 50 -80 -130 0 0 1 0 1 0 -1 0 0 3666.dat
1 1 -50 -80 -60 0 0 1 0 1 0 -1 0 0 6141.dat
1 1 -50 -80 -40 0 0 1 0 1 0 -1 0 0 6141.dat
1 1 50 -80 -40 0 0 1 0 1 0 -1 0 0 6141.dat
1 1 50 -80 -60 0 0 1 0 1 0 -1 0 0 6141.dat
1 1 0 -80 -30 -1 0 0 0 1 0 0 0 -1 3020.dat
1 14 -20 -72 -180 -1 0 0 0 1 0 0 0 -1 3023.dat
1 14 -20 -80 -180 -1 0 0 0 1 0 0 0 -1 3023.dat
1 14 20 -72 -180 -1 0 0 0 1 0 0 0 -1 3023.dat
1 14 20 -80 -180 -1 0 0 0 1 0 0 0 -1 3023.dat
1 72 0 -80 -140 -1 0 0 0 1 0 0 0 -1 3937.dat
1 71 0 -78.66 -135 1 0 0 0 0.866 0.5 0 -0.5 0.866 6134.dat
1 72 0 -78.66 -135 -1 0 0 0 0.866 -0.5 0 -0.5 -0.866 85984.dat
1 15 -50 -96 -10 0 0 1 0 1 0 -1 0 0 3004.dat
1 15 50 -96 -10 0 0 1 0 1 0 -1 0 0 3004.dat
1 15 -50 -80 70 0 0 1 0 1 0 -1 0 0 6636.dat
1 15 50 -80 70 0 0 1 0 1 0 -1 0 0 6636.dat
1 15 -50 -96 -50 0 0 1 0 1 0 -1 0 0 99206.dat
1 15 50 -96 -50 0 0 -1 0 1 0 1 0 0 99206.dat
1 15 0 -96 60 -1 0 0 0 1 0 0 0 -1 3004.dat
1 71 0 -88 -40 -1 0 0 0 1 0 0 0 -1 3023.dat
1 15 -50 -88 -110 0 0 -1 0 1 0 1 0 0 3710.dat
1 15 -50 -96 -110 0 0 -1 0 1 0 1 0 0 3710.dat
1 15 50 -88 -110 0 0 -1 0 1 0 1 0 0 3710.dat
1 15 50 -96 -110 0 0 -1 0 1 0 1 0 0 3710.dat
1 15 50 -88 -180 0 0 -1 0 1 0 1 0 0 63325.dat
1 15 -50 -88 -180 1 0 0 0 1 0 0 0 1 63325.dat
1 0 0 -88 -180 1 0 0 0 1 0 0 0 1 93274.dat
1 15 0 -78 -202 1 0 0 0 0 -1 0 1 0 2431.dat
1 297 -20 -58 -202 1 0 0 0 0 -1 0 1 0 2412.dat
1 297 20 -58 -202 1 0 0 0 0 -1 0 1 0 2412.dat
1 15 0 -96 -180 1 0 0 0 1 0 0 0 1 6636.dat
1 15 0 -96 -160 1 0 0 0 1 0 0 0 1 3666.dat
1 0 -20 -104 -160 -1 0 0 0 1 0 0 0 -1 99781.dat
1 0 20 -104 -160 -1 0 0 0 1 0 0 0 -1 99781.dat
1 15 -20 -96 -170 1 0 0 0 1 0 0 0 1 15068.dat
1 15 20 -96 -170 1 0 0 0 1 0 0 0 1 15068.dat
1 15 -30 -112 -40 0 0 1 0 1 0 -1 0 0 2357.dat
1 15 30 -112 -40 -1 0 0 0 1 0 0 0 -1 2357.dat
1 4 50 -120 -50 0 0 -1 0 1 0 1 0 0 11211.dat
1 4 -50 -120 -50 0 0 1 0 1 0 -1 0 0 11211.dat
1 0 -50 -104 -80 0 0 1 0 1 0 -1 0 0 3024.dat
1 0 50 -104 -80 0 0 1 0 1 0 -1 0 0 3024.dat
1 71 -50 -104 -110 0 0 1 0 1 0 -1 0 0 3023.dat
1 71 50 -104 -110 0 0 1 0 1 0 -1 0 0 3023.dat
1 0 -50 -120 -20 -1 0 0 0 1 0 0 0 -1 3040.dat
1 0 50 -120 -20 -1 0 0 0 1 0 0 0 -1 3040.dat
1 15 -40 -112 -90 1 0 0 0 1 0 0 0 1 24299.dat
1 15 40 -112 -90 1 0 0 0 1 0 0 0 1 24307.dat
1 15 -50 -120 -130 1 0 0 0 1 0 0 0 1 61678.dat
1 15 50 -120 -130 1 0 0 0 1 0 0 0 1 61678.dat
1 38 -50 -120 -80 1 0 0 0 1 0 0 0 1 6141.dat
1 38 50 -120 -80 1 0 0 0 1 0 0 0 1 6141.dat
1 0 -30 -120 -40 0 0 1 0 1 0 -1 0 0 63325.dat
1 0 30 -120 -40 -1 0 0 0 1 0 0 0 -1 63325.dat
1 15 84 -90 -50 0 -1 0 1 0 0 0 0 1 41747.dat
1 15 -84 -90 -50 0 1 0 -1 0 0 0 0 1 41748.dat
1 15 -50 -128 -50 0 0 1 0 1 0 -1 0 0 2431.dat
1 15 50 -128 -50 0 0 1 0 1 0 -1 0 0 2431.dat
1 1 -10 -96 90 0 0 1 0 1 0 -1 0 0 3700.dat
1 72 -30 -86 90 -1 0 0 0 0.866 0.5 0 0.5 -0.866 32013.dat
1 0 -30 -111 133.3 0 0 -1 -0.5 0.866 0 0.866 0.5 0 3705.dat
1 72 -30 -136 176.6 1 0 0 0 0.866 -0.5 0 0.5 0.866 32013.dat
1 0 -20 -86 90 1 0 0 0 0.866 -0.5 0 0.5 0.866 2780.dat
1 0 -40 -136 176.6 1 0 0 0 0.866 -0.5 0 0.5 0.866 2780.dat
1 72 -50 -136 176.603 -1 0 0 0 0.087 -0.996 0 -0.996 -0.087 32013.dat
1 71 -50 -76.24 181.823 0 0 -1 0.996 0.087 0 0.087 -0.996 0 32073.dat
1 71 -50 -21.46 186.608 0 0 -1 0.087 -0.996 0 -0.996 -0.087 0 30367.dat
1 72 -50 -45.364 184.52 0 0 -1 0.087 -0.996 0 -0.996 -0.087 0 6143.dat
1 1 10 -96 90 0 0 1 0 1 0 -1 0 0 3700.dat
1 0 30 -163.7134 46.0105 1 0 0 0 0.5 -0.866 0 0.866 0.5 3176.dat
1 0 30 -167.7134 39.0825 1 0 0 0 0.5 -0.866 0 0.866 0.5 3176.dat
1 297 10 -180.3734 37.1545 -1 0 0 0 0.5 0.866 0 0.866 -0.5 48336.dat
1 297 50 -180.3734 37.1545 -1 0 0 0 0.5 0.866 0 0.866 -0.5 48336.dat
1 15 30 -167.7134 39.0825 1 0 0 0 0.5 -0.866 0 0.866 0.5 15068.dat
1 43 10 -232.3334 67.1545 -1 0 0 0 0.5 0.866 0 0.866 -0.5 30350.dat
1 43 50 -232.3334 67.1545 -1 0 0 0 0.5 0.866 0 0.866 -0.5 30350.dat
1 1 30 -132.7334 39.6705 0 1 0 0.5 0 0.866 0.866 0 -0.5 43093.dat
1 71 30 -117.7334 65.6505 -1 0 0 0 -0.866 0.5 0 0.5 0.866 32016.dat
1 1 30 -93.9337 83.9125 0 1 0 -0.793678 0 -0.608684 -0.608684 0 0.793678 43093.dat
1 0 30 -86 90 -1 0 0 0 0.793678 0.608684 0 0.608684 -0.793678 15100.dat
1 15 -10 -104 90 0 0 -1 0 1 0 1 0 0 92280.dat
1 15 10 -104 90 0 0 -1 0 1 0 1 0 0 92280.dat
1 15 0 -96 70 1 0 0 0 1 0 0 0 1 15068.dat
1 72 70 -38 70 0 0 -1 0 1 0 1 0 0 60208.dat
1 72 70 -38 -30 0 0 -1 0 1 0 1 0 0 60208.dat
1 72 70 -38 -130 0 0 -1 0 1 0 1 0 0 60208.dat
1 72 -70 -38 -130 0 0 1 0 1 0 -1 0 0 60208.dat
1 72 -70 -38 -30 0 0 1 0 1 0 -1 0 0 60208.dat
1 72 -70 -38 70 0 0 1 0 1 0 -1 0 0 60208.dat
1 0 0 -38 -194 1 0 0 0 0 -1 0 1 0 47759.dat
1 71 0 -18 -178 1 0 0 0 0 -1 0 1 0 3023.dat
1 15 0 -52 114 -1 0 0 0 0 -1 0 -1 0 15068.dat
1 72 -20 -144 -40 -1 0 0 0 1 0 0 0 -1 3937.dat
1 72 20 -144 -40 -1 0 0 0 1 0 0 0 -1 3937.dat
1 71 -20 -144 -40 -1 0 0 0 1 0 0 0 -1 6134.dat
1 71 20 -144 -40 -1 0 0 0 1 0 0 0 -1 6134.dat
1 14 0 -152 -40 -1 0 0 0 1 0 0 0 -1 3023.dat
1 15 0 -160 -40 1 0 0 0 1 0 0 0 1 45677.dat
1 40 0 -144 -100 1 0 0 0 1 0 0 0 1 18972.dat
