0 Main
0 Name: 4485-1 - Sebulba's Podracer %26 Anakin's Podracer - Mini.mpd
0 Author: LTRON
1 47 190 0 -140 1 0 0 0 1 0 0 0 1 4740.dat
1 47 190 -24 -130 -1 0 0 0 1 0 0 0 -1 30359.dat
1 47 190 0 0 1 0 0 0 1 0 0 0 1 4740.dat
1 0 190 -48 -140 1 0 0 0 1 0 0 0 1 4733.dat
1 7 190 -32 0 0 0 1 0 1 0 -1 0 0 2555.dat
1 38 230 -38 0 0 -1 0 -1 0 0 0 0 -1 30374.dat
1 25 210 -38 -144 0 0 -1 -1 0 0 0 1 0 4599.dat
1 25 170 -38 -144 0 0 1 1 0 0 0 1 0 4599.dat
1 0 190 -38 -106 0 0 1 -1 0 0 0 -1 0 3062.dat
1 25 190 -38 -82 0 0 1 -1 0 0 0 -1 0 4589.dat
1 7 190 -56 -140 1 0 0 0 1 0 0 0 1 6141.dat
1 0 232 -38 -10 1 0 0 0 0 -1 0 1 0 4733.dat
1 0 150 -38 -10 1 0 0 0 0 -1 0 1 0 4733.dat
1 7 150 -38 -18 1 0 0 0 0 -1 0 1 0 4740.dat
1 7 232 -38 -18 1 0 0 0 0 -1 0 1 0 4740.dat
1 25 232 -38 -26 1 0 0 0 0 -1 0 1 0 4740.dat
1 25 150 -38 -26 1 0 0 0 0 -1 0 1 0 4740.dat
1 25 150 -38 -50 1 0 0 0 0 -1 0 1 0 3626.dat
1 25 232 -38 -50 1 0 0 0 0 -1 0 1 0 3626.dat
1 8 232 -38 -74 1 0 0 0 0 -1 0 1 0 4589.dat
1 8 150 -38 -74 1 0 0 0 0 -1 0 1 0 4589.dat
1 0 232 -38 14 -0.707 0 -0.707 -0.707 0 0.707 0 1 0 4733.dat
1 7 244.728 -50.728 24 -0.707 -0.707 0 -0.707 0.707 0 0 0 -1 2555.dat
1 7 244.728 -25.272 24 0.707 -0.707 0 -0.707 -0.707 0 0 0 -1 2555.dat
1 0 150 -38 14 0.707 0 0.707 0.707 0 -0.707 0 1 0 4733.dat
1 7 137.272 -25.272 24 0.707 0.707 0 0.707 -0.707 0 0 0 -1 2555.dat
1 7 137.272 -50.728 24 -0.707 0.707 0 0.707 0.707 0 0 0 -1 2555.dat
1 0 270.184 -13.958 14 -0.707 -0.707 0 -0.707 0.707 0 0 0 -1 3024.dat
1 0 264.527 -8.302 24 0 -0.707 0.707 0 0.707 0.707 -1 0 0 2540.dat
1 25 270.184 -13.958 54 -0.707 -0.707 0 -0.707 0.707 0 0 0 -1 2420.dat
1 25 257.456 -15.373 54 -0.707 -0.707 0 -0.707 0.707 0 0 0 -1 3023.dat
1 0 261.699 -70.527 24 0 0.707 0.707 0 0.707 -0.707 -1 0 0 2540.dat
1 0 256.042 -76.184 14 -0.707 0.707 0 0.707 0.707 0 0 0 -1 3024.dat
1 25 256.042 -76.184 54 -0.707 0.707 0 0.707 0.707 0 0 0 -1 2420.dat
1 25 254.627 -63.456 54 -0.707 0.707 0 0.707 0.707 0 0 0 -1 3023.dat
1 0 117.473 -8.302 24 0 0.707 -0.707 0 0.707 0.707 1 0 0 2540.dat
1 25 111.816 -13.958 54 0 0.707 0.707 0 0.707 -0.707 -1 0 0 2420.dat
1 25 124.544 -15.373 54 0.707 0.707 0 -0.707 0.707 0 0 0 1 3023.dat
1 0 111.816 -13.958 14 0.707 0.707 0 -0.707 0.707 0 0 0 1 3024.dat
1 0 120.302 -70.527 24 0 -0.707 -0.707 0 0.707 -0.707 1 0 0 2540.dat
1 0 125.958 -76.184 14 0.707 -0.707 0 0.707 0.707 0 0 0 1 3024.dat
1 25 125.958 -76.184 54 0 -0.707 0.707 0 0.707 0.707 -1 0 0 2420.dat
1 25 127.373 -63.456 54 0.707 -0.707 0 0.707 0.707 0 0 0 1 3023.dat
