0 Main
0 Name: 6632-1 - Tactical Patrol Truck.mpd
0 Author: LTRON
1 0 140.981 -32 66.34 0.866 0 0.5 0 1 0 -0.5 0 0.866 3034.dat
1 0 89.021 -48 96.34 -0.5 0 0.866 0 1 0 -0.866 0 -0.5 4211.dat
1 0 206.601 -40 40 0.5 0 -0.866 0 1 0 0.866 0 0.5 4085.dat
1 0 196.601 -40 22.68 0.5 0 -0.866 0 1 0 0.866 0 0.5 4085.dat
1 0 184.281 -40 41.34 -0.5 0 0.866 0 1 0 -0.866 0 -0.5 3023.dat
1 0 158.301 -48 56.34 -0.866 0 -0.5 0 1 0 0.5 0 -0.866 3031.dat
1 0 63.041 -48 111.34 -0.5 0 0.866 0 1 0 -0.866 0 -0.5 3710.dat
1 0 201.601 -48 31.34 -0.5 0 0.866 0 1 0 -0.866 0 -0.5 3710.dat
1 0 130.001 -48 107.32 -0.5 0 0.866 0 1 0 -0.866 0 -0.5 3024.dat
1 0 100.001 -48 55.36 -0.5 0 0.866 0 1 0 -0.866 0 -0.5 3024.dat
1 16 80.361 -48 101.34 -0.5 0 0.866 0 1 0 -0.866 0 -0.5 3829.dat
1 16 48.041 -72 85.36 -0.5 0 0.866 0 1 0 -0.866 0 -0.5 4070.dat
1 16 78.041 -72 137.32 -0.5 0 0.866 0 1 0 -0.866 0 -0.5 4070.dat
1 16 207.941 -72 62.32 0.866 0 0.5 0 1 0 -0.5 0 0.866 4865.dat
1 16 177.941 -72 10.36 -0.866 0 -0.5 0 1 0 0.5 0 -0.866 4865.dat
1 16 132.321 -72 71.34 -0.5 0 0.866 0 1 0 -0.866 0 -0.5 3010.dat
1 46 65.917 -62 144.32 0 0.866 -0.5 1 0 0 0 -0.5 -0.866 3024.dat
1 46 35.917 -62 92.36 0 0.866 -0.5 1 0 0 0 -0.5 -0.866 3024.dat
1 16 65.361 -72 75.36 -0.5 0 0.866 0 1 0 -0.866 0 -0.5 3822.dat
1 16 95.361 -72 127.32 -0.5 0 0.866 0 1 0 -0.866 0 -0.5 3821.dat
1 16 143.301 -72 30.36 -0.866 0 -0.5 0 1 0 0.5 0 -0.866 4865.dat
1 16 173.301 -72 82.32 0.866 0 0.5 0 1 0 -0.5 0 0.866 4865.dat
1 16 63.041 -72 111.34 -0.5 0 0.866 0 1 0 -0.866 0 -0.5 3004.dat
1 47 80.361 -120 101.34 -0.5 0 0.866 0 1 0 -0.866 0 -0.5 3823.dat
1 0 106.341 -128 86.34 -0.5 0 0.866 0 1 0 -0.866 0 -0.5 4213.dat
1 16 97.681 -136 91.34 -0.5 0 0.866 0 1 0 -0.866 0 -0.5 3794.dat
1 0 132.321 -120 71.34 -0.5 0 0.866 0 1 0 -0.866 0 -0.5 4214.dat
1 0 89.021 -24 96.34 -0.5 0 0.866 0 1 0 -0.866 0 -0.5 122.dat
1 0 175.621 -24 46.34 -0.5 0 0.866 0 1 0 -0.866 0 -0.5 122.dat
1 0 74.021 -18 70.36 -0.866 0 -0.5 0 1 0 0.5 0 -0.866 3641.dat
1 0 160.621 -18 20.36 -0.866 0 -0.5 0 1 0 0.5 0 -0.866 3641.dat
1 0 190.621 -18 72.32 -0.866 0 -0.5 0 1 0 0.5 0 -0.866 3641.dat
1 0 104.021 -18 122.32 -0.866 0 -0.5 0 1 0 0.5 0 -0.866 3641.dat
1 33 97.681 -144 91.34 -0.5 0 0.866 0 1 0 -0.866 0 -0.5 3024.dat
