0 Main
0 Name: 6898-1 - Ice-Sat V.mpd
0 Author: LTRON
1 1 0 0 0 0 0 1 0 1 0 -1 0 0 2445.dat
1 0 0 8 -100 1 0 0 0 1 0 0 0 1 2817.dat
1 7 -20 18 -100 1 0 0 0 1 0 0 0 1 3673.dat
1 7 20 18 -100 1 0 0 0 1 0 0 0 1 3673.dat
1 15 -30 18 -100 0 0 1 0 1 0 -1 0 0 6118.dat
1 15 30 18 -100 0 0 -1 0 1 0 1 0 0 6118.dat
1 0 0 8 -40 1 0 0 0 1 0 0 0 1 2817.dat
1 7 -20 18 -40 1 0 0 0 1 0 0 0 1 3673.dat
1 7 20 18 -40 1 0 0 0 1 0 0 0 1 3673.dat
1 15 -30 18 -40 0 0 1 0 1 0 -1 0 0 6118.dat
1 15 30 18 -40 0 0 -1 0 1 0 1 0 0 6118.dat
1 0 0 8 20 1 0 0 0 1 0 0 0 1 2817.dat
1 7 -20 18 20 1 0 0 0 1 0 0 0 1 3673.dat
1 7 20 18 20 1 0 0 0 1 0 0 0 1 3673.dat
1 15 -30 18 20 0 0 1 0 1 0 -1 0 0 6118.dat
1 15 30 18 20 0 0 -1 0 1 0 1 0 0 6118.dat
1 0 0 8 80 1 0 0 0 1 0 0 0 1 2817.dat
1 7 -20 18 80 1 0 0 0 1 0 0 0 1 3673.dat
1 7 20 18 80 1 0 0 0 1 0 0 0 1 3673.dat
1 15 -30 18 80 0 0 1 0 1 0 -1 0 0 6118.dat
1 15 30 18 80 0 0 -1 0 1 0 1 0 0 6118.dat
1 1 0 -8 -90 0 0 1 0 1 0 -1 0 0 3021.dat
1 15 0 -16 -70 -1 0 0 0 1 0 0 0 -1 3023.dat
1 15 0 -16 -160 1 0 0 0 1 0 0 0 1 4732.dat
1 1 0 -8 -230 1 0 0 0 1 0 0 0 1 3839.dat
1 15 0 0 -230 1 0 0 0 1 0 0 0 1 3023.dat
1 15 0 8 -230 1 0 0 0 1 0 0 0 1 3023.dat
1 1 0 16 -180 0 0 -1 0 1 0 1 0 0 3795.dat
1 1 0 -24 100 0 0 -1 0 1 0 1 0 0 3001.dat
1 1 0 -24 -100 0 0 -1 0 1 0 1 0 0 3020.dat
1 15 0 -32 110 1 0 0 0 1 0 0 0 1 4590.dat
1 15 0 -32 -20 0 0 1 0 1 0 -1 0 0 3029.dat
1 1 0 0 -170 -1 0 0 0 1 0 0 0 -1 2419.dat
1 15 30 -8 -180 0 0 1 0 1 0 -1 0 0 3069.dat
1 15 -30 -8 -180 0 0 -1 0 1 0 1 0 0 3069.dat
1 1 0 -40 80 0 0 -1 0 1 0 1 0 0 3020.dat
1 1 0 -56 -90 -1 0 0 0 1 0 0 0 -1 3039.dat
1 1 0 -40 -50 -1 0 0 0 1 0 0 0 -1 3023.dat
1 1 -30 -40 -50 0 0 1 0 1 0 -1 0 0 4085.dat
1 1 -30 -40 -20 0 0 -1 0 1 0 1 0 0 2412.dat
1 1 30 -40 -20 0 0 -1 0 1 0 1 0 0 2412.dat
1 1 30 -40 -50 0 0 -1 0 1 0 1 0 0 4085.dat
1 1 50 -24 -190 1 0 0 0 1 0 0 0 1 4070.dat
1 38 50 -14 -204 -1 0 0 0 0 1 0 1 0 6141.dat
1 1 -50 -24 -190 1 0 0 0 1 0 0 0 1 4070.dat
1 38 -50 -14 -204 -1 0 0 0 0 1 0 1 0 6141.dat
1 1 -30 -56 -130 -1 0 0 0 1 0 0 0 -1 2462.dat
1 1 30 -56 -130 0 0 -1 0 1 0 1 0 0 2462.dat
1 0 0 -46 130 1 0 0 0 1 0 0 0 1 3149.dat
1 4 0 -46 130 1 0 0 0 1 0 0 0 1 313.dat
1 1 0 -48 -50 1 0 0 0 1 0 0 0 1 3710.dat
1 15 0 -24 -210 1 0 0 0 1 0 0 0 1 3829.dat
1 1 0 -64 -110 -1 0 0 0 1 0 0 0 -1 2419.dat
1 1 -50 -64 -150 0 0 1 0 1 0 -1 0 0 4085.dat
1 1 50 -64 -150 0 0 -1 0 1 0 1 0 0 4085.dat
1 0 -50 -22 -54 -1 0 0 0 0 1 0 1 0 4735.dat
1 15 -50 -72 -140 0 0 1 0 1 0 -1 0 0 2412.dat
1 15 50 -72 -140 0 0 -1 0 1 0 1 0 0 4276.dat
1 1 0 -88 -120 0 0 -1 0 1 0 1 0 0 4871.dat
1 15 0 -80 -130 1 0 0 0 1 0 0 0 1 3023.dat
1 1 0 -80 -110 -1 0 0 0 1 0 0 0 -1 4623.dat
1 15 0 -88 -120 -1 0 0 0 1 0 0 0 -1 3022.dat
1 1 0 -96 -120 -1 0 0 0 1 0 0 0 -1 3020.dat
1 38 2 -84 -88 0 0 1 0 -1 0 1 0 0 6120.dat
1 38 2 -90 -88 0 0 1 0 1 0 -1 0 0 6120.dat
1 15 0 -104 -130 1 0 0 0 1 0 0 0 1 4315.dat
1 38 0 -100 -144 1 0 0 0 0.9588 0.284 0 -0.284 0.9588 2483.dat
1 15 0 -104 -110 1 0 0 0 1 0 0 0 1 3023.dat
1 15 70 -76 -150 1 0 0 0 1 0 0 0 1 2433.dat
1 38 70 -100 -150 1 0 0 0 1 0 0 0 1 4589.dat
1 1 -62 -80 -160 0 -1 0 -1 0 0 0 0 -1 2516.dat
1 38 -70 -72 -136 -1 0 0 0 -1 0 0 0 1 6117.dat
1 0 0 -112 -120 1 0 0 0 1 0 0 0 1 3680.dat
1 15 50 -101.138 -95.9348 0 0 1 -0.3907 0.9205 0 -0.9205 -0.3907 0 2433.dat
1 38 50 -108.502 -92.8092 0 0 1 -0.3907 0.9205 0 -0.9205 -0.3907 0 2569.dat
1 0 0 -46 130 1 0 0 0 0.454 0.891 0 -0.891 0.454 314.dat
1 1 0 -80.902 132.418 0 0 1 -0.891 0.454 0 -0.454 -0.891 0 3034.dat
1 15 0 -137.994 112.306 0 0 1 -0.891 0.454 0 -0.454 -0.891 0 3022.dat
1 15 -10 -48.894 157.706 0 0 1 -0.891 0.454 0 -0.454 -0.891 0 4315.dat
1 15 10 -48.894 157.706 0 0 -1 0.891 0.454 0 0.454 -0.891 0 4315.dat
1 38 16.485 -79.9521 218.6593 0 -0.2588 -0.9659 0.891 0.438519 -0.117495 0.454 -0.860617 0.230591 2582.dat
1 0 14.4146 -76.444 211.7744 0 -0.2588 -0.9659 0.891 0.438519 -0.117495 0.454 -0.860617 0.230591 3710.dat
1 15 18.5554 -83.4603 225.5443 0 -0.2588 0.9659 -0.891 0.438519 0.117495 -0.454 -0.860617 -0.230591 3069.dat
1 38 -16.485 -79.9521 218.6593 0 0.2588 0.9659 -0.891 0.438519 -0.117495 -0.454 -0.860617 0.230591 2582.dat
1 0 -14.4146 -76.444 211.7744 0 0.2588 0.9659 -0.891 0.438519 -0.117495 -0.454 -0.860617 0.230591 3710.dat
1 15 -18.5554 -83.4603 225.5443 0 0.2588 -0.9659 0.891 0.438519 0.117495 0.454 -0.860617 -0.230591 3069.dat
1 0 0 -25.796 178.454 1 0 0 0 0.454 0.891 0 -0.891 0.454 3023.dat
1 0 0 -79.256 151.214 1 0 0 0 0.454 0.891 0 -0.891 0.454 3023.dat
1 1 0 -148.89 133.69 0 0 1 -0.891 0.454 0 -0.454 -0.891 0 4871.dat
1 15 -30 -143.612 145.358 0 0 1 -0.891 0.454 0 -0.454 -0.891 0 6141.dat
1 15 -30 -161.432 136.278 0 0 1 -0.891 0.454 0 -0.454 -0.891 0 6141.dat
1 15 30 -143.612 145.358 0 0 1 -0.891 0.454 0 -0.454 -0.891 0 6141.dat
1 15 30 -161.432 136.278 0 0 1 -0.891 0.454 0 -0.454 -0.891 0 6141.dat
1 0 0 -31.119 202.1165 0 0 -1 -0.454 0.891 0 0.891 0.454 0 3943.dat
1 0 0 -126.456 153.5385 0 0 -1 -0.891 -0.454 0 -0.454 0.891 0 3708.dat
1 38 0 -52.503 191.2205 0 0 -1 -0.454 0.891 0 0.891 0.454 0 6143.dat
1 38 0 -73.887 180.3245 0 0 -1 -0.454 0.891 0 0.891 0.454 0 6143.dat
1 15 0 -95.271 169.4285 0 0 -1 -0.454 0.891 0 0.891 0.454 0 6143.dat
1 15 0 -112.285 171.9825 -1 0 0 0 0.454 -0.891 0 -0.891 -0.454 3700.dat
1 15 0 -130.105 162.9025 -1 0 0 0 0.454 -0.891 0 -0.891 -0.454 3700.dat
1 1 0 -110.299 146.0585 -1 0 0 0 0.454 -0.891 0 -0.891 -0.454 2654.dat
1 15 0 -124.827 174.5705 0 0 1 -0.891 0.454 0 -0.454 -0.891 0 2609.dat
1 0 0 -127.8234 180.4511 0 -1 0 -0.891 0 0.454 -0.454 0 -0.891 2959.dat
1 15 0 -155.859 138.5565 0 0 -1 -0.454 0.891 0 0.891 0.454 0 6143.dat
1 38 0 -177.243 127.6605 0 0 -1 -0.454 0.891 0 0.891 0.454 0 6143.dat
1 0 0 -220.011 105.8685 0 0 -1 -0.454 0.891 0 0.891 0.454 0 4591.dat
1 0 0 -262.779 84.0765 0 0 -1 -0.454 0.891 0 0.891 0.454 0 3942.dat
1 0 0 -269.907 80.4445 0 0 -1 -0.454 0.891 0 0.891 0.454 0 3957.dat
1 0 0 -344.751 42.3085 0 0 -1 -0.454 0.891 0 0.891 0.454 0 4733.dat
1 15 0 -323.367 53.2045 0 0 -1 -0.454 0.891 0 0.891 0.454 0 4740.dat
1 38 0 -351.879 38.6765 0 0 -1 -0.454 0.891 0 0.891 0.454 0 4740.dat
1 15 0 -344.013 62.8865 -1 0 0 0 0.454 -0.891 0 -0.891 -0.454 4592.dat
1 15 0 -327.669 30.8105 -1 0 0 0 -0.454 0.891 0 0.891 0.454 4592.dat
1 15 18 -335.387 45.9575 0 -1 0 -0.454 0 -0.891 0.891 0 -0.454 4592.dat
1 15 -18 -335.387 45.9575 0 1 0 -0.454 0 0.891 0.891 0 0.454 4592.dat
1 0 18 -335.387 45.9575 0 -0.5 0.866 -0.454 -0.771606 -0.4455 0.891 -0.393164 -0.227 4593.dat
1 0 0 -344.013 62.8865 -1 0 0 0 -0.544606 -0.838664 0 -0.838664 0.544606 4593.dat
1 0 -18 -335.387 45.9575 0 0.5 -0.866 0.454 -0.771606 -0.4455 -0.891 -0.393164 -0.227 4593.dat
1 0 0 -327.669 30.8105 1 0 0 0 -0.998606 -0.052336 0 0.052336 -0.998606 4593.dat
1 7 0 -112 -120 0.9659 0 0.2588 0 1 0 -0.2588 0 0.9659 3679.dat
1 0 0 -120 -120 0.9659 0 0.2588 0 1 0 -0.2588 0 0.9659 3022.dat
1 1 2.588 -128 -110.341 -0.9659 0 -0.2588 0 1 0 0.2588 0 -0.9659 2452.dat
1 15 -2.588 -128 -129.659 -0.9659 0 -0.2588 0 1 0 0.2588 0 -0.9659 3839.dat
1 1 0 -136 -120 0.9659 0 0.2588 0 1 0 -0.2588 0 0.9659 3068.dat
1 1 12.9869 -191.147 -71.53 -0.08851 0.243194 0.9659 0.9397 0.342 0 -0.330338 0.907656 -0.2588 4504.dat
1 15 9.2711 -175.089 -85.398 -0.08851 0.243194 0.9659 0.9397 0.342 0 -0.330338 0.907656 -0.2588 2412.dat
1 15 12.8115 -212.677 -72.1845 -0.08851 0.243194 0.9659 0.9397 0.342 0 -0.330338 0.907656 -0.2588 2412.dat
1 1 29.974 -238.1095 -8.1303 -0.25627 -0.036011 0.9659 -0.139147 0.990222 0 -0.956456 -0.134402 -0.2588 3623.dat
1 15 30.2621 -246.0313 -7.0551 -0.25627 -0.036011 0.9659 -0.139147 0.990222 0 -0.956456 -0.134402 -0.2588 6141.dat
1 15 25.1367 -248.8142 -26.1842 -0.25627 -0.036011 0.9659 -0.139147 0.990222 0 -0.956456 -0.134402 -0.2588 6141.dat
1 1 27.9875 -255.3445 -15.5444 -0.25627 -0.036011 0.9659 -0.139147 0.990222 0 -0.956456 -0.134402 -0.2588 4276.dat
1 1 35.9636 -259.0919 14.2245 -0.9659 -0.036011 -0.25627 0 0.990222 -0.139147 0.2588 -0.134402 -0.956456 2607.dat
1 15 30.8383 -261.8748 -4.9047 -0.9659 -0.036011 -0.25627 0 0.990222 -0.139147 0.2588 -0.134402 -0.956456 6141.dat
1 15 25.7129 -264.6577 -24.0338 -0.9659 -0.036011 -0.25627 0 0.990222 -0.139147 0.2588 -0.134402 -0.956456 6141.dat
1 1 31.1263 -269.7966 -3.8294 0.25627 -0.036011 -0.9659 0.139147 0.990222 0 0.956456 -0.134402 0.2588 3623.dat
1 0 42.4563 -246.4786 38.4566 0.9659 -0.121484 0.228501 0 0.882924 0.469412 -0.2588 -0.453405 0.852816 2959.dat
