0 
0 Name: New Model.ldr
0 Author: 
1 0 -100 217.0867 111.3312 0 -1 0 0.999 0 -0.052 0.052 0 0.999 32316.dat
1 0 -110 219.1667 71.3712 -1 0 0 0 -0.999 -0.052 0 -0.052 0.999 4459.dat
1 0 -110 217.0867 111.3312 -1 0 0 0 -0.999 -0.052 0 -0.052 0.999 4459.dat
1 0 -120 222.2867 11.4312 0 1 0 -0.999 0 -0.052 -0.052 0 0.999 32525.dat
1 0 -110 227.4867 -88.4688 1 0 0 0 0.999 -0.052 0 0.052 0.999 4459.dat
1 0 -110 226.4467 -68.4888 1 0 0 0 0.999 -0.052 0 0.052 0.999 4459.dat
1 71 -140 225.4067 -48.5088 -1 0 0 0 -0.999 -0.052 0 -0.052 0.999 87082.dat
1 0 -100 230.6067 -148.4088 0 1 0 -0.999 0 -0.052 -0.052 0 0.999 40490.dat
1 1 -80 229.5667 -128.4288 1 0 0 0 0.999 -0.052 0 0.052 0.999 6558.dat
1 1 -80 230.6067 -148.4088 1 0 0 0 0.999 -0.052 0 0.052 0.999 6558.dat
1 71 -80 234.7667 -228.3288 1 0 0 0 0.20722 0.9789 0 -0.9789 0.20722 4519.dat
1 0 -80 234.7667 -228.3288 0 1 0 0.173514 0 -0.985663 -0.985663 0 -0.173514 60483.dat
1 71 -80 210.1067 -139.4588 0 0 -1 -0.052 0.999 0 0.999 0.052 0 32557.dat
1 0 -60 230.6067 -148.4088 0 -1 0 0.999 0 -0.052 0.052 0 0.999 40490.dat
1 0 -40 222.2867 11.4312 0 -1 0 0.999 0 -0.052 0.052 0 0.999 32525.dat
1 0 -50 227.4867 -88.4688 -1 0 0 0 -0.999 -0.052 0 -0.052 0.999 4459.dat
1 0 -50 226.4467 -68.4888 -1 0 0 0 -0.999 -0.052 0 -0.052 0.999 4459.dat
1 0 -50 219.1667 71.3712 1 0 0 0 0.999 -0.052 0 0.052 0.999 4459.dat
1 0 -50 217.0867 111.3312 1 0 0 0 0.999 -0.052 0 0.052 0.999 4459.dat
1 0 -60 217.0867 111.3312 0 1 0 -0.999 0 -0.052 -0.052 0 0.999 32316.dat
1 71 -20 225.4067 -48.5088 1 0 0 0 0.999 -0.052 0 0.052 0.999 87082.dat
1 0 -50 233.2067 -198.3587 0 -1 0 0.999 0 -0.052 0.052 0 0.999 32069.dat
1 0 -110 233.2067 -198.3587 0 1 0 -0.999 0 -0.052 -0.052 0 0.999 32069.dat
1 0 -20 222.1767 -178.8988 -1 0 0 0 0.999 0.052 0 0.052 -0.999 32068.dat
1 0 -140 222.1767 -178.8988 -1 0 0 0 0.999 0.052 0 0.052 -0.999 32068.dat
1 72 10 233.2067 -198.3587 -1 0 0 0 0.999 0.052 0 0.052 -0.999 87083.dat
1 71 5 233.2067 -198.3587 0 0 -1 -0.052 0.999 0 0.999 0.052 0 32123.dat
1 71 -5 233.2067 -198.3587 0 0 -1 -0.052 0.999 0 0.999 0.052 0 32123.dat
1 71 -155 233.2067 -198.3587 0 0 1 0.052 0.999 0 -0.999 0.052 0 32123.dat
1 71 -165 233.2067 -198.3587 0 0 1 0.052 0.999 0 -0.999 0.052 0 32123.dat
1 72 -170 233.2067 -198.3587 1 0 0 0 0.999 -0.052 0 0.052 0.999 87083.dat
1 19 -140 221.1367 -158.9188 0 1 0 0.999 0 0.052 0.052 0 -0.999 3749.dat
1 19 -20 221.1367 -158.9188 0 1 0 0.999 0 0.052 0.052 0 -0.999 3749.dat
1 0 -80 211.1467 -159.4388 -1 0 0 0 0.999 0.052 0 0.052 -0.999 87761.dat
1 72 -160 219.1667 71.3712 0 1 0 0.999 0 0.052 0.052 0 -0.999 32523.dat
1 72 -140 138.2067 87.1912 0 -1 0 0.052 0 0.999 -0.999 0 0.052 32526.dat
1 71 -175 219.1667 71.3712 0 0 1 0.052 0.999 0 -0.999 0.052 0 32123.dat
1 72 -170 219.1667 71.3712 1 0 0 0 0.999 -0.052 0 0.052 0.999 87083.dat
1 0 -130 158.1867 88.2312 1 0 0 0 0.999 -0.052 0 0.052 0.999 4459.dat
1 1 -140 220.2067 51.3912 -1 0 0 0 -0.999 -0.052 0 -0.052 0.999 6558.dat
1 1 -140 218.1267 91.3512 -1 0 0 0 -0.999 -0.052 0 -0.052 0.999 6558.dat
1 0 -130 198.1467 90.3112 1 0 0 0 0.999 -0.052 0 0.052 0.999 4459.dat
1 1 -140 118.2267 86.1512 -1 0 0 0 -0.962006 0.276482 0 0.276482 0.962006 6558.dat
1 0 -120 98.2467 85.1112 0 -1 0 -0.052 0 -0.999 0.999 0 -0.052 32525.dat
1 0 -130 98.2467 85.1112 1 0 0 0 0.999 -0.052 0 0.052 0.999 4459.dat
1 0 -140 121.3467 26.2112 0 1 0 -0.999 0 -0.052 -0.052 0 0.999 32140.dat
1 0 -150 119.2667 66.1712 1 0 0 0 0.999 -0.052 0 0.052 0.999 4459.dat
1 0 -80 180.7667 39.3212 -1 0 0 0 0.999 0.052 0 0.052 -0.999 59443.dat
1 71 -80 184.4067 -30.6088 0 0 -1 -0.052 0.999 0 0.999 0.052 0 44294.dat
1 0 -80 188.0467 -100.5388 -1 0 0 0 0.999 0.052 0 0.052 -0.999 59443.dat
1 71 -80 189.3467 -125.5138 -1 0 0 0 0.999 0.052 0 0.052 -0.999 32123.dat
1 0 -80 191.1667 -160.4788 -1 0 0 0 0.999 0.052 0 0.052 -0.999 32270.dat
1 0 -80 190.1267 -140.4988 0 0 1 0.052 0.999 0 -0.999 0.052 0 3705.dat
1 1 -50 178.1667 89.2712 -1 0 0 0 -0.052 0.999 0 0.999 0.052 43093.dat
1 0 -80 178.1667 89.2712 0 0 -1 -0.052 0.999 0 0.999 0.052 0 32034.dat
1 14 -80 179.2067 69.2912 1 0 0 0 -0.999 0.052 0 -0.052 -0.999 32072.dat
1 71 -80 179.2067 69.2912 0 0 -1 -0.052 0.999 0 0.999 0.052 0 4519.dat
1 1 -110 178.1667 89.2712 1 0 0 0 0.052 0.999 0 -0.999 0.052 43093.dat
1 1 -110 138.2067 87.1912 1 0 0 0 -0.999 0.052 0 -0.052 -0.999 43093.dat
1 0 -80 138.2067 87.1912 0 0 -1 0.999 0.052 0 0.052 -0.999 0 32034.dat
1 1 -50 138.2067 87.1912 -1 0 0 0 0.999 0.052 0 0.052 -0.999 43093.dat
1 14 -80 158.1867 88.2312 0.707 -0.707 0 -0.036764 -0.036764 -0.999 0.706293 0.706293 -0.052 32072.dat
1 71 -80 138.2067 87.1912 0 0.707 -0.707 0.999 0.036764 0.036764 0.052 -0.706293 -0.706293 4519.dat
1 0 -80 108.2367 85.6312 -0.707 0.707 0 -0.036764 -0.036764 0.999 0.706293 0.706293 0.052 59443.dat
1 71 -120 -1.6533 79.9112 1 0 0 0 0.999 -0.052 0 0.052 0.999 4519.dat
1 0 -80 -1.6533 79.9112 0 0 -1 0.999 0.052 0 0.052 -0.999 0 32034.dat
1 71 -40 -1.6533 79.9112 1 0 0 0 0.999 -0.052 0 0.052 0.999 4519.dat
1 0 -80 28.3167 81.4712 0 -0.707 -0.707 0.999 0.036764 -0.036764 0.052 -0.706293 0.706293 3707.dat
1 71 -80 -16.6383 79.1312 0.707 0.707 0 -0.036764 0.036764 0.999 0.706293 -0.706293 0.052 32123.dat
1 0 -40 98.2467 85.1112 0 -1 0 -0.052 0 -0.999 0.999 0 -0.052 32525.dat
1 0 -80 -25.6293 78.6632 0.707 0 0.707 -0.036764 -0.999 0.036764 0.706293 -0.052 -0.706293 4032.dat
1 46 -80 -33.6213 78.2472 0.707 0 0.707 -0.036764 -0.999 0.036764 0.706293 -0.052 -0.706293 3941.dat
1 0 -80 -57.5973 76.9992 0.707 0 0.707 -0.036764 -0.999 0.036764 0.706293 -0.052 -0.706293 2654.dat
1 72 -20 138.2067 87.1912 0 -1 0 0.052 0 0.999 -0.999 0 0.052 32526.dat
1 0 -30 198.1467 90.3112 1 0 0 0 0.999 -0.052 0 0.052 0.999 4459.dat
1 0 -30 158.1867 88.2312 1 0 0 0 0.999 -0.052 0 0.052 0.999 4459.dat
1 72 10 219.1667 71.3712 -1 0 0 0 0.999 0.052 0 0.052 -0.999 87083.dat
1 71 15 219.1667 71.3712 0 0 -1 -0.052 0.999 0 0.999 0.052 0 32123.dat
1 1 -20 220.2067 51.3912 1 0 0 0 -0.999 0.052 0 -0.052 -0.999 6558.dat
1 72 0 219.1667 71.3712 0 1 0 0.999 0 0.052 0.052 0 -0.999 32523.dat
1 1 -20 218.1267 91.3512 1 0 0 0 -0.999 0.052 0 -0.052 -0.999 6558.dat
1 1 -20 118.2267 86.1512 1 0 0 0 -0.928102 0.374866 0 -0.374866 -0.928102 6558.dat
1 0 -30 98.2467 85.1112 -1 0 0 0 0.999 0.052 0 0.052 -0.999 4459.dat
1 0 -150 -0.6133 59.9312 1 0 0 0 0.999 -0.052 0 0.052 0.999 4459.dat
1 0 -135 0.4267 39.9512 0 -1 0 0.999 0 -0.052 0.052 0 0.999 6632.dat
1 0 -145 0.4267 39.9512 0 -1 0 0.999 0 -0.052 0.052 0 0.999 6632.dat
1 1 -150 0.4267 39.9512 1 0 0 0 0.999 -0.052 0 0.052 0.999 43093.dat
1 0 -15 0.4267 39.9512 0 1 0 -0.999 0 -0.052 -0.052 0 0.999 6632.dat
1 0 -10 -0.6133 59.9312 -1 0 0 0 -0.999 -0.052 0 -0.052 0.999 4459.dat
1 0 -25 0.4267 39.9512 0 1 0 -0.999 0 -0.052 -0.052 0 0.999 6632.dat
1 1 -10 0.4267 39.9512 -1 0 0 0 -0.999 -0.052 0 -0.052 0.999 43093.dat
1 0 -140 120.3067 46.1912 -1 0 0 0 -0.122606 -0.993063 0 -0.993063 0.122606 32054.dat
1 1 -110 120.3067 46.1912 -1 0 0 0 -0.993063 0.122606 0 0.122606 0.993063 43093.dat
1 1 -50 120.3067 46.1912 1 0 0 0 -0.993063 -0.122606 0 0.122606 -0.993063 43093.dat
1 1 -100 60.7229 53.5476 0 -1 0 -0.122606 0 0.993063 -0.993063 0 -0.122606 32526.dat
1 0 -80 70.6536 52.3215 -1 0 0 0 -0.993063 0.122606 0 0.122606 0.993063 32138.dat
1 1 -60 60.7229 53.5476 0 -1 0 -0.122606 0 0.993063 -0.993063 0 -0.122606 32526.dat
1 0 -20 120.3067 46.1912 1 0 0 0 0.122606 -0.993063 0 0.993063 0.122606 32054.dat
1 0 -20 121.3467 26.2112 0 1 0 -0.999 0 -0.052 -0.052 0 0.999 32140.dat
1 0 -10 119.2667 66.1712 1 0 0 0 0.999 -0.052 0 0.052 0.999 4459.dat
1 0 0 110.7379 104.7037 0 0 1 -0.928102 0.374866 0 -0.374866 -0.928102 0 42003.dat
1 0 0 56.8678 104.5362 0 0 1 -0.928102 0.374866 0 -0.374866 -0.928102 0 3707.dat
1 15 0 -8.0669 78.3273 0 0 1 -0.928102 0.374866 0 -0.374866 -0.928102 0 6536.dat
1 0 -160 110.7037 104.8602 0 0 1 -0.928102 0.374866 0 -0.374866 -0.928102 0 42003.dat
1 0 -160 56.8337 104.6926 0 0 1 -0.928102 0.374866 0 -0.374866 -0.928102 0 3707.dat
1 15 -160 -8.1021 78.4837 0 0 1 -0.928102 0.374866 0 -0.374866 -0.928102 0 6536.dat
1 0 0 225.4067 -48.5088 -1 0 0 0 -0.603316 0.79741 0 0.79741 0.603316 32013.dat
1 0 0 177.5601 -84.708 1 0 0 0 -0.137431 0.990579 0 -0.990579 -0.137431 32192.dat
1 0 0 128.0363 -77.8448 1 0 0 0 0.137431 -0.990579 0 0.990579 0.137431 59443.dat
1 0 0 68.6078 -69.6093 0 0 -1 -0.990579 0.137431 0 0.137431 0.990579 0 3706.dat
1 4 0 147.8463 -80.5896 0 0 -1 -0.990579 0.137431 0 0.137431 0.990579 0 32062.dat
1 4 0 201.4834 -66.6084 0 0 -1 -0.79741 -0.603316 0 -0.603316 0.79741 0 32062.dat
1 0 0 98.1902 -73.9347 0 -1 0 -0.992907 0 -0.119609 0.119609 0 -0.992907 6553.dat
1 71 -80 215.0623 -231.7966 1 0 0 0 -0.976855 0.21653 0 -0.21653 -0.976855 4519.dat
1 27 -100 136.9121 -249.1183 0 1 0 0.976855 0 0.21653 0.21653 0 -0.976855 32009.dat
1 71 -80 102.2685 -92.8178 1 0 0 0 0.976855 -0.21653 0 0.21653 0.976855 32073.dat
1 1 -80 123.9209 -190.5051 1 0 0 0 -0.954263 -0.300926 0 0.300926 -0.954263 6558.dat
1 1 -100 106.5991 -112.3549 -1 0 0 0 -0.737733 -0.675929 0 -0.675929 0.737733 6558.dat
1 71 -110 111.6058 -134.6021 -1 0 0 0 -0.423299 0.906718 0 0.906718 0.423299 4274.dat
1 71 -110 115.9364 -154.1392 -1 0 0 0 -0.423299 0.906718 0 0.906718 0.423299 4274.dat
1 71 -110 120.2667 -173.6773 -1 0 0 0 -0.423299 0.906718 0 0.906718 0.423299 4274.dat
1 0 -80 110.9294 -131.8929 0 -1 0 0.976855 0 -0.21653 0.21653 0 0.976855 32140.dat
1 0 -80 128.2512 -210.0432 0 1 0 -0.976855 0 -0.21653 -0.21653 0 0.976855 60483.dat
1 71 -80 128.2512 -210.0432 -1 0 0 0 0.976855 0.21653 0 0.21653 -0.976855 32073.dat
1 0 -50 97.9382 -73.2797 0 0 -1 -0.119272 -0.993712 0 -0.993712 0.119272 0 59443.dat
1 71 -80 97.9382 -73.2797 1 0 0 0 0.993712 0.119272 0 -0.119272 0.993712 4519.dat
1 0 -110 97.9382 -73.2797 0 0 -1 -0.119272 -0.993712 0 -0.993712 0.119272 0 59443.dat
1 1 -80 117.4753 -68.9491 -1 0 0 0 -0.737733 -0.675929 0 -0.675929 0.737733 6558.dat
1 27 -60 132.23 -55.4305 0 0 1 -0.675929 -0.737733 0 0.737733 -0.675929 0 6536.dat
1 27 -100 132.23 -55.4305 0 0 1 -0.675929 -0.737733 0 0.737733 -0.675929 0 6536.dat
1 1 -60 125.4707 -48.0532 0 0 1 0.675929 0.737733 0 -0.737733 0.675929 0 43093.dat
1 1 -100 125.4707 -48.0532 0 0 1 0.675929 0.737733 0 -0.737733 0.675929 0 43093.dat
1 72 -80 118.7114 -40.6759 0 0 1 -0.737733 0.675929 0 -0.675929 -0.737733 0 32523.dat
1 1 -80 111.9521 -33.2985 0 0 1 -0.675929 -0.737733 0 0.737733 -0.675929 0 43093.dat
1 71 -80 95.7289 -15.5926 -1 0 0 0 0.675929 -0.737733 0 -0.737733 -0.675929 2819.dat
1 27 -60 136.9197 -249.0686 0 1 0 0.976434 0 0.216107 0.216107 0 -0.976434 32009.dat
1 71 -50 119.6478 -170.9269 1 0 0 0 0.75518 -0.65636 0 0.65636 0.75518 4274.dat
1 71 -50 115.3293 -151.391 1 0 0 0 0.75518 -0.65636 0 0.65636 0.75518 4274.dat
1 71 -50 111.0118 -131.8561 1 0 0 0 0.75518 -0.65636 0 0.65636 0.75518 4274.dat
1 0 -160 225.4067 -48.5088 -1 0 0 0 -0.603316 0.79741 0 0.79741 0.603316 32013.dat
1 0 -160 177.5601 -84.708 1 0 0 0 -0.137431 0.990579 0 -0.990579 -0.137431 32192.dat
1 0 -160 128.0363 -77.8448 1 0 0 0 0.137431 -0.990579 0 0.990579 0.137431 59443.dat
1 0 -160 68.6078 -69.6093 0 0 -1 -0.990579 0.137431 0 0.137431 0.990579 0 3706.dat
1 4 -160 147.8463 -80.5896 0 0 -1 -0.990579 0.137431 0 0.137431 0.990579 0 32062.dat
1 4 -160 201.4834 -66.6084 0 0 -1 -0.79741 -0.603316 0 -0.603316 0.79741 0 32062.dat
1 0 -160 98.2714 -73.7431 0 1 0 -0.990846 0 0.137747 0.137747 0 0.990846 6553.dat
1 0 -80 -0.8178 -60.0158 1 0 0 0 1.000434 0.014038 0 -0.014038 1.000434 3708.dat
1 0 -210 -0.8178 -60.0158 0 0 -1 -1.000434 0.014038 0 0.014038 1.000434 0 32013.dat
1 71 -175 -0.8178 -60.0158 0 0 1 -0.014038 1.000434 0 -1.000434 -0.014038 0 32123.dat
1 15 -160 -0.8178 -60.0158 1 0 0 0 0.137747 -0.990846 0 0.990846 0.137747 32013.dat
1 0 -135 -0.8178 -60.0158 0 -1 0 1.000434 0 0.014038 -0.014038 0 1.000434 6632.dat
1 0 -145 -0.8178 -60.0158 0 -1 0 1.000434 0 0.014038 -0.014038 0 1.000434 6632.dat
1 0 -150 -0.5448 -40.0105 1 0 0 0 1.000434 0.014038 0 -0.014038 1.000434 4459.dat
1 1 -150 -0.2729 -20.0053 1 0 0 0 1.000434 0.014038 0 -0.014038 1.000434 43093.dat
1 71 -125 -0.8178 -60.0158 0 0 1 -0.014038 1.000434 0 -1.000434 -0.014038 0 32123.dat
1 71 -35 -0.8178 -60.0158 0 0 1 -0.014038 1.000434 0 -1.000434 -0.014038 0 32123.dat
1 15 -100 -0.8178 -60.0158 1 0 0 0 -0.990846 -0.137747 0 0.137747 -0.990846 62462.dat
1 15 -60 -0.8178 -60.0158 1 0 0 0 -0.990846 -0.137747 0 0.137747 -0.990846 62462.dat
1 0 -15 -0.8178 -60.0158 0 -1 0 1.000434 0 0.014038 -0.014038 0 1.000434 6632.dat
1 0 -25 -0.8178 -60.0158 0 -1 0 1.000434 0 0.014038 -0.014038 0 1.000434 6632.dat
1 0 -10 -0.5448 -40.0105 1 0 0 0 1.000434 0.014038 0 -0.014038 1.000434 4459.dat
1 1 -10 -0.2729 -20.0053 -1 0 0 0 -1.000434 0.014038 0 0.014038 1.000434 43093.dat
1 15 0 -0.8178 -60.0158 1 0 0 0 0.137747 -0.990846 0 0.990846 0.137747 32013.dat
1 71 15 -0.8178 -60.0158 0 0 1 -0.014038 1.000434 0 -1.000434 -0.014038 0 32123.dat
1 0 50 -0.8178 -60.0158 0 0 1 -1.000434 -0.014038 0 0.014038 -1.000434 0 32013.dat
1 15 -160 0 0 0 -1 0 1.000434 0 0.014038 -0.014038 0 1.000434 32316.dat
1 15 0 0 0 0 -1 0 1.000434 0 0.014038 -0.014038 0 1.000434 32316.dat
1 0 50 9.1854 -60.1522 0 -1 0 1.000434 0 0.014038 -0.014038 0 1.000434 4459.dat
1 0 50 29.3271 -50.422 0 0 1 -1.000434 -0.014038 0 0.014038 -1.000434 0 10247.dat
1 0 50 29.4354 -42.4197 0 0 1 -1.000434 -0.014038 0 0.014038 -1.000434 0 3068.dat
1 0 -210 9.1854 -60.1522 0 -1 0 1.000434 0 0.014038 -0.014038 0 1.000434 4459.dat
1 0 -210 29.4354 -42.4197 0 0 1 -1.000434 -0.014038 0 0.014038 -1.000434 0 3068.dat
1 0 -210 29.3271 -50.422 0 0 1 -1.000434 -0.014038 0 0.014038 -1.000434 0 10247.dat
1 27 -40 102.3749 -92.7853 -1 0 0 0 0.216107 -0.976434 0 -0.976434 -0.216107 6536.dat
1 27 -120 102.3749 -92.7853 -1 0 0 0 0.976434 0.216107 0 0.216107 -0.976434 6536.dat
1 0 -120 106.6933 -112.3202 1 0 0 0 -0.014038 1.000434 0 -1.000434 -0.014038 32013.dat
1 4 -120 76.685 -111.9119 0 0 -1 1.000434 -0.014038 0 -0.014038 -1.000434 0 32062.dat
1 0 -120 46.6776 -111.5035 0 0 1 -1.000434 -0.014038 0 0.014038 -1.000434 0 32054.dat
1 27 -42 127.256 -159.0003 0 -1 0 -0.216107 0 -0.976434 0.976434 0 -0.216107 3020.dat
1 0 -50 137.0244 -156.841 0 -1 0 -0.216107 0 -0.976434 0.976434 0 -0.216107 3710.dat
1 27 -42 127.256 -159.0003 0 -1 0 0.216107 0 0.976434 -0.976434 0 0.216107 88930.dat
1 27 -118 127.9309 -161.7088 0 1 0 0.216107 0 -0.976434 -0.976434 0 -0.216107 3020.dat
1 0 -110 137.6983 -159.5496 0 1 0 0.216107 0 -0.976434 -0.976434 0 -0.216107 3710.dat
1 27 -118 127.9309 -161.7088 0 1 0 -0.216107 0 0.976434 0.976434 0 0.216107 88930.dat
1 0 -40 147.8196 -205.6792 -1 0 0 0 0.976434 0.216107 0 0.216107 -0.976434 42003.dat
1 71 -40 169.5138 -211.1292 0 0 1 0.216107 0.976434 0 -0.976434 0.216107 0 4274.dat
1 71 -40 149.9789 -215.4467 0 0 1 0.216107 0.976434 0 -0.976434 0.216107 0 4274.dat
1 0 -40 161.4733 -221.102 0 0 -1 -0.976434 -0.216107 0 -0.216107 0.976434 0 3023.dat
1 47 -40 172.9688 -226.7573 0 0 -1 -0.976434 -0.216107 0 -0.216107 0.976434 0 3024.dat
1 57 -40 174.6958 -234.5719 0 0 -1 -0.976434 -0.216107 0 -0.216107 0.976434 0 3024.dat
1 47 -40 151.7059 -223.2612 -1 0 0 0 -0.216107 0.976434 0 0.976434 0.216107 54200.dat
1 0 -120 147.8196 -205.6792 -1 0 0 0 0.976434 0.216107 0 0.216107 -0.976434 42003.dat
1 71 -120 169.5138 -211.1292 0 0 1 0.216107 0.976434 0 -0.976434 0.216107 0 4274.dat
1 71 -120 149.9789 -215.4467 0 0 1 0.216107 0.976434 0 -0.976434 0.216107 0 4274.dat
1 0 -120 161.4733 -221.102 0 0 -1 -0.976434 -0.216107 0 -0.216107 0.976434 0 3023.dat
1 47 -120 172.9688 -226.7573 0 0 -1 -0.976434 -0.216107 0 -0.216107 0.976434 0 3024.dat
1 57 -120 174.6958 -234.5719 0 0 -1 -0.976434 -0.216107 0 -0.216107 0.976434 0 3024.dat
1 47 -120 151.7059 -223.2612 -1 0 0 0 -0.216107 0.976434 0 0.976434 0.216107 54200.dat
1 27 0 120.3067 46.1912 1 0 0 0 0.999 -0.052 0 0.052 0.999 61071.dat
1 27 -160 120.3067 46.1912 1 0 0 0 0.999 -0.052 0 0.052 0.999 61070.dat
1 71 30 219.1667 71.3712 0 0 1 -0.052 -0.999 0 0.999 -0.052 0 41896.dat
1 256 30 219.1667 71.3712 0 0 1 -0.052 -0.999 0 0.999 -0.052 0 61480.dat
1 71 -190 219.1667 71.3712 0 0 -1 0.052 -0.999 0 -0.999 -0.052 0 41896.dat
1 256 -190 219.1667 71.3712 0 0 -1 0.052 -0.999 0 -0.999 -0.052 0 61480.dat
1 71 30 233.2067 -198.3587 0 0 1 0.052 0.999 0 -0.999 0.052 0 56145.dat
1 256 30 233.2067 -198.3587 0 0 1 0.052 0.999 0 -0.999 0.052 0 55976.dat
1 256 -190 233.2067 -198.3587 0 0 -1 -0.052 0.999 0 0.999 0.052 0 55976.dat
1 71 -190 233.2067 -198.3587 0 0 -1 -0.052 0.999 0 0.999 0.052 0 56145.dat
