0 
0 Name: New Model.ldr
0 Author: 
1 0 86.435 -22.682 -289.682 0.924 0 -0.383 0 1 0 0.383 0 0.924 6157.dat
1 0 55.795 -22.682 -215.762 0.924 0 -0.383 0 1 0 0.383 0 0.924 6157.dat
1 16 63.455 -22.682 -234.242 0.383 0 0.924 0 1 0 -0.924 0 0.383 3795.dat
1 16 90.265 -22.682 -298.922 0.924 0 -0.383 0 1 0 0.383 0 0.924 2540.dat
1 7 82.605 -30.682 -280.442 0.383 0 0.924 0 1 0 -0.924 0 0.383 3021.dat
1 7 51.965 -30.682 -206.522 0.924 0 -0.383 0 1 0 0.383 0 0.924 3023.dat
1 7 44.305 -30.682 -188.042 -0.924 0 0.383 0 1 0 -0.383 0 -0.924 4623.dat
1 16 86.435 -46.682 -289.682 -0.924 0 0.383 0 1 0 -0.383 0 -0.924 3788.dat
1 16 55.795 -46.682 -215.762 -0.924 0 0.383 0 1 0 -0.383 0 -0.924 4211.dat
1 16 16.585 -46.682 -199.532 -0.924 0 0.383 0 1 0 -0.383 0 -0.924 4085.dat
1 16 72.025 -46.682 -176.552 -0.924 0 0.383 0 1 0 -0.383 0 -0.924 4085.dat
1 16 24.245 -54.682 -218.012 -0.383 0 -0.924 0 1 0 0.924 0 -0.383 3623.dat
1 16 79.685 -54.682 -195.032 -0.383 0 -0.924 0 1 0 0.924 0 -0.383 3623.dat
1 1 82.605 -46.682 -280.442 -0.924 0 0.383 0 1 0 -0.383 0 -0.924 3023.dat
1 16 90.265 -46.682 -298.922 0.924 0 -0.383 0 1 0 0.383 0 0.924 2436.dat
1 0 8.925 -44.682 -181.052 0.383 0 0.924 0 1 0 -0.924 0 0.383 3962.dat
1 16 44.305 -102.682 -188.042 -0.924 0 0.383 0 1 0 -0.383 0 -0.924 4083.dat
1 1 74.945 -46.682 -261.962 0.924 0 -0.383 0 1 0 0.383 0 0.924 3829.dat
1 0 74.945 -72.697 -261.962 0.2298 0.3064 0.924 -0.8 0.6 0 -0.5544 -0.7392 0.383 3828.dat
1 46 126.411 -36.682 -307.76 0.924 -0.383 0 0 0 -1 0.383 0.924 0 3024.dat
1 46 70.971 -36.682 -330.74 0.924 -0.383 0 0 0 -1 0.383 0.924 0 3024.dat
1 1 98.691 -36.682 -319.25 0.924 -0.383 0 0 0 -1 0.383 0.924 0 30244.dat
1 16 44.7929 -111 -189.2192 0.924 0 -0.383 0 1 0 0.383 0 0.924 3710.dat
1 36 17.0733 -119 -200.7101 0.924 0 -0.383 0 1 0 0.383 0 0.924 6141.dat
1 36 72.5129 -119 -177.7292 0.924 0 -0.383 0 1 0 0.383 0 0.924 6141.dat
1 46 54.0329 -119 -185.3892 0.924 0 -0.383 0 1 0 0.383 0 0.924 6141.dat
1 46 35.5533 -119 -193.0501 0.924 0 -0.383 0 1 0 0.383 0 0.924 6141.dat
1 16 92.755 -17.682 -200.442 -0.383 0 -0.924 0 1 0 0.924 0 -0.383 4624.dat
1 16 123.395 -17.682 -274.362 -0.383 0 -0.924 0 1 0 0.924 0 -0.383 4624.dat
1 16 49.475 -17.682 -305.002 0.383 0 0.924 0 1 0 -0.924 0 0.383 4624.dat
1 16 18.835 -17.682 -231.082 0.383 0 0.924 0 1 0 -0.924 0 0.383 4624.dat
1 256 18.835 -17.682 -231.082 0.383 0 0.924 0 1 0 -0.924 0 0.383 3641.dat
1 256 92.755 -17.682 -200.442 0.383 0 0.924 0 1 0 -0.924 0 0.383 3641.dat
1 256 123.395 -17.682 -274.362 0.383 0 0.924 0 1 0 -0.924 0 0.383 3641.dat
1 256 49.475 -17.682 -305.002 0.383 0 0.924 0 1 0 -0.924 0 0.383 3641.dat
1 16 86.435 -54.682 -289.682 0.924 0 -0.383 0 1 0 0.383 0 0.924 3068.dat
