0 Main
0 Name: 8195-1 - Turbo Tow.mpd
0 Author: LTRON
1 0 0 -8 60 1 0 0 0 1 0 0 0 1 6157.dat
1 0 0 -8 -60 1 0 0 0 1 0 0 0 1 6157.dat
1 0 0 -8 50 0 0 1 0 1 0 -1 0 0 3021.dat
1 0 0 -8 0 1 0 0 0 1 0 0 0 1 3020.dat
1 0 0 -8 -50 0 0 1 0 1 0 -1 0 0 3021.dat
1 0 0 -16 0 0 0 1 0 1 0 -1 0 0 3034.dat
1 4 0 -24 60 1 0 0 0 1 0 0 0 1 3022.dat
1 4 0 -24 -60 1 0 0 0 1 0 0 0 1 3022.dat
1 4 0 -40 60 1 0 0 0 1 0 0 0 1 3788.dat
1 4 0 -32 -60 1 0 0 0 1 0 0 0 1 44674.dat
1 4 -20 -40 0 0 0 1 0 1 0 -1 0 0 3001.dat
1 4 20 -40 0 0 0 1 0 1 0 -1 0 0 3001.dat
1 4 0 -40 -50 1 0 0 0 1 0 0 0 1 2412.dat
1 4 0 -40 -70 1 0 0 0 1 0 0 0 1 44728.dat
1 0 -10 -10 -92 0 0 1 1 0 0 0 1 0 2555.dat
1 0 10 -10 -92 0 0 1 1 0 0 0 1 0 2555.dat
1 80 0 -30 -92 1 0 0 0 0 -1 0 1 0 2412.dat
1 15 40 -10 -98 0 -1 0 1 0 0 0 0 1 30374.dat
1 4 -30 -48 50 0 0 1 0 1 0 -1 0 0 63864.dat
1 4 30 -48 50 0 0 1 0 1 0 -1 0 0 63864.dat
1 7 0 -48 30 -1 0 0 0 1 0 0 0 -1 60471.dat
1 4 0 -48 10 1 0 0 0 1 0 0 0 1 3710.dat
1 0 0 -48 -20 1 0 0 0 1 0 0 0 1 3020.dat
1 4 -10 -56 10 0 0 -1 0 1 0 1 0 0 2420.dat
1 4 10 -56 10 1 0 0 0 1 0 0 0 1 2420.dat
1 0 0 -56 -20 1 0 0 0 1 0 0 0 1 3020.dat
1 4 -20 -64 -10 0 0 1 0 1 0 -1 0 0 3021.dat
1 4 20 -64 -10 0 0 1 0 1 0 -1 0 0 3021.dat
1 46 -30 -72 -30 1 0 0 0 1 0 0 0 1 6141.dat
1 46 30 -72 -30 1 0 0 0 1 0 0 0 1 6141.dat
1 0 -40 -3 60 0 0 1 0 1 0 -1 0 0 51719.dat
1 0 40 -3 60 0 0 -1 0 1 0 1 0 0 51719.dat
1 0 -40 -3 -60 0 0 1 0 1 0 -1 0 0 51719.dat
1 0 40 -3 -60 0 0 -1 0 1 0 1 0 0 51719.dat
1 256 -40 -3 60 0 0 1 0 1 0 -1 0 0 92409.dat
1 256 40 -3 60 0 0 -1 0 1 0 1 0 0 92409.dat
1 256 -40 -3 -60 0 0 1 0 1 0 -1 0 0 92409.dat
1 256 40 -3 -60 0 0 -1 0 1 0 1 0 0 92409.dat
1 4 0 -57.49 77.72 0 0 1 0.383 0.924 0 -0.924 0.383 0 32062.dat
1 7 0 -68.98 105.44 1 0 0 0 -0.383 -0.924 0 0.924 -0.383 32014.dat
1 7 0 -49.83 59.24 1 0 0 0 0.924 -0.383 0 0.383 0.924 30552.dat
1 7 0 -13.54 128.42 1 0 0 0 -0.924 0.383 0 -0.383 -0.924 42074.dat
