0 Main
0 Name: 6932-1 - Stardefender 200.mpd
0 Author: LTRON
1 0 -50 0 0 0 0 1 0 1 0 -1 0 0 3460.dat
1 0 50 0 0 0 0 1 0 1 0 -1 0 0 3460.dat
1 0 -50 -8 60 0 0 1 0 1 0 -1 0 0 3023.dat
1 0 -50 -16 60 0 0 1 0 1 0 -1 0 0 3023.dat
1 0 -50 -8 -60 0 0 1 0 1 0 -1 0 0 3023.dat
1 0 -50 -16 -60 0 0 1 0 1 0 -1 0 0 3023.dat
1 0 50 -8 60 0 0 1 0 1 0 -1 0 0 3023.dat
1 0 50 -16 60 0 0 1 0 1 0 -1 0 0 3023.dat
1 0 50 -8 -60 0 0 1 0 1 0 -1 0 0 3023.dat
1 0 50 -16 -60 0 0 1 0 1 0 -1 0 0 3023.dat
1 0 0 -24 -100 0 0 1 0 1 0 -1 0 0 3958.dat
1 0 0 -24 100 0 0 1 0 1 0 -1 0 0 3958.dat
1 15 40 -48 -150 -1 0 0 0 1 0 0 0 -1 3937.dat
1 15 0 -48 -150 -1 0 0 0 1 0 0 0 -1 3937.dat
1 15 -40 -48 -150 -1 0 0 0 1 0 0 0 -1 3937.dat
1 15 30 -32 -70 -1 0 0 0 1 0 0 0 -1 3070.dat
1 15 -30 -32 -70 -1 0 0 0 1 0 0 0 -1 3070.dat
1 0 0 -32 0 0 0 -1 0 1 0 1 0 0 4597.dat
1 15 50 -48 -100 0 0 -1 0 1 0 1 0 0 3660.dat
1 15 -50 -48 -100 0 0 1 0 1 0 -1 0 0 3660.dat
1 15 50 -48 130 -1 0 0 0 1 0 0 0 -1 3040.dat
1 15 -50 -48 130 -1 0 0 0 1 0 0 0 -1 3040.dat
1 15 50 -48 100 0 0 -1 0 1 0 1 0 0 3004.dat
1 15 -50 -48 100 0 0 -1 0 1 0 1 0 0 3004.dat
1 15 50 -40 0 0 0 -1 0 1 0 1 0 0 3023.dat
1 15 50 -48 0 0 0 -1 0 1 0 1 0 0 3023.dat
1 15 -50 -40 0 0 0 -1 0 1 0 1 0 0 3023.dat
1 15 -50 -48 0 0 0 -1 0 1 0 1 0 0 3023.dat
1 15 -140 -24 0 0 0 1 0 1 0 -1 0 0 3034.dat
1 0 -150 -32 30 0 0 1 0 1 0 -1 0 0 3070.dat
1 15 -140 -48 0 -1 0 0 0 1 0 0 0 -1 4730.dat
1 15 -100 -48 70 -1 0 0 0 1 0 0 0 -1 3009.dat
1 15 -100 -48 -70 -1 0 0 0 1 0 0 0 -1 3009.dat
1 15 -140 -56 0 0 0 -1 0 1 0 1 0 0 3034.dat
1 15 -50 -56 0 0 0 -1 0 1 0 1 0 0 4477.dat
1 15 140 -24 0 0 0 1 0 1 0 -1 0 0 3034.dat
1 0 150 -32 -30 0 0 1 0 1 0 -1 0 0 3070.dat
1 15 130 -48 0 0 0 1 0 1 0 -1 0 0 3004.dat
1 15 150 -48 0 0 0 1 0 1 0 -1 0 0 3700.dat
1 15 100 -48 70 -1 0 0 0 1 0 0 0 -1 3009.dat
1 15 100 -48 -70 -1 0 0 0 1 0 0 0 -1 3009.dat
1 15 50 -56 0 0 0 -1 0 1 0 1 0 0 4477.dat
1 15 140 -56 0 0 0 -1 0 1 0 1 0 0 3034.dat
1 15 -80 -56 -140 0 0 -1 0 1 0 1 0 0 3034.dat
1 15 80 -56 -140 0 0 -1 0 1 0 1 0 0 3034.dat
1 15 70 -56 70 0 0 -1 0 1 0 1 0 0 3024.dat
1 15 -70 -56 70 0 0 -1 0 1 0 1 0 0 3024.dat
1 0 50 8 70 -1 0 0 0 1 0 0 0 -1 3963.dat
1 0 -50 8 70 -1 0 0 0 1 0 0 0 -1 3963.dat
1 0 -140 -16 0 -1 0 0 0 1 0 0 0 -1 3022.dat
1 0 140 -16 0 -1 0 0 0 1 0 0 0 -1 3022.dat
1 0 140 -8 0 -1 0 0 0 1 0 0 0 -1 4229.dat
1 0 -140 -8 0 -1 0 0 0 1 0 0 0 -1 4229.dat
1 0 -50 8 -60 0 0 -1 0 1 0 1 0 0 3023.dat
1 0 50 8 -60 0 0 -1 0 1 0 1 0 0 3023.dat
1 0 50 16 -60 0 0 1 0 1 0 -1 0 0 3475.dat
1 0 -50 16 -60 0 0 -1 0 1 0 1 0 0 3475.dat
1 0 -50 24 -60 0 0 -1 0 1 0 1 0 0 3023.dat
1 0 50 24 -60 0 0 -1 0 1 0 1 0 0 3023.dat
1 15 -140 -64 0 0 0 -1 0 1 0 1 0 0 3068.dat
1 15 140 -64 0 0 0 1 0 1 0 -1 0 0 3068.dat
1 15 -50 -64 70 0 0 -1 0 1 0 1 0 0 2420.dat
1 15 50 -64 70 1 0 0 0 1 0 0 0 1 2420.dat
1 15 -70 -64 -70 1 0 0 0 1 0 0 0 1 3623.dat
1 15 70 -64 -70 1 0 0 0 1 0 0 0 1 3623.dat
1 36 -150 -64 -70 1 0 0 0 1 0 0 0 1 3024.dat
1 36 150 -64 -70 1 0 0 0 1 0 0 0 1 3024.dat
1 0 -70 -72 0 0 0 1 0 1 0 -1 0 0 3460.dat
1 0 70 -72 0 0 0 1 0 1 0 -1 0 0 3460.dat
1 15 -50 -72 80 0 0 1 0 1 0 -1 0 0 3023.dat
1 15 50 -72 80 0 0 1 0 1 0 -1 0 0 3023.dat
1 15 50 -72 110 -1 0 0 0 1 0 0 0 -1 3040.dat
1 15 -50 -72 110 -1 0 0 0 1 0 0 0 -1 3040.dat
1 15 50 -96 70 -1 0 0 0 1 0 0 0 -1 4286.dat
1 15 -50 -96 70 -1 0 0 0 1 0 0 0 -1 4286.dat
1 15 -70 -96 -10 0 0 1 0 1 0 -1 0 0 4070.dat
1 15 -70 -96 -30 0 0 1 0 1 0 -1 0 0 4070.dat
1 15 70 -96 -10 0 0 -1 0 1 0 1 0 0 4070.dat
1 15 70 -96 -30 0 0 -1 0 1 0 1 0 0 4070.dat
1 0 -80 -24 -200 1 0 0 0 1 0 0 0 1 3022.dat
1 0 -90 -48 -210 1 0 0 0 1 0 0 0 1 4070.dat
1 0 -70 -48 -210 1 0 0 0 1 0 0 0 1 4070.dat
1 15 -80 -48 -190 -1 0 0 0 1 0 0 0 -1 3660.dat
1 15 -70 -38 -288 -1 0 0 0 0 -1 0 -1 0 3957.dat
1 15 -90 -38 -288 -1 0 0 0 0 -1 0 -1 0 3957.dat
1 15 -80 -38 -296 1 0 0 0 0 1 0 -1 0 4590.dat
1 36 -50 -28 -312 1 0 0 0 0 1 0 -1 0 4740.dat
1 36 -110 -28 -312 1 0 0 0 0 1 0 -1 0 4740.dat
1 0 80 -24 -200 1 0 0 0 1 0 0 0 1 3022.dat
1 0 70 -48 -210 1 0 0 0 1 0 0 0 1 4070.dat
1 0 90 -48 -210 1 0 0 0 1 0 0 0 1 4070.dat
1 15 80 -48 -190 -1 0 0 0 1 0 0 0 -1 3660.dat
1 15 90 -38 -288 -1 0 0 0 0 -1 0 -1 0 3957.dat
1 15 70 -38 -288 -1 0 0 0 0 -1 0 -1 0 3957.dat
1 15 80 -38 -296 1 0 0 0 0 1 0 -1 0 4590.dat
1 36 110 -28 -312 1 0 0 0 0 1 0 -1 0 4740.dat
1 36 50 -28 -312 1 0 0 0 0 1 0 -1 0 4740.dat
1 15 70 -96 -50 1 0 0 0 1 0 0 0 1 4286.dat
1 15 -70 -96 -50 1 0 0 0 1 0 0 0 1 4286.dat
1 15 70 -96 40 0 0 1 0 1 0 -1 0 0 3010.dat
1 15 -70 -96 40 0 0 1 0 1 0 -1 0 0 3010.dat
1 0 84 -86 -20 0 -1 0 0 0 1 -1 0 0 3023.dat
1 0 -84 -86 -20 0 1 0 0 0 1 1 0 0 3023.dat
1 0 100 -86 -20 0 -1 0 1 0 0 0 0 1 4595.dat
1 0 90 -86 -128 0 0 -1 1 0 0 0 -1 0 3957.dat
1 36 90 -86 -136 0 0 -1 1 0 0 0 -1 0 6141.dat
1 0 90 -86 18 0 0 -1 1 0 0 0 -1 0 752.dat
1 256 90 -86 18 0 0 -1 -1 0 0 0 1 0 755.dat
1 0 -100 -86 -20 0 1 0 -1 0 0 0 0 1 4595.dat
1 0 -90 -86 -128 0 0 1 -1 0 0 0 -1 0 3957.dat
1 36 -90 -86 -136 0 0 1 -1 0 0 0 -1 0 6141.dat
1 0 -90 -86 18 0 0 1 -1 0 0 0 -1 0 752.dat
1 256 -90 -86 18 0 0 1 1 0 0 0 1 0 755.dat
1 0 150 -72 70 1 0 0 0 1 0 0 0 1 752.dat
1 256 150 -72 70 1 0 0 0 -1 0 0 0 -1 755.dat
1 0 -150 -72 70 1 0 0 0 1 0 0 0 1 752.dat
1 256 -150 -72 70 1 0 0 0 -1 0 0 0 -1 755.dat
1 15 -70 -104 -20 0 0 1 0 1 0 -1 0 0 3710.dat
1 15 70 -104 -20 0 0 1 0 1 0 -1 0 0 3710.dat
1 15 -70 -104 30 0 0 1 0 1 0 -1 0 0 3024.dat
1 15 70 -104 30 0 0 1 0 1 0 -1 0 0 3024.dat
1 15 0 -104 50 -1 0 0 0 1 0 0 0 -1 4162.dat
1 15 -60 -104 70 -1 0 0 0 1 0 0 0 -1 3069.dat
1 15 60 -104 70 -1 0 0 0 1 0 0 0 -1 3069.dat
1 256 150 -78.9508 70 -0.9928 -0.0619 -0.1025 0.0634 -0.9979 -0.0114 0.1016 0.0178 -0.9947 756.dat
1 256 149.843 -81.4803 70.0452 -0.9726 -0.1843 -0.1414 0.1896 -0.9815 -0.0247 0.1342 0.0509 -0.9896 756.dat
1 256 149.379 -83.9534 70.1733 -0.9389 -0.2939 -0.179 0.3029 -0.9527 -0.0243 0.1634 0.077 -0.9836 756.dat
1 256 148.637 -86.3589 70.3677 -0.8965 -0.3884 -0.2133 0.3999 -0.9165 -0.0119 0.1909 0.096 -0.9769 756.dat
1 256 147.666 -88.6488 70.6075 -0.8494 -0.4686 -0.2428 0.4809 -0.8767 0.0098 0.2175 0.1084 -0.97 756.dat
1 256 146.479 -90.8704 70.8823 -0.8005 -0.5363 -0.2677 0.5471 -0.8361 0.039 0.2447 0.1152 -0.9627 756.dat
1 256 145.136 -92.9637 71.1708 -0.752 -0.5934 -0.2871 0.6003 -0.7964 0.0735 0.2722 0.1171 -0.9551 756.dat
1 256 143.632 -94.982 71.4676 -0.7049 -0.6418 -0.3019 0.6423 -0.7582 0.1122 0.3009 0.1148 -0.9467 756.dat
1 256 142.028 -96.8776 71.7547 -0.6602 -0.6834 -0.3117 0.6747 -0.7219 0.1536 0.3299 0.1089 -0.9377 756.dat
1 256 140.3 -98.7027 72.03 -0.6178 -0.7196 -0.3171 0.6991 -0.6872 0.1976 0.3601 0.0996 -0.9276 756.dat
1 256 138.483 -100.438 72.2814 -0.5782 -0.7513 -0.318 0.7162 -0.6542 0.2433 0.3908 0.0871 -0.9163 756.dat
1 256 136.589 -102.087 72.5011 -0.5417 -0.7794 -0.3147 0.7269 -0.6224 0.2902 0.422 0.0715 -0.9038 756.dat
1 256 134.625 -103.655 72.6813 -0.5085 -0.8045 -0.3069 0.7319 -0.5916 0.3381 0.4536 0.0528 -0.8897 756.dat
1 256 132.598 -105.146 72.8142 -0.4786 -0.8271 -0.2947 0.7317 -0.5613 0.3868 0.4853 0.0305 -0.8738 756.dat
1 256 130.514 -106.56 72.8912 -0.4525 -0.8473 -0.2779 0.7265 -0.531 0.4361 0.5171 0.0045 -0.8559 756.dat
1 256 128.376 -107.899 72.9026 -0.4306 -0.8655 -0.256 0.7166 -0.5003 0.4859 0.5486 -0.0258 -0.8357 756.dat
1 256 126.19 -109.163 72.8376 -0.4135 -0.8812 -0.2291 0.7021 -0.4688 0.5359 0.5797 -0.0607 -0.8126 756.dat
1 256 123.989 -110.334 72.6858 -0.4019 -0.8944 -0.1961 0.6834 -0.4356 0.5858 0.6094 -0.1014 -0.7863 756.dat
1 256 121.722 -111.438 72.4288 -0.3967 -0.9044 -0.157 0.66 -0.3999 0.636 0.638 -0.1487 -0.7556 756.dat
1 256 119.456 -112.44 72.0562 -0.3993 -0.9101 -0.1108 0.6325 -0.3609 0.6854 0.6637 -0.2036 -0.7197 756.dat
1 256 117.145 -113.357 71.5393 -0.4109 -0.9099 -0.0574 0.6005 -0.3175 0.7339 0.686 -0.2671 -0.6768 756.dat
1 256 114.865 -114.152 70.87 -0.4329 -0.9014 0.0028 0.5651 -0.269 0.78 0.7023 -0.3393 -0.6258 756.dat
1 256 112.609 -114.825 70.0209 -0.4669 -0.8816 0.0698 0.5267 -0.2138 0.8227 0.7103 -0.4209 -0.5642 756.dat
1 256 110.38 -115.366 68.9568 -0.5133 -0.8466 0.141 0.4864 -0.1516 0.8605 0.7071 -0.5102 -0.4896 756.dat
1 256 108.246 -115.748 67.6701 -0.5706 -0.7935 0.2116 0.4466 -0.0837 0.8908 0.6891 -0.6028 -0.4022 756.dat
1 256 106.248 -115.959 66.1527 -0.6304 -0.7256 0.2758 0.4101 -0.0096 0.912 0.6591 -0.6881 -0.3037 756.dat
1 256 104.424 -115.983 64.4231 -0.6297 -0.6984 0.3401 0.3754 0.1097 0.9204 0.6801 -0.7073 -0.1931 756.dat
1 256 102.658 -115.706 62.6346 -0.6155 -0.6724 0.4111 0.3339 0.25 0.9088 0.7139 -0.6967 -0.0706 756.dat
1 256 100.976 -115.08 60.8919 -0.6106 -0.6289 0.4814 0.2906 0.3875 0.8749 0.7367 -0.6741 0.0538 756.dat
1 256 99.39 -114.103 59.1916 -0.6168 -0.5717 0.5411 0.2495 0.5099 0.8232 0.7466 -0.6427 0.1718 756.dat
1 256 97.9494 -112.818 57.572 -0.6328 -0.5084 0.584 0.2151 0.6091 0.7634 0.7438 -0.6087 0.2761 756.dat
1 256 96.6681 -111.283 56.0378 -0.6562 -0.4453 0.6092 0.1896 0.6841 0.7043 0.7304 -0.5777 0.3645 756.dat
1 256 95.5448 -109.557 54.5806 -0.684 -0.3866 0.6186 0.173 0.7379 0.6524 0.7086 -0.5533 0.4378 756.dat
1 256 94.5692 -107.695 53.1844 -0.714 -0.334 0.6154 0.1642 0.7744 0.6109 0.6807 -0.5373 0.4981 756.dat
1 256 93.735 -105.761 51.8427 -0.7442 -0.2875 0.6028 0.1623 0.7977 0.5808 0.6479 -0.5301 0.547 756.dat
1 256 93.0097 -103.749 50.5054 -0.7744 -0.2463 0.5828 0.1656 0.8101 0.5624 0.6106 -0.532 0.5866 756.dat
1 256 92.3886 -101.706 49.1638 -0.8035 -0.2098 0.5571 0.1732 0.813 0.5559 0.5695 -0.5432 0.6169 756.dat
1 256 91.8597 -99.6563 47.7944 -0.8312 -0.1772 0.527 0.1841 0.8067 0.5615 0.5246 -0.5637 0.6379 756.dat
1 256 91.413 -97.6222 46.373 -0.8571 -0.1477 0.4935 0.1974 0.7907 0.5796 0.4758 -0.5942 0.6485 756.dat
1 256 91.0404 -95.6281 44.8744 -0.8811 -0.121 0.4571 0.212 0.7631 0.6105 0.4227 -0.6349 0.6467 756.dat
1 256 90.7353 -93.7031 43.2729 -0.903 -0.0964 0.4188 0.2266 0.7212 0.6546 0.3651 -0.686 0.6294 756.dat
1 256 90.4921 -91.884 41.5426 -0.9224 -0.074 0.379 0.239 0.6616 0.7107 0.3033 -0.7462 0.5926 756.dat
1 256 90.3076 -90.2333 39.681 -0.9392 -0.0536 0.3391 0.247 0.5803 0.776 0.2383 -0.8126 0.5318 756.dat
1 256 90.1726 -88.7711 37.6334 -0.9536 -0.0356 0.2989 0.2471 0.4745 0.8448 0.1719 -0.8795 0.4437 756.dat
1 256 90.0829 -87.575 35.4167 -0.9655 -0.0207 0.2596 0.2366 0.3472 0.9074 0.109 -0.9376 0.3303 756.dat
1 256 90.0306 -86.6984 33.0498 -0.9751 -0.0096 0.2215 0.2147 0.2075 0.9544 0.0551 -0.9782 0.2002 756.dat
1 256 90.0062 -86.1735 30.5749 -0.9829 -0.0025 0.1842 0.1836 0.0693 0.9806 0.0152 -0.9976 0.0676 756.dat
1 256 90 -86.0002 28.0789 -0.989 0 0.1478 0.1478 0.0001 0.989 0 -1 0.0001 756.dat
1 256 90 -86 25.5648 -0.9938 0 0.1111 0.1111 0.0001 0.9938 0 -1 0.0001 756.dat
1 256 90 -86 23.0479 -0.9972 0 0.0742 0.0742 0.0001 0.9972 0 -1 0.0001 756.dat
1 256 90 -86 20.5279 -0.9993 0 0.0372 0.0372 0.0001 0.9993 0 -1 0.0001 756.dat
1 256 -150 -78.951 70 0.9928 0.0619 0.1025 0.0634 -0.9979 -0.0114 0.1016 0.0178 -0.9947 756.dat
1 256 -149.843 -81.48 70.045 0.9726 0.1843 0.1414 0.1896 -0.9815 -0.0247 0.1342 0.0509 -0.9896 756.dat
1 256 -149.379 -83.953 70.173 0.9389 0.2939 0.179 0.3029 -0.9527 -0.0243 0.1634 0.077 -0.9836 756.dat
1 256 -148.637 -86.359 70.368 0.8965 0.3884 0.2133 0.3999 -0.9165 -0.0119 0.1909 0.096 -0.9769 756.dat
1 256 -147.666 -88.649 70.608 0.8494 0.4686 0.2428 0.4809 -0.8767 0.0098 0.2175 0.1084 -0.97 756.dat
1 256 -146.479 -90.87 70.882 0.8005 0.5363 0.2677 0.5471 -0.8361 0.039 0.2447 0.1152 -0.9627 756.dat
1 256 -145.136 -92.964 71.171 0.752 0.5934 0.2871 0.6003 -0.7964 0.0735 0.2722 0.1171 -0.9551 756.dat
1 256 -143.632 -94.982 71.468 0.7049 0.6418 0.3019 0.6423 -0.7582 0.1122 0.3009 0.1148 -0.9467 756.dat
1 256 -142.028 -96.878 71.755 0.6602 0.6834 0.3117 0.6747 -0.7219 0.1536 0.3299 0.1089 -0.9377 756.dat
1 256 -140.3 -98.703 72.03 0.6178 0.7196 0.3171 0.6991 -0.6872 0.1976 0.3601 0.0996 -0.9276 756.dat
1 256 -138.483 -100.438 72.281 0.5782 0.7513 0.318 0.7162 -0.6542 0.2433 0.3908 0.0871 -0.9163 756.dat
1 256 -136.589 -102.087 72.501 0.5417 0.7794 0.3147 0.7269 -0.6224 0.2902 0.422 0.0715 -0.9038 756.dat
1 256 -134.625 -103.655 72.681 0.5085 0.8045 0.3069 0.7319 -0.5916 0.3381 0.4536 0.0528 -0.8897 756.dat
1 256 -132.598 -105.146 72.814 0.4786 0.8271 0.2947 0.7317 -0.5613 0.3868 0.4853 0.0305 -0.8738 756.dat
1 256 -130.514 -106.56 72.891 0.4525 0.8473 0.2779 0.7265 -0.531 0.4361 0.5171 0.0045 -0.8559 756.dat
1 256 -128.376 -107.899 72.903 0.4306 0.8655 0.256 0.7166 -0.5003 0.4859 0.5486 -0.0258 -0.8357 756.dat
1 256 -126.19 -109.163 72.838 0.4135 0.8812 0.2291 0.7021 -0.4688 0.5359 0.5797 -0.0607 -0.8126 756.dat
1 256 -123.989 -110.334 72.686 0.4019 0.8944 0.1961 0.6834 -0.4356 0.5858 0.6094 -0.1014 -0.7863 756.dat
1 256 -121.722 -111.438 72.429 0.3967 0.9044 0.157 0.66 -0.3999 0.636 0.638 -0.1487 -0.7556 756.dat
1 256 -119.456 -112.44 72.056 0.3993 0.9101 0.1108 0.6325 -0.3609 0.6854 0.6637 -0.2036 -0.7197 756.dat
1 256 -117.145 -113.357 71.539 0.4109 0.9099 0.0574 0.6005 -0.3175 0.7339 0.686 -0.2671 -0.6768 756.dat
1 256 -114.865 -114.152 70.87 0.4329 0.9014 -0.0028 0.5651 -0.269 0.78 0.7023 -0.3393 -0.6258 756.dat
1 256 -112.609 -114.825 70.021 0.4669 0.8816 -0.0698 0.5267 -0.2138 0.8227 0.7103 -0.4209 -0.5642 756.dat
1 256 -110.38 -115.366 68.957 0.5133 0.8466 -0.141 0.4864 -0.1516 0.8605 0.7071 -0.5102 -0.4896 756.dat
1 256 -108.246 -115.748 67.67 0.5706 0.7935 -0.2116 0.4466 -0.0837 0.8908 0.6891 -0.6028 -0.4022 756.dat
1 256 -106.248 -115.959 66.153 0.6304 0.7256 -0.2758 0.4101 -0.0096 0.912 0.6591 -0.6881 -0.3037 756.dat
1 256 -104.424 -115.983 64.423 0.6297 0.6984 -0.3401 0.3754 0.1097 0.9204 0.6801 -0.7073 -0.1931 756.dat
1 256 -102.658 -115.706 62.635 0.6155 0.6724 -0.4111 0.3339 0.25 0.9088 0.7139 -0.6967 -0.0706 756.dat
1 256 -100.976 -115.08 60.892 0.6106 0.6289 -0.4814 0.2906 0.3875 0.8749 0.7367 -0.6741 0.0538 756.dat
1 256 -99.39 -114.103 59.192 0.6168 0.5717 -0.5411 0.2495 0.5099 0.8232 0.7466 -0.6427 0.1718 756.dat
1 256 -97.949 -112.818 57.572 0.6328 0.5084 -0.584 0.2151 0.6091 0.7634 0.7438 -0.6087 0.2761 756.dat
1 256 -96.668 -111.283 56.038 0.6562 0.4453 -0.6092 0.1896 0.6841 0.7043 0.7304 -0.5777 0.3645 756.dat
1 256 -95.545 -109.557 54.581 0.684 0.3866 -0.6186 0.173 0.7379 0.6524 0.7086 -0.5533 0.4378 756.dat
1 256 -94.569 -107.695 53.184 0.714 0.334 -0.6154 0.1642 0.7744 0.6109 0.6807 -0.5373 0.4981 756.dat
1 256 -93.735 -105.761 51.843 0.7442 0.2875 -0.6028 0.1623 0.7977 0.5808 0.6479 -0.5301 0.547 756.dat
1 256 -93.01 -103.749 50.505 0.7744 0.2463 -0.5828 0.1656 0.8101 0.5624 0.6106 -0.532 0.5866 756.dat
1 256 -92.389 -101.706 49.164 0.8035 0.2098 -0.5571 0.1732 0.813 0.5559 0.5695 -0.5432 0.6169 756.dat
1 256 -91.86 -99.656 47.794 0.8312 0.1772 -0.527 0.1841 0.8067 0.5615 0.5246 -0.5637 0.6379 756.dat
1 256 -91.413 -97.622 46.373 0.8571 0.1477 -0.4935 0.1974 0.7907 0.5796 0.4758 -0.5942 0.6485 756.dat
1 256 -91.04 -95.628 44.874 0.8811 0.121 -0.4571 0.212 0.7631 0.6105 0.4227 -0.6349 0.6467 756.dat
1 256 -90.735 -93.703 43.273 0.903 0.0964 -0.4188 0.2266 0.7212 0.6546 0.3651 -0.686 0.6294 756.dat
1 256 -90.492 -91.884 41.543 0.9224 0.074 -0.379 0.239 0.6616 0.7107 0.3033 -0.7462 0.5926 756.dat
1 256 -90.308 -90.233 39.681 0.9392 0.0536 -0.3391 0.247 0.5803 0.776 0.2383 -0.8126 0.5318 756.dat
1 256 -90.173 -88.771 37.633 0.9536 0.0356 -0.2989 0.2471 0.4745 0.8448 0.1719 -0.8795 0.4437 756.dat
1 256 -90.083 -87.575 35.417 0.9655 0.0207 -0.2596 0.2366 0.3472 0.9074 0.109 -0.9376 0.3303 756.dat
1 256 -90.031 -86.698 33.05 0.9751 0.0096 -0.2215 0.2147 0.2075 0.9544 0.0551 -0.9782 0.2002 756.dat
1 256 -90.006 -86.174 30.575 0.9829 0.0025 -0.1842 0.1836 0.0693 0.9806 0.0152 -0.9976 0.0676 756.dat
1 256 -90 -86 28.079 0.989 0 -0.1478 0.1478 0.0001 0.989 0 -1 0.0001 756.dat
1 256 -90 -86 25.565 0.9938 0 -0.1111 0.1111 0.0001 0.9938 0 -1 0.0001 756.dat
1 256 -90 -86 23.048 0.9972 0 -0.0742 0.0742 0.0001 0.9972 0 -1 0.0001 756.dat
1 256 -90 -86 20.528 0.9993 0 -0.0372 0.0372 0.0001 0.9993 0 -1 0.0001 756.dat
1 15 40 -43.2696 -141.5011 1 0 0 0 0.526956 0.849893 0 -0.849893 0.526956 3938.dat
1 15 0 -43.2696 -141.5011 1 0 0 0 0.526956 0.849893 0 -0.849893 0.526956 3938.dat
1 15 -40 -43.2696 -141.5011 1 0 0 0 0.526956 0.849893 0 -0.849893 0.526956 3938.dat
1 33 0 -46.4031 167.1836 1 0 0 0 0.526956 0.849893 0 -0.849893 0.526956 2408.dat
1 15 40 -50.5511 192.8506 1 0 0 0 0.526956 0.849893 0 -0.849893 0.526956 3941.dat
1 15 -40 -50.5511 192.8506 1 0 0 0 0.526956 0.849893 0 -0.849893 0.526956 3941.dat
1 0 -30 -46.2678 204.9193 1 0 0 0 0.526956 0.849893 0 -0.849893 0.526956 6141.dat
1 0 30 -46.2678 204.9193 1 0 0 0 0.526956 0.849893 0 -0.849893 0.526956 6141.dat
1 0 -50 -54.6991 218.5176 1 0 0 0 0.526956 0.849893 0 -0.849893 0.526956 4589.dat
1 0 -50 -71.697 207.9785 1 0 0 0 0.526956 0.849893 0 -0.849893 0.526956 4589.dat
1 0 -30 -71.697 207.9785 1 0 0 0 0.526956 0.849893 0 -0.849893 0.526956 4589.dat
1 0 30 -71.697 207.9785 1 0 0 0 0.526956 0.849893 0 -0.849893 0.526956 4589.dat
1 0 50 -71.697 207.9785 1 0 0 0 0.526956 0.849893 0 -0.849893 0.526956 4589.dat
1 0 50 -54.6991 218.5176 1 0 0 0 0.526956 0.849893 0 -0.849893 0.526956 4589.dat
1 0 -240 24 0 -1 0 0 0 1 0 0 0 -1 3031.dat
1 15 -240 0 -30 -1 0 0 0 1 0 0 0 -1 3004.dat
1 15 -210 0 -20 0 0 -1 0 1 0 1 0 0 3660.dat
1 15 -210 0 20 0 0 -1 0 1 0 1 0 0 3660.dat
1 15 -270 0 -20 0 0 1 0 1 0 -1 0 0 3660.dat
1 15 -270 0 20 0 0 1 0 1 0 -1 0 0 3660.dat
1 0 -240 -72 -30 1 0 0 0 1 0 0 0 1 2443.dat
1 15 -190 -24 -20 0 0 -1 0 1 0 1 0 0 3660.dat
1 15 -190 -24 20 0 0 -1 0 1 0 1 0 0 3660.dat
1 15 -290 -24 0 0 0 1 0 1 0 -1 0 0 3660.dat
1 15 -290 -24 -30 0 0 1 0 1 0 -1 0 0 3665.dat
1 15 -290 -24 30 0 0 1 0 1 0 -1 0 0 3665.dat
1 15 -190 -48 -30 0 0 1 0 1 0 -1 0 0 3005.dat
1 15 -290 -48 -30 0 0 1 0 1 0 -1 0 0 3005.dat
1 15 -290 -48 30 0 0 1 0 1 0 -1 0 0 3005.dat
1 15 -170 -32 -30 0 0 1 0 1 0 -1 0 0 3070.dat
1 15 -170 -48 0 0 0 1 0 1 0 -1 0 0 3700.dat
1 15 -310 -48 0 0 0 1 0 1 0 -1 0 0 3010.dat
1 15 -180 -32 30 -1 0 0 0 1 0 0 0 -1 3023.dat
1 15 -170 -40 30 -1 0 0 0 1 0 0 0 -1 3623.dat
1 15 -180 -48 30 -1 0 0 0 1 0 0 0 -1 3023.dat
1 15 -150 -48 30 -1 0 0 0 1 0 0 0 -1 3070.dat
1 15 -190 -72 0 0 0 -1 0 1 0 1 0 0 3037.dat
1 15 -290 -72 0 0 0 1 0 1 0 -1 0 0 3037.dat
1 15 -270 -96 0 0 0 1 0 1 0 -1 0 0 3037.dat
1 15 -210 -96 0 0 0 -1 0 1 0 1 0 0 3037.dat
1 15 -240 -96 -30 1 0 0 0 1 0 0 0 1 3004.dat
1 15 -240 -104 -30 1 0 0 0 1 0 0 0 1 3710.dat
1 33 -240 -36 -92 1 0 0 0 0 -1 0 1 0 2418.dat
1 15 -240 -104 20 1 0 0 0 1 0 0 0 1 4213.dat
1 15 -240 -112 20 1 0 0 0 1 0 0 0 1 3068.dat
1 0 -240 16 50 -1 0 0 0 1 0 0 0 -1 3710.dat
1 15 -240 -8 50 -1 0 0 0 1 0 0 0 -1 3004.dat
1 15 -210 -8 50 0 0 -1 0 1 0 1 0 0 3665.dat
1 15 -270 -8 50 0 0 1 0 1 0 -1 0 0 3665.dat
1 15 -240 -32 50 -1 0 0 0 1 0 0 0 -1 3009.dat
1 15 -240 -56 50 -1 0 0 0 1 0 0 0 -1 3009.dat
1 15 -210 -80 50 0 0 -1 0 1 0 1 0 0 3040.dat
1 15 -270 -80 50 0 0 1 0 1 0 -1 0 0 3040.dat
1 15 -240 -36 60 -1 0 0 0 0 1 0 1 0 3956.dat
1 15 -240 -72 50 -1 0 0 0 1 0 0 0 -1 3023.dat
1 15 -240 -80 50 -1 0 0 0 1 0 0 0 -1 3023.dat
1 15 -240 -88 50 -1 0 0 0 1 0 0 0 -1 3710.dat
1 15 -240 -96 50 1 0 0 0 1 0 0 0 1 4625.dat
1 0 -240 -36 68 1 0 0 0 0 -1 0 1 0 3960.dat
1 36 -240 -36 84 1 0 0 0 0 -1 0 1 0 4588.dat
1 0 240 24 0 -1 0 0 0 1 0 0 0 -1 3031.dat
1 15 240 0 -30 -1 0 0 0 1 0 0 0 -1 3004.dat
1 15 270 0 -20 0 0 -1 0 1 0 1 0 0 3660.dat
1 15 270 0 20 0 0 -1 0 1 0 1 0 0 3660.dat
1 15 210 0 -20 0 0 1 0 1 0 -1 0 0 3660.dat
1 15 210 0 20 0 0 1 0 1 0 -1 0 0 3660.dat
1 0 240 -72 -30 1 0 0 0 1 0 0 0 1 2443.dat
1 15 290 -24 0 0 0 -1 0 1 0 1 0 0 3660.dat
1 15 290 -24 -30 0 0 -1 0 1 0 1 0 0 3665.dat
1 15 290 -24 30 0 0 -1 0 1 0 1 0 0 3665.dat
1 15 190 -24 -20 0 0 1 0 1 0 -1 0 0 3660.dat
1 15 190 -24 20 0 0 1 0 1 0 -1 0 0 3660.dat
1 15 290 -48 -30 0 0 1 0 1 0 -1 0 0 3005.dat
1 15 290 -48 30 0 0 1 0 1 0 -1 0 0 3005.dat
1 15 190 -48 30 0 0 1 0 1 0 -1 0 0 3005.dat
1 15 170 -32 30 0 0 1 0 1 0 -1 0 0 3070.dat
1 15 180 -32 -30 -1 0 0 0 1 0 0 0 -1 3023.dat
1 15 170 -40 -30 -1 0 0 0 1 0 0 0 -1 3623.dat
1 15 180 -48 -30 -1 0 0 0 1 0 0 0 -1 3023.dat
1 15 150 -48 -30 -1 0 0 0 1 0 0 0 -1 3070.dat
1 15 310 -48 0 0 0 -1 0 1 0 1 0 0 3010.dat
1 15 180 -48 0 -1 0 0 0 1 0 0 0 -1 4730.dat
1 15 290 -72 0 0 0 -1 0 1 0 1 0 0 3037.dat
1 15 190 -72 0 0 0 1 0 1 0 -1 0 0 3037.dat
1 15 210 -96 0 0 0 1 0 1 0 -1 0 0 3037.dat
1 15 270 -96 0 0 0 -1 0 1 0 1 0 0 3037.dat
1 15 240 -96 -30 1 0 0 0 1 0 0 0 1 3004.dat
1 15 240 -104 -30 1 0 0 0 1 0 0 0 1 3710.dat
1 33 240 -36 -92 1 0 0 0 0 -1 0 1 0 2418.dat
1 15 240 -104 20 1 0 0 0 1 0 0 0 1 4213.dat
1 15 240 -112 20 1 0 0 0 1 0 0 0 1 3068.dat
1 0 240 16 50 -1 0 0 0 1 0 0 0 -1 3710.dat
1 15 240 -8 50 -1 0 0 0 1 0 0 0 -1 3004.dat
1 15 270 -8 50 0 0 -1 0 1 0 1 0 0 3665.dat
1 15 210 -8 50 0 0 1 0 1 0 -1 0 0 3665.dat
1 15 240 -32 50 -1 0 0 0 1 0 0 0 -1 3009.dat
1 15 240 -56 50 -1 0 0 0 1 0 0 0 -1 3009.dat
1 15 270 -80 50 0 0 -1 0 1 0 1 0 0 3040.dat
1 15 210 -80 50 0 0 1 0 1 0 -1 0 0 3040.dat
1 15 240 -36 60 -1 0 0 0 0 1 0 1 0 3956.dat
1 15 240 -72 50 -1 0 0 0 1 0 0 0 -1 3023.dat
1 15 240 -80 50 -1 0 0 0 1 0 0 0 -1 3023.dat
1 15 240 -88 50 -1 0 0 0 1 0 0 0 -1 3710.dat
1 15 240 -96 50 1 0 0 0 1 0 0 0 1 4625.dat
1 0 240 -36 68 1 0 0 0 0 -1 0 1 0 3960.dat
1 36 240 -36 84 1 0 0 0 0 -1 0 1 0 4588.dat
1 14 0 -88 -12 0.743145 0 -0.669131 0 1 0 0.669131 0 0.743145 2446.dat
1 33 -3.1851 -85.933 -8.4626 0.743145 0.490167 -0.455492 0 0.680721 0.732543 0.669131 -0.544386 0.505874 2447.dat
1 14 0 -88 -12 0.743145 0 -0.669131 0 1 0 0.669131 0 0.743145 3626.dat
1 14 0 -61 -12 1 0 0 0 1 0 0 0 1 3838.dat
1 15 0 -61 -12 1 0 0 0 1 0 0 0 1 973.dat
