0 Main
0 Name: 8259-1 - Mini Bulldozer - Excavator.mpd
0 Author: LTRON
1 72 0 0 0 0 -1 0 1 0 0 0 0 1 32316.dat
1 1 20 0 -40 1 0 0 0 1 0 0 0 1 6558.dat
1 1 20 0 40 1 0 0 0 1 0 0 0 1 6558.dat
1 71 20 0 -40 0 0 1 -1 0 0 0 -1 0 42003.dat
1 71 20 0 40 0 0 -1 -1 0 0 0 1 0 42003.dat
1 72 40 0 0 0 -1 0 1 0 0 0 0 1 32316.dat
1 19 20 -10 -20 0 0 1 1 0 0 0 1 0 3749.dat
1 19 20 -10 20 0 0 1 1 0 0 0 1 0 3749.dat
1 72 20 -20 0 -1 0 0 0 -1 0 0 0 1 32523.dat
1 0 20 -30 0 0 1 0 -1 0 0 0 0 1 2780.dat
1 71 20 0 -60 1 0 0 0 0.978 0.208 0 -0.208 0.978 32073.dat
1 71 40 0 -60 0 0 -1 -0.978 0.208 0 0.208 0.978 0 3713.dat
1 71 0 0 -60 0 0 1 0.978 0.208 0 -0.208 0.978 0 3713.dat
1 71 -20 0 -60 0 0 1 0.978 0.208 0 -0.208 0.978 0 4019.dat
1 71 60 0 -60 0 0 1 0.978 0.208 0 -0.208 0.978 0 4019.dat
1 71 20 0 60 1 0 0 0 0.985 -0.174 0 0.174 0.985 32073.dat
1 71 -20 0 60 0 0 1 0.985 -0.174 0 0.174 0.985 0 4019.dat
1 14 -5 0 60 0 0 1 -0.174 -0.985 0 0.985 -0.174 0 32123.dat
1 14 5 0 60 0 0 1 -0.174 -0.985 0 0.985 -0.174 0 32123.dat
1 14 35 0 60 0 0 1 -0.174 -0.985 0 0.985 -0.174 0 32123.dat
1 14 45 0 60 0 0 1 -0.174 -0.985 0 0.985 -0.174 0 32123.dat
1 71 60 0 60 0 0 1 0.985 -0.174 0 0.174 0.985 0 4019.dat
1 16 60 -14.771 74.8504 1 0 0 0 0.38435 0.923188 0 -0.923188 0.38435 3873.dat
1 16 60 -20.9713 60.1006 1 0 0 0 0.921861 0.387522 0 -0.387522 0.921861 3873.dat
1 16 60 -20.3711 44.1119 1 0 0 0 0.999296 -0.037515 0 0.037515 0.999296 3873.dat
1 16 60 -19.6115 28.1299 1 0 0 0 0.998872 -0.047477 0 0.047477 0.998872 3873.dat
1 16 60 -19.1111 12.1378 1 0 0 0 0.999511 -0.031272 0 0.031272 0.999511 3873.dat
1 16 60 -19.015 -3.8619 1 0 0 0 0.999982 -0.006011 0 0.006011 0.999982 3873.dat
1 16 60 -19.2993 -19.8594 1 0 0 0 0.999842 0.017769 0 -0.017769 0.999842 3873.dat
1 16 60 -19.9764 -35.8451 1 0 0 0 0.999104 0.042322 0 -0.042322 0.999104 3873.dat
1 16 60 -20.7101 -51.8283 1 0 0 0 0.998948 0.045854 0 -0.045854 0.998948 3873.dat
1 16 60 -19.4627 -67.7796 1 0 0 0 0.996956 -0.077964 0 0.077964 0.996956 3873.dat
1 16 60 -8.322 -79.2637 1 0 0 0 0.717757 -0.696294 0 0.696294 0.717757 3873.dat
1 16 60 7.6764 -79.4905 1 0 0 0 0.014176 -0.9999 0 0.9999 0.014176 3873.dat
1 16 60 19.2248 -68.4164 1 0 0 0 -0.692128 -0.721775 0 0.721775 -0.692128 3873.dat
1 16 60 20.9683 -52.5117 1 0 0 0 -0.994046 -0.108963 0 0.108963 -0.994046 3873.dat
1 16 60 20.9981 -36.5117 1 0 0 0 -0.999998 -0.001863 0 0.001863 -0.999998 3873.dat
1 16 60 20.9999 -20.5117 1 0 0 0 -1 -0.000116 0 0.000116 -1 3873.dat
1 16 60 21 -4.5117 1 0 0 0 -1 -0.000006 0 0.000006 -1 3873.dat
1 16 60 21 11.4883 1 0 0 0 -1 0 0 0 -1 3873.dat
1 16 60 21 27.4883 1 0 0 0 -1 0 0 0 -1 3873.dat
1 16 60 21 43.4883 1 0 0 0 -1 0 0 0 -1 3873.dat
1 16 60 21 59.4883 1 0 0 0 -1 0 0 0 -1 3873.dat
1 16 60 15.2472 74.4183 1 0 0 0 -0.933125 0.359551 0 -0.359551 -0.933125 3873.dat
1 16 60 0.6418 80.9516 1 0 0 0 -0.408332 0.912833 0 -0.912833 -0.408332 3873.dat
1 16 -20 -14.771 74.8504 1 0 0 0 0.38435 0.923188 0 -0.923188 0.38435 3873.dat
1 16 -20 -20.9713 60.1006 1 0 0 0 0.921861 0.387522 0 -0.387522 0.921861 3873.dat
1 16 -20 -20.3711 44.1119 1 0 0 0 0.999296 -0.037515 0 0.037515 0.999296 3873.dat
1 16 -20 -19.6115 28.1299 1 0 0 0 0.998872 -0.047477 0 0.047477 0.998872 3873.dat
1 16 -20 -19.1111 12.1378 1 0 0 0 0.999511 -0.031272 0 0.031272 0.999511 3873.dat
1 16 -20 -19.015 -3.8619 1 0 0 0 0.999982 -0.006011 0 0.006011 0.999982 3873.dat
1 16 -20 -19.2993 -19.8594 1 0 0 0 0.999842 0.017769 0 -0.017769 0.999842 3873.dat
1 16 -20 -19.9764 -35.8451 1 0 0 0 0.999104 0.042322 0 -0.042322 0.999104 3873.dat
1 16 -20 -20.7101 -51.8283 1 0 0 0 0.998948 0.045854 0 -0.045854 0.998948 3873.dat
1 16 -20 -19.4627 -67.7796 1 0 0 0 0.996956 -0.077964 0 0.077964 0.996956 3873.dat
1 16 -20 -8.322 -79.2637 1 0 0 0 0.717757 -0.696294 0 0.696294 0.717757 3873.dat
1 16 -20 7.6764 -79.4905 1 0 0 0 0.014176 -0.9999 0 0.9999 0.014176 3873.dat
1 16 -20 19.2248 -68.4164 1 0 0 0 -0.692128 -0.721775 0 0.721775 -0.692128 3873.dat
1 16 -20 20.9683 -52.5117 1 0 0 0 -0.994046 -0.108963 0 0.108963 -0.994046 3873.dat
1 16 -20 20.9981 -36.5117 1 0 0 0 -0.999998 -0.001863 0 0.001863 -0.999998 3873.dat
1 16 -20 20.9999 -20.5117 1 0 0 0 -1 -0.000116 0 0.000116 -1 3873.dat
1 16 -20 21 -4.5117 1 0 0 0 -1 -0.000006 0 0.000006 -1 3873.dat
1 16 -20 21 11.4883 1 0 0 0 -1 0 0 0 -1 3873.dat
1 16 -20 21 27.4883 1 0 0 0 -1 0 0 0 -1 3873.dat
1 16 -20 21 43.4883 1 0 0 0 -1 0 0 0 -1 3873.dat
1 16 -20 21 59.4883 1 0 0 0 -1 0 0 0 -1 3873.dat
1 16 -20 15.2472 74.4183 1 0 0 0 -0.933125 0.359551 0 -0.359551 -0.933125 3873.dat
1 16 -20 0.6418 80.9516 1 0 0 0 -0.408332 0.912833 0 -0.912833 -0.408332 3873.dat
1 0 85 -40 -20 0 -1 0 -1 0 0 0 0 -1 32249.dat
1 71 40 -40 -20 -1 0 0 0 1 0 0 0 -1 32073.dat
1 71 40 -40 -60 -1 0 0 0 1 0 0 0 -1 32073.dat
1 0 70 -40 -40 1 0 0 0 0 1 0 -1 0 32184.dat
1 0 55 -40 -20 0 -1 0 -1 0 0 0 0 -1 32249.dat
1 72 50 -40 -40 1 0 0 0 -1 0 0 0 -1 32002.dat
1 14 40 -40 -20 0 -1 0 -1 0 0 0 0 -1 32316.dat
1 0 50 -40 0 -1 0 0 0 1 0 0 0 -1 2780.dat
1 1 40 -40 20 -1 0 0 0 1 0 0 0 -1 6558.dat
1 14 60 -40 0 0 1 0 -1 0 0 0 0 1 32526.dat
1 14 20 -40 -20 -1 0 0 0 0 1 0 1 0 6536.dat
1 71 60 -60 20 0 -1 0 1 0 0 0 0 1 60483.dat
1 71 20 -60 20 1 0 0 0 1 0 0 0 1 32073.dat
1 14 40 -60 20 -1 0 0 0 -1 0 0 0 1 6536.dat
1 71 20 -60 40 1 0 0 0 0.966 -0.259 0 0.259 0.966 32073.dat
1 72 40 -60 40 0 0 1 -0.966 0.259 0 -0.259 -0.966 0 3647.dat
1 0 0 -60 20 0 -1 0 1 0 0 0 0 1 32140.dat
1 0 20 -60 80 0 1 0 1 0 0 0 0 -1 32140.dat
1 1 10 -60 60 1 0 0 0 -1 0 0 0 -1 4274.dat
1 71 20 -60 80 1 0 0 0 1 0 0 0 1 32073.dat
1 14 40 -60 80 -1 0 0 0 -1 0 0 0 1 6536.dat
1 71 40 -80 50 0 -0.259 -0.966 0 -0.966 0.259 -1 0 0 44294.dat
1 14 40 -80 95 0.966 0.259 0 -0.259 0.966 0 0 0 1 32123.dat
1 14 40 -80 120 0.966 0.259 0 -0.259 0.966 0 0 0 1 59443.dat
1 71 40 -80 50 0.966 0.259 0 -0.259 0.966 0 0 0 1 4716.dat
1 14 40 -80 5 0.966 0.259 0 -0.259 0.966 0 0 0 1 32123.dat
1 0 -20 -60 20 -1 0 0 0 0 -1 0 -1 0 32291.dat
1 71 20 -62.04 -214.642 0 1 0 -0.742 0 -0.67 -0.67 0 0.742 60483.dat
1 1 40 -75.44 -199.802 1 0 0 0 0.742 -0.67 0 0.67 0.742 6558.dat
1 71 40 -62.04 -214.642 1 0 0 0 0.742 -0.67 0 0.67 0.742 4519.dat
1 0 40 -62.04 -214.642 1 0 0 0 0.67 0.742 0 -0.742 0.67 32291.dat
1 14 40 -115.64 -155.282 0 1 0 0.742 0 0.67 0.67 0 -0.742 32524.dat
1 71 60 -62.04 -214.642 0 1 0 -0.742 0 -0.67 -0.67 0 0.742 60483.dat
1 1 50 -41.22 -222.782 0 -1 0 0.742 0 -0.67 0.67 0 0.742 4274.dat
1 1 30 -41.22 -222.782 0 -1 0 0.742 0 -0.67 0.67 0 0.742 4274.dat
1 72 20 -155.84 -110.762 1 0 0 0 0.742 -0.67 0 0.67 0.742 6587.dat
1 0 30 -129.04 -140.442 1 0 0 0 0.742 -0.67 0 0.67 0.742 2780.dat
1 0 20 -141 -97.362 1 0 0 0 0.742 -0.67 0 0.67 0.742 32184.dat
1 71 0 -155.84 -110.762 0 0 -1 -0.67 0.742 0 0.742 0.67 0 3713.dat
1 19 30 -126.16 -83.962 -1 0 0 0 -0.67 0.742 0 0.742 0.67 3749.dat
1 14 20 -84.52 -100.242 0 1 0 0.67 0 -0.742 -0.742 0 -0.67 32524.dat
1 0 30 -99.36 -113.642 1 0 0 0 0.742 -0.67 0 0.67 0.742 2780.dat
1 0 10 -69.68 -86.842 1 0 0 0 0.742 -0.67 0 0.67 0.742 2780.dat
1 72 40 -112.76 -98.802 0 1 0 -0.742 0 -0.67 -0.67 0 0.742 32523.dat
1 72 40 -41.984 -210.002 -1 0 0 0 -0.742 -0.67 0 -0.67 0.742 3020.dat
1 14 40 -17.476 -201.342 1 0 0 0 -0.742 0.67 0 -0.67 -0.742 30413.dat
1 14 0 -40 -20 0 1 0 1 0 0 0 0 -1 32316.dat
1 1 -10 -40 20 1 0 0 0 0 -1 0 1 0 4274.dat
1 14 -20 -40 0 0 1 0 -1 0 0 0 0 1 32526.dat
1 0 -10 -40 0 1 0 0 0 0 -1 0 1 0 2780.dat
1 0 -10 -40 80 1 0 0 0 0 -1 0 1 0 2780.dat
1 1 -10 -80 80 1 0 0 0 0 -1 0 1 0 4274.dat
1 0 10 -80 80 1 0 0 0 -1 0 0 0 -1 62462.dat
1 0 -20 -79.319 34.824 1 0 0 0 -0.966 0.259 0 -0.259 -0.966 32184.dat
1 19 -10 -98.637 29.647 -1 0 0 0 0.966 0.259 0 0.259 -0.966 3749.dat
1 14 -5 -84.162 -28.581 0 1 0 0.97 0 0.241 0.241 0 -0.97 32065.dat
1 14 5 -84.162 -28.581 0 1 0 0.97 0 0.241 0.241 0 -0.97 32065.dat
