0 Main
0 Name: 8832-1 - Roadster.mpd
0 Author: LTRON
1 0 0 0 0 1 0 0 0 1 0 0 0 1 3031.dat
1 0 0 0 80 1 0 0 0 1 0 0 0 1 3031.dat
1 0 0 0 -70 -1 0 0 0 1 0 0 0 -1 4442.dat
1 0 0 -8 -50 0 0 -1 0 1 0 1 0 0 3021.dat
1 0 0 -16 -50 0 0 -1 0 1 0 1 0 0 3021.dat
1 0 -30 -24 40 0 0 -1 0 1 0 1 0 0 3895.dat
1 0 0 -24 -40 0 0 -1 0 1 0 1 0 0 3022.dat
1 7 0 -14 140 0 0 -1 0 1 0 1 0 0 3713.dat
1 0 0 -14 140 1 0 0 0 1 0 0 0 1 3705.dat
1 0 0 -60.17 159.745 -1 0 0 0 0.407 0.914 0 0.914 -0.407 2738.dat
1 0 0 -24 -70 1 0 0 0 1 0 0 0 1 2436.dat
1 0 30 -24 40 0 0 -1 0 1 0 1 0 0 3895.dat
1 7 70 -24 -70 1 0 0 0 1 0 0 0 1 4261.dat
1 7 -70 -24 -70 1 0 0 0 1 0 0 0 1 4261.dat
1 7 80 -14 -70 1 0 0 0 1 0 0 0 1 3749.dat
1 7 -80 -14 -71 -1 0 0 0 1 0 0 0 -1 3749.dat
1 7 -70 -24 -31 0 0 1 1 0 0 0 1 0 3749.dat
1 7 70 -24 -31 0 0 1 1 0 0 0 1 0 3749.dat
1 0 0 -32 -11 -1 0 0 0 1 0 0 0 -1 3710.dat
1 0 0 -32 99 -1 0 0 0 1 0 0 0 -1 3020.dat
1 0 30 -32 149 0 0 1 0 1 0 -1 0 0 3623.dat
1 0 -30 -32 149 0 0 1 0 1 0 -1 0 0 3623.dat
1 0 30 -40 150 1 0 0 0 1 0 0 0 1 3024.dat
1 0 30 -40 130 0 0 -1 0 1 0 1 0 0 4081.dat
1 0 -30 -40 140 0 0 -1 0 1 0 1 0 0 3023.dat
1 0 0 -32 -30 1 0 0 0 1 0 0 0 1 2792.dat
1 0 0 -46 -30 1 0 0 0 0.866 -0.5 0 0.5 0.866 2791.dat
1 0 30 -64 150 0 0 -1 0 1 0 1 0 0 4070.dat
1 0 30 -64 130 0 0 -1 0 1 0 1 0 0 4070.dat
1 0 -30 -64 130 0 0 1 0 1 0 -1 0 0 4070.dat
1 0 -30 -64 150 0 0 1 0 1 0 -1 0 0 4070.dat
0 !LEOCAD SYNTH BEGIN
0 !LEOCAD SYNTH CONTROL_POINT 0 110 0 1 0 0 0 1 0 0 0 1 1
0 !LEOCAD SYNTH CONTROL_POINT 0 0 0 1 0 0 0 1 0 0 0 1 1
1 7 0 21.575 171.33 0 0 1 0 -1 0 1 0 0 73129.dat
0 !LEOCAD SYNTH END
1 0 0 -88.047 171.764 -1 0 0 0 -0.993 -0.122 0 -0.122 0.993 3707.dat
1 7 -30 -88.047 171.764 0 0 1 -0.122 -0.993 0 0.993 -0.122 0 3713.dat
1 7 -50 -88.047 171.764 0 0 -1 0.122 -0.993 0 -0.993 -0.122 0 3713.dat
1 7 30 -88.047 171.764 0 0 -1 0.122 -0.993 0 -0.993 -0.122 0 3713.dat
1 7 50 -88.047 171.764 0 0 1 -0.122 -0.993 0 0.993 -0.122 0 3713.dat
1 7 44 -54.047 140.764 0 -1 0 0 0 -1 1 0 0 2412.dat
1 7 -44 -54.047 140.764 0 1 0 0 0 -1 -1 0 0 2412.dat
1 7 0 -46.047 -30.236 -1 0 0 0 1 0 0 0 -1 2790.dat
1 0 0 -71.047 -23.236 0 0 1 0.5 0.866 0 -0.866 0.5 0 3705.dat
1 0 0 -14.047 39.764 -1 0 0 0 -0.242 0.97 0 0.97 0.242 3706.dat
1 0 0 21.953 170.764 -1 0 0 0 1 0 0 0 -1 3707.dat
1 7 42 -54.047 98.764 -1 0 0 0 1 0 0 0 -1 3673.dat
1 0 30 -14.047 -92.236 0 0 -1 -1 0 0 0 1 0 2420.dat
1 7 0 -62.047 -40.236 -1 0 0 0 0.866 0.5 0 0.5 -0.866 3647.dat
1 4 0 -32.047 88.764 1 0 0 0 1 0 0 0 1 2717.dat
1 7 -42 -54.047 98.764 -1 0 0 0 1 0 0 0 -1 3673.dat
1 0 -30 -14.047 -92.236 1 0 0 0 0 -1 0 1 0 2420.dat
1 0 51 -34.047 88.764 0 0 1 1 0 0 0 1 0 3701.dat
1 15 40 -24.047 -100.236 -1 0 0 0 0 1 0 1 0 4150.dat
1 7 0 -84.047 -1.236 -1 0 0 0 0.866 0.5 0 0.5 -0.866 4185.dat
1 7 56 21.953 170.764 0 0 1 0 1 0 -1 0 0 4265.dat
1 7 50 -14.047 39.764 0 0 -1 -0.875 -0.485 0 -0.485 0.875 0 4273.dat
1 7 -50 -14.047 39.764 0 0 1 -0.875 0.485 0 -0.485 -0.875 0 4273.dat
1 7 -56 21.953 170.764 0 0 -1 0 1 0 1 0 0 4265.dat
1 0 -51 -34.047 88.764 0 0 1 1 0 0 0 1 0 3701.dat
1 15 -40 -24.047 -100.236 -1 0 0 0 0 1 0 1 0 4150.dat
1 0 71 -4.992 139.97 0 0 -1 0.454 0.891 0 0.891 -0.454 0 3894.dat
1 0 -71 -4.992 139.97 0 0 -1 0.454 0.891 0 0.891 -0.454 0 3894.dat
1 7 -81 12.953 153.764 -1 0 0 0 1 0 0 0 -1 3749.dat
1 7 81 12.953 153.764 1 0 0 0 1 0 0 0 1 3749.dat
1 7 70 -78.559 154.06 1 0 0 0 -0.875 0.485 0 -0.485 -0.875 4273.dat
1 7 70 -23.047 34.764 0 0 1 -0.866 0.5 0 -0.5 -0.866 0 4274.dat
1 0 70 -50.691 105.846 0 0 -1 -0.485 0.875 0 0.875 0.485 0 3706.dat
1 0 0 -14.047 99.764 1 0 0 0 1 0 0 0 1 3737.dat
1 7 70 -23.871 57.462 0 -1 0 0.875 0 -0.485 0.485 0 0.875 4273.dat
1 0 -70 -50.691 105.846 0 0 -1 -0.485 0.875 0 0.875 0.485 0 3706.dat
1 7 -70 -78.559 154.06 -1 0 0 0 0.875 0.485 0 0.485 -0.875 4273.dat
1 7 -70 -23.871 57.462 0 -1 0 0.875 0 -0.485 0.485 0 0.875 4273.dat
1 7 -74 -88.047 171.764 0 0 1 0.122 0.993 0 -0.993 0.122 0 4265.dat
1 7 74 -88.047 171.764 0 0 -1 -0.139 0.99 0 0.99 0.139 0 4265.dat
1 7 -70 -23.047 34.764 0 0 1 -0.866 0.5 0 -0.5 -0.866 0 4274.dat
1 14 90 -14.047 -70.236 0 0 -1 0 1 0 1 0 0 3482.dat
1 256 90 -14.047 -70.236 0 0 -1 0 1 0 1 0 0 2346.dat
1 14 91 12.953 153.764 0 0 -1 0 1 0 1 0 0 3482.dat
1 256 91 12.953 153.764 0 0 -1 0 1 0 1 0 0 2346.dat
1 7 91 -14.047 99.764 0 0 -1 0 -1 0 -1 0 0 3713.dat
1 14 -92 12.953 153.764 0 0 1 0 1 0 -1 0 0 3482.dat
1 256 -92 12.953 153.764 0 0 1 0 1 0 -1 0 0 2346.dat
1 7 -91 -14.047 100.764 0 0 1 0 -1 0 1 0 0 3713.dat
1 14 -90 -14.047 -70.236 0 0 1 0 1 0 -1 0 0 3482.dat
1 256 -90 -14.047 -70.236 0 0 1 0 1 0 -1 0 0 2346.dat
1 16 50 -38.047 151.764 0 0 -1 1 0 0 0 -1 0 752.dat
1 16 50 -38.047 151.764 0 0 1 1 0 0 0 1 0 755.dat
1 16 -30 -50.047 168.764 -0.017452 0 -0.999848 0 1 0 0.999848 0 -0.017452 752.dat
1 16 -30 -50.047 168.764 -0.017452 0 0.999848 0 -1 0 0.999848 0 0.017452 755.dat
1 16 49.9849 -38.0582 157.7558 -0.000043 0.007603 -0.999971 0.999984 0.005641 0 0.005641 -0.999955 -0.007604 754.dat
1 16 49.9378 -38.0931 160.4889 -0.00029 0.022702 -0.999742 0.999859 0.016788 0.000091 0.016786 -0.999601 -0.022704 754.dat
1 16 49.8585 -38.1515 162.9706 -0.000301 0.035839 -0.999358 0.999651 0.026418 0.000646 0.026424 -0.999008 -0.035834 754.dat
1 16 49.7449 -38.2351 165.4501 -0.000093 0.049946 -0.998752 0.999325 0.036702 0.001742 0.036743 -0.998077 -0.049916 754.dat
1 16 49.5906 -38.3482 167.9263 0.000301 0.067335 -0.99773 0.998777 0.049299 0.003628 0.049431 -0.996512 -0.067238 754.dat
1 16 49.3969 -38.4896 170.3982 0.00103 0.082517 -0.996589 0.998167 0.060219 0.006018 0.06051 -0.994769 -0.082304 754.dat
1 16 49.1552 -38.6655 172.8636 0.001878 0.103644 -0.994613 0.997112 0.075319 0.009731 0.075922 -0.991759 -0.103203 754.dat
1 16 48.8614 -38.8783 175.3203 0.003023 0.124541 -0.99221 0.995827 0.09013 0.014347 0.091214 -0.988112 -0.123749 754.dat
1 16 48.5077 -39.1334 177.7651 0.004225 0.149999 -0.988677 0.993934 0.108021 0.020637 0.109894 -0.982767 -0.148633 754.dat
1 16 48.0949 -39.4297 180.1959 0.005863 0.173111 -0.984885 0.99188 0.124118 0.027721 0.12704 -0.97705 -0.170978 754.dat
1 16 47.6136 -39.7734 182.6076 0.007268 0.202627 -0.979229 0.988803 0.144507 0.037241 0.149052 -0.968535 -0.199308 754.dat
1 16 47.0592 -40.1673 184.9957 0.00885 0.232029 -0.972669 0.985178 0.164615 0.048232 0.171307 -0.958678 -0.227133 754.dat
1 16 46.4221 -40.6173 187.3531 0.009818 0.266911 -0.963671 0.980156 0.188242 0.062123 0.197985 -0.945158 -0.259766 754.dat
1 16 45.6719 -41.1431 189.6606 0.007726 0.316998 -0.948395 0.971662 0.221688 0.082015 0.236246 -0.922153 -0.306302 754.dat
1 16 44.826 -41.7323 191.9196 0.008153 0.350661 -0.936467 0.964681 0.243824 0.099699 0.263293 -0.904205 -0.336288 754.dat
1 16 43.8593 -42.4 194.1058 0.002042 0.405736 -0.913988 0.951794 0.279561 0.126228 0.306731 -0.870186 -0.385606 754.dat
1 16 42.768 -43.1476 196.2061 -0.004334 0.453797 -0.891095 0.93822 0.31018 0.153399 0.346011 -0.835378 -0.427106 754.dat
1 16 41.5287 -43.9878 198.1844 -0.02115 0.518297 -0.854939 0.9172 0.350362 0.189712 0.397866 -0.780138 -0.482792 754.dat
1 16 40.1421 -44.9181 200.0191 -0.040451 0.575623 -0.816714 0.894542 0.385018 0.227057 0.445149 -0.721401 -0.530493 754.dat
1 16 38.6037 -45.9377 201.6747 -0.071288 0.638514 -0.766302 0.865321 0.421711 0.270887 0.496123 -0.643786 -0.582582 754.dat
1 16 36.9204 -47.0389 203.1233 -0.108058 0.695181 -0.710666 0.833407 0.453072 0.316479 0.541993 -0.558076 -0.628327 754.dat
1 16 35.1048 -48.2096 204.3369 -0.153749 0.74725 -0.646512 0.797953 0.479792 0.364789 0.58278 -0.459801 -0.670038 754.dat
1 16 33.1764 -49.4336 205.2978 -0.203835 0.789916 -0.578346 0.761756 0.499048 0.413133 0.614962 -0.356348 -0.703447 754.dat
1 16 31.1599 -50.6919 205.9997 -0.255682 0.822283 -0.508406 0.726342 0.510445 0.460297 0.638008 -0.251587 -0.72777 754.dat
1 16 29.0807 -51.9654 206.4475 -0.306069 0.844365 -0.439738 0.69309 0.514289 0.505107 0.652647 -0.15018 -0.742629 754.dat
1 16 26.9636 -53.2385 206.6713 -0.346993 0.856417 -0.38229 0.663752 0.512225 0.545031 0.662593 -0.064624 -0.746187 754.dat
1 16 24.8252 -54.4961 206.665 -0.394672 0.863148 -0.314975 0.634902 0.503991 0.58557 0.664179 0.03113 -0.746926 754.dat
1 16 22.6806 -55.728 206.455 -0.430496 0.863623 -0.262351 0.609761 0.492578 0.620933 0.665481 0.107338 -0.738656 754.dat
1 16 20.9382 -56.6995 206.12 -0.475073 0.858627 -0.192525 0.587517 0.472389 0.657019 0.65508 0.19902 -0.728876 756.dat
1 16 17.4887 -58.5848 205.2647 -0.503338 -0.85012 0.154748 0.543651 -0.450761 -0.707996 0.671636 -0.272233 0.689054 754.dat
1 16 15.3834 -59.6903 204.551 -0.525678 -0.842046 0.12092 0.523077 -0.432049 -0.734659 0.67086 -0.322944 0.667573 754.dat
1 16 13.2981 -60.7497 203.7177 -0.543491 -0.834051 0.094743 0.502536 -0.413701 -0.759151 0.672366 -0.364979 0.643983 754.dat
1 16 11.2323 -61.7641 202.7854 -0.557822 -0.826551 0.075146 0.481559 -0.396072 -0.78181 0.67597 -0.399924 0.618971 754.dat
1 16 9.1851 -62.7342 201.7684 -0.570901 -0.818985 0.057761 0.46078 -0.377841 -0.803068 0.679525 -0.431857 0.593081 754.dat
1 16 7.1571 -63.657 200.6719 -0.584167 -0.810752 0.037827 0.441798 -0.356731 -0.823139 0.680855 -0.464139 0.566579 754.dat
1 16 5.1488 -64.5285 199.4998 -0.594572 -0.803688 0.023883 0.421888 -0.337126 -0.841639 0.684467 -0.490339 0.539512 754.dat
1 16 2.9588 -65.4291 198.1346 -0.604428 -0.796603 0.009465 0.403083 -0.316047 -0.858859 0.687162 -0.515303 0.512125 754.dat
1 16 0.7875 -66.2721 196.7043 -0.61553 -0.787966 -0.015236 0.389939 -0.287693 -0.874746 0.684887 -0.544373 0.484342 754.dat
1 16 -1.1652 -66.9699 195.3376 -0.622649 -0.782002 -0.027971 0.372864 -0.265077 -0.889217 0.687955 -0.564099 0.45663 754.dat
1 16 -3.1036 -67.6125 193.9243 -0.628651 -0.776791 -0.037334 0.354969 -0.243898 -0.902502 0.69195 -0.580611 0.429064 754.dat
1 16 -5.0278 -68.1948 192.4662 -0.635384 -0.769713 -0.061882 0.345998 -0.212139 -0.913938 0.690342 -0.602113 0.401109 754.dat
1 16 -6.9354 -68.7 190.9583 -0.64002 -0.764057 -0.081187 0.335593 -0.182923 -0.924076 0.691196 -0.618673 0.373486 754.dat
1 16 -8.8291 -69.1313 189.4106 -0.64353 -0.758558 -0.102272 0.327296 -0.151924 -0.932629 0.691915 -0.633648 0.346041 754.dat
1 16 -10.7084 -69.4815 187.8259 -0.645555 -0.752451 -0.130678 0.324413 -0.115273 -0.938866 0.691386 -0.648483 0.31852 754.dat
1 16 -12.5731 -69.7425 186.2069 -0.646551 -0.746973 -0.154931 0.320068 -0.081262 -0.943903 0.69248 -0.65987 0.291622 754.dat
1 16 -14.4223 -69.9057 184.5578 -0.642772 -0.738643 -0.203101 0.331462 -0.029143 -0.943018 0.690636 -0.673466 0.263564 754.dat
1 16 -16.2506 -69.9388 182.878 -0.635545 -0.730066 -0.25117 0.343722 0.023752 -0.938771 0.69133 -0.682964 0.235845 754.dat
1 16 -18.0558 -69.834 181.1768 -0.622055 -0.719173 -0.309578 0.362856 0.085575 -0.927908 0.693818 -0.689542 0.207724 754.dat
1 16 -19.8313 -69.5678 179.4625 -0.59967 -0.704685 -0.37923 0.388509 0.157931 -0.90781 0.699612 -0.69172 0.17907 754.dat
1 16 -21.5636 -69.1009 177.749 -0.55545 -0.680517 -0.477883 0.42828 0.258487 -0.865887 0.712778 -0.685625 0.147875 754.dat
1 16 -23.2321 -68.3871 176.0582 -0.504259 -0.651786 -0.566479 0.456616 0.355532 -0.815536 0.732956 -0.669905 0.118335 754.dat
1 16 -24.8168 -67.4156 174.4196 -0.427893 -0.606775 -0.669874 0.47997 0.475465 -0.737267 0.765857 -0.636991 0.087786 754.dat
1 16 -26.2666 -66.123 172.8879 -0.315443 -0.530711 -0.786665 0.478297 0.627067 -0.614832 0.81959 -0.570204 0.056034 754.dat
1 16 -27.5145 -64.4675 171.5405 -0.209102 -0.437289 -0.874674 0.431776 0.76125 -0.483805 0.877409 -0.478828 0.029632 754.dat
1 16 -28.5228 -62.5015 170.4319 -0.124114 -0.334055 -0.934346 0.350694 0.866089 -0.356235 0.928229 -0.371883 0.009657 754.dat
1 16 -29.2686 -60.2955 169.5986 -0.062123 -0.221742 -0.973124 0.243127 0.942275 -0.230234 0.968003 -0.250896 -0.004626 754.dat
1 16 -29.7327 -57.9222 169.0721 -0.026367 -0.104984 -0.994124 0.118594 0.987119 -0.107389 0.992593 -0.120729 -0.013577 754.dat
1 16 -29.9382 -55.6242 168.8356 -0.018527 -0.039115 -0.999063 0.044599 0.998208 -0.039909 0.998833 -0.045296 -0.016749 754.dat
