0 Main
0 Name: 6647 - Highway Repair.mpd
0 Author: LTRON
1 1 0 0 0 1 0 0 0 1 0 0 0 1 3020.dat
1 1 20 -8 0 1 0 0 0 1 0 0 0 1 3020.dat
1 1 50 0 0 0 0 1 0 1 0 -1 0 0 3023.dat
1 0 50 -16 0 0 0 1 0 1 0 -1 0 0 3023.dat
1 1 30 -16 0 0 0 1 0 1 0 -1 0 0 3794.dat
1 14 -40 -8 0 0 0 -1 0 1 0 1 0 0 4079.dat
1 1 10 -32 0 0 0 -1 0 1 0 1 0 0 3004.dat
1 7 30 -24 0 0 0 -1 0 1 0 1 0 0 3024.dat
1 1 50 -24 0 0 0 -1 0 1 0 1 0 0 3023.dat
1 0 50 -32 10 -1 0 0 0 1 0 0 0 -1 4081.dat
1 0 50 -32 -10 1 0 0 0 1 0 0 0 1 4081.dat
1 46 60 -30 30 0 -1 0 0 0 1 -1 0 0 3024.dat
1 46 60 -30 -30 0 -1 0 0 0 1 -1 0 0 3024.dat
1 7 30 -32 0 1 0 0 0 1 0 0 0 1 3070.dat
1 1 30 -40 0 1 0 0 0 1 0 0 0 1 3021.dat
1 0 40 8 0 1 0 0 0 1 0 0 0 1 4032.dat
1 1 -60 0 0 0 0 1 0 1 0 -1 0 0 3730.dat
1 0 -40 8 0 0 0 1 0 1 0 -1 0 0 122.dat
1 0 40 16 0 0 0 1 0 1 0 -1 0 0 122.dat
1 256 -40 14 35 0 1 0 -1 0 0 0 0 1 4084.dat
1 256 -40 14 -31 0 1 0 -1 0 0 0 0 1 4084.dat
1 256 40 22 31 0 1 0 -1 0 0 0 0 1 3641.dat
1 256 40 22 -31 0 1 0 -1 0 0 0 0 1 3641.dat
1 7 30 -64 -10 1 0 0 0 1 0 0 0 1 3062.dat
1 0 -157.55 8 -39 0.866 0 -0.5 0 1 0 0.5 0 0.866 3795.dat
1 1 -114.25 0 -14 -0.5 0 -0.866 0 1 0 0.866 0 -0.5 3184.dat
1 1 -157.55 -8 -39 -0.5 0 -0.866 0 1 0 0.866 0 -0.5 3788.dat
1 1 -131.57 0 -24 -0.5 0 -0.866 0 1 0 0.866 0 -0.5 3710.dat
1 1 -192.19 0 -59 -0.5 0 -0.866 0 1 0 0.866 0 -0.5 3020.dat
1 0 -195.85 -8 -72.66 0.5 0 0.866 0 1 0 -0.866 0 0.5 4085.dat
1 1 -177.19 -8 -84.98 -0.866 0 0.5 0 1 0 -0.5 0 -0.866 3023.dat
1 0 -205.85 -8 -55.34 0.5 0 0.866 0 1 0 -0.866 0 0.5 4085.dat
1 1 -207.19 -8 -33.02 -0.866 0 0.5 0 1 0 -0.5 0 -0.866 3023.dat
1 1 -137.91 -8 6.98 -0.866 0 0.5 0 1 0 -0.5 0 -0.866 3023.dat
1 1 -114.25 -8 -14 0.5 0 0.866 0 1 0 -0.866 0 0.5 3023.dat
1 1 -107.91 -8 -44.98 -0.866 0 0.5 0 1 0 -0.5 0 -0.866 3023.dat
1 1 -200.85 -16 -64 0.5 0 0.866 0 1 0 -0.866 0 0.5 3710.dat
1 1 -114.25 -16 -14 0.5 0 0.866 0 1 0 -0.866 0 0.5 3710.dat
1 1 -142.55 -16 -64.98 0.866 0 -0.5 0 1 0 0.5 0 0.866 3710.dat
1 1 -172.55 -16 -13.02 0.866 0 -0.5 0 1 0 0.5 0 0.866 3710.dat
1 8 -223.17 -6 -65.34 -0.5 0 -0.866 0 1 0 0.866 0 -0.5 3841.dat
1 8 -213.17 -14 -82.66 -0.5 0 -0.866 0 1 0 0.866 0 -0.5 3837.dat
1 4 -152.55 -48 -47.66 0.866 0 -0.5 0 1 0 0.5 0 0.866 4083.dat
1 15 -179.87 -8 -40.34 -0.5 0 -0.866 0 1 0 0.866 0 -0.5 3351ap03.dat
1 0 -157.55 16 -39 -0.5 0 -0.866 0 1 0 0.866 0 -0.5 122.dat
1 256 -173.05 22 -12.154 0 -0.866 -0.5 1 0 0 0 -0.5 0.866 3641.dat
1 256 -142.05 22 -65.846 0 -0.866 -0.5 1 0 0 0 -0.5 0.866 3641.dat
