0 Main
0 Name: 8256-1 - Go-Kart.mpd
0 Author: LTRON
1 0 0 -40 0 0 1 0 0 0 1 1 0 0 60484.dat
1 0 10 0 0 1 0 0 0 1 0 0 0 1 2780.dat
1 0 20 0 -60 0 -1 0 1 0 0 0 0 1 40490.dat
1 0 10 0 -40 1 0 0 0 1 0 0 0 1 2780.dat
1 72 0 -20 -40 0 1 0 0 0 1 1 0 0 32523.dat
1 71 -20 0 20 -1 0 0 0 0 -1 0 -1 0 44294.dat
1 72 50 0 20 0 0 1 -1 0 0 0 -1 0 59443.dat
1 0 90 0 20 1 0 0 0 0 1 0 -1 0 3705.dat
1 71 -20 0 20 0 0 -1 0 -1 0 -1 0 0 4019.dat
1 71 20 -40 -20 0 0 -1 1 0 0 0 -1 0 48989.dat
1 71 50 -66 -20 0 0 -1 0 1 0 1 0 0 2850.dat
1 71 -10 0 -20 -1 0 0 0 0.574 -0.819 0 -0.819 -0.574 32073.dat
1 71 50 0 -20 0 0 1 0.819 -0.574 0 0.574 0.819 0 2853.dat
1 71 80 -8.192 -25.736 0 0 1 -0.819 0.574 0 -0.574 -0.819 0 2853.dat
1 71 50 -8.192 -25.736 0 0 1 -0.143 0.99 0 -0.99 -0.143 0 2852.dat
1 14 50 -47.82 -20 0 0 1 0 1 0 -1 0 0 2851.dat
1 71 -20 0 -20 0 0 -1 0.574 -0.819 0 -0.819 -0.574 0 4019.dat
1 1 20 0 -60 -1 0 0 0 0 1 0 1 0 6558.dat
1 1 20 0 -80 1 0 0 0 0 1 0 -1 0 6558.dat
1 71 50 0 -60 -1 0 0 0 -1 0 0 0 1 62462.dat
1 71 -10 0 -60 -1 0 0 0 -1 0 0 0 1 62462.dat
1 0 20 -38.641 -69.639 1 0 0 0 0.966 0.259 0 -0.259 0.966 3705.dat
1 1 -15 -0.001 -79.999 0 1 0 -0.259 0 -0.966 -0.966 0 0.259 32249.dat
1 72 -10 -5.181 -99.319 -1 0 0 0 0.966 -0.259 0 -0.259 -0.966 32002.dat
1 1 0 -77.281 -59.279 0 -1 0 -0.259 0 0.966 -0.966 0 -0.259 32526.dat
1 1 20 -77.281 -59.279 1 0 0 0 -0.259 0.966 0 -0.966 -0.259 6558.dat
1 71 10 -96.601 -54.099 0 1 0 0.259 0 0.966 0.966 0 -0.259 2825.dat
1 71 30 -96.601 -54.099 0 -1 0 -0.259 0 0.966 -0.966 0 -0.259 2825.dat
1 1 40 -77.274 -59.294 0 -1 0 -0.259 0 0.966 -0.966 0 -0.259 32526.dat
1 72 50 -5.176 -99.319 1 0 0 0 -0.259 0.966 0 -0.966 -0.259 32002.dat
1 1 55 0 -80 0 1 0 -0.259 0 -0.966 -0.966 0 0.259 32249.dat
1 0 -40 0 -80 0 -1 0 1 0 0 0 0 1 32525.dat
1 71 -40 0 -60 1 0 0 0 1 0 0 0 1 32054.dat
1 71 -40 0 -180 1 0 0 0 1 0 0 0 1 32054.dat
1 1 -60 0 -80 -1 0 0 0 -1 0 0 0 1 6558.dat
1 0 -30 0 -160 -1 0 0 0 -1 0 0 0 1 2780.dat
1 1 -70 0 -180 1 0 0 0 1 0 0 0 1 43093.dat
1 1 -70 0 -60 1 0 0 0 1 0 0 0 1 43093.dat
1 71 -80 -20 -70 0 0 1 0 1 0 -1 0 0 32557.dat
1 0 -80 -40 -60 0 0 1 0 -1 0 1 0 0 2780.dat
1 27 -80 -19.319 -185.176 0 0 -1 -0.259 0.966 0 0.966 0.259 0 6536.dat
1 0 -20 0 -220 0 -1 0 1 0 0 0 0 1 40490.dat
1 1 -10 0 -200 1 0 0 0 1 0 0 0 1 43093.dat
1 71 0 0 -200 0 -1 0 1 0 0 0 0 1 2825.dat
1 71 20 0 -140 -1 0 0 0 0 1 0 1 0 60485.dat
1 71 -60 0 -140 0 0 1 0 -1 0 1 0 0 32039.dat
1 4 -80 0 -150 0 0 1 0 -1 0 1 0 0 32062.dat
1 72 -80 0 -160 0 -1 0 0 0 -1 1 0 0 32291.dat
1 0 5 -45.082 -161.625 0 -1 0 -0.432 0 -0.902 0.902 0 -0.432 32063.dat
1 71 -20 0 -300 -1 0 0 0 -0.966 -0.259 0 -0.259 0.966 32054.dat
1 71 20 0 -300 -1 0 0 0 -0.966 -0.259 0 -0.259 0.966 4519.dat
1 0 20 -67.806 -183.616 0 0 1 0.432 0.902 0 -0.902 0.432 0 3705.dat
1 71 20 -86.836 -143.944 -1 0 0 0 0.432 -0.902 0 -0.902 -0.432 2819.dat
1 27 20 -90.163 -183.25 -1 0 0 0 0.905 0.425 0 0.425 -0.905 6536.dat
1 71 20 -63.481 -192.633 -1 0 0 0 0.902 0.432 0 0.432 -0.902 3713.dat
1 72 20 -54.831 -210.665 0 0 -1 -0.432 0.902 0 0.902 0.432 0 6553.dat
1 71 20 -90.163 -183.25 1 0 0 0 0.905 -0.425 0 0.425 0.905 32073.dat
1 0 35 -45.082 -161.625 0 -1 0 0.432 0 0.902 -0.902 0 0.432 32063.dat
1 71 40 0 -200 0 1 0 -1 0 0 0 0 1 2825.dat
1 1 50 0 -200 -1 0 0 0 -1 0 0 0 1 43093.dat
1 72 20 -81.664 -201.354 0 1 0 0.905 0 0.425 0.425 0 -0.905 6629.dat
1 71 20 19.583 -304.063 -1 0 0 0 -0.203 -0.979 0 -0.979 0.203 4519.dat
1 71 60 0 -300 1 0 0 0 0.966 -0.259 0 0.259 0.966 32054.dat
1 71 20 -81.664 -201.354 -1 0 0 0 -0.905 -0.425 0 -0.425 0.905 4519.dat
1 27 35 -64.665 -237.562 0 -1 0 0.905 0 -0.425 0.425 0 0.905 6632.dat
1 27 5 -64.665 -237.562 0 -1 0 0.905 0 -0.425 0.425 0 0.905 6632.dat
1 0 60 0 -220 0 1 0 1 0 0 0 0 -1 40490.dat
1 0 70 0 -160 -1 0 0 0 1 0 0 0 -1 2780.dat
1 0 80 0 -80 0 -1 0 -1 0 0 0 0 -1 32525.dat
1 71 100 0 20 0 0 -1 -1 0 0 0 1 0 3713.dat
1 71 80 0 -180 -1 0 0 0 0 1 0 1 0 32054.dat
1 71 80 0 -60 -1 0 0 0 0 1 0 1 0 32054.dat
1 1 100 0 -80 1 0 0 0 0 -1 0 1 0 6558.dat
1 1 110 0 -180 -1 0 0 0 0 1 0 1 0 43093.dat
1 1 110 0 -60 -1 0 0 0 0 1 0 1 0 43093.dat
1 27 120 -19.319 -185.176 0 0 -1 -0.259 0.966 0 0.966 0.259 0 6536.dat
1 71 120 -20 -70 0 0 1 0 1 0 -1 0 0 32557.dat
1 71 100 0 -140 0 0 -1 0 1 0 1 0 0 32039.dat
1 72 120 0 -160 0 1 0 0 0 1 1 0 0 32291.dat
1 4 120 0 -150 0 0 -1 0 1 0 1 0 0 32062.dat
1 0 70 0 -270 0 -1 0 -1 0 0 0 0 -1 32069.dat
1 0 -30 0 -270 0 1 0 1 0 0 0 0 -1 32069.dat
1 0 120 -40 -60 0 -1 0 0 0 1 -1 0 0 2780.dat
1 0 100 -10 -250 -1 0 0 0 1 0 0 0 -1 32068.dat
1 0 -60 -10 -250 -1 0 0 0 1 0 0 0 -1 32068.dat
1 19 100 -10 -230 0 1 0 1 0 0 0 0 -1 3749.dat
1 19 -60 -10 -230 0 1 0 1 0 0 0 0 -1 3749.dat
1 19 110 0 -270 1 0 0 0 -1 0 0 0 -1 3749.dat
1 19 -70 0 -270 -1 0 0 0 1 0 0 0 -1 3749.dat
1 0 20 -20 -230 0 0 -1 0 -1 0 -1 0 0 40490.dat
1 1 0 -30 -230 0 -1 0 -1 0 0 0 0 -1 43093.dat
1 1 40 -30 -230 0 -1 0 -1 0 0 0 0 -1 43093.dat
1 0 0 -35 -190 -1 0 0 0 1 0 0 0 -1 6632.dat
1 0 40 -35 -190 -1 0 0 0 1 0 0 0 -1 6632.dat
1 0 0 -45 -230 0 0 1 0 -1 0 1 0 0 6632.dat
1 72 45 -81.664 -201.354 0 -1 0 0.905 0 -0.425 0.425 0 0.905 41677.dat
1 72 -5 -81.664 -201.354 0 -1 0 0.905 0 -0.425 0.425 0 0.905 41677.dat
1 71 60 -81.664 -201.354 -1 0 0 0 0.905 0.425 0 0.425 -0.905 32039.dat
1 71 -20 -81.664 -201.354 -1 0 0 0 0.905 0.425 0 0.425 -0.905 32039.dat
1 71 20 -19.583 -295.937 -1 0 0 0 0.905 0.425 0 0.425 -0.905 4519.dat
1 27 0 -19.583 -295.937 -1 0 0 0 -0.905 -0.425 0 -0.425 0.905 6536.dat
1 0 0 -33.437 -313.489 0 -1 0 -0.425 0 -0.905 0.905 0 -0.425 2780.dat
1 27 40 -19.583 -295.937 -1 0 0 0 -0.905 -0.425 0 -0.425 0.905 6536.dat
1 0 40 -33.437 -313.489 0 -1 0 -0.425 0 -0.905 0.905 0 -0.425 2780.dat
1 27 20 -29.188 -322.541 0 0 -1 -0.905 -0.425 0 -0.425 0.905 0 32523.dat
1 71 0 19.583 -304.063 0 -1 0 -0.979 0 -0.203 0.203 0 -0.979 2825.dat
1 71 20 7.395 -362.812 1 0 0 0 -0.203 0.979 0 -0.979 -0.203 32073.dat
1 71 -40 7.395 -362.812 0 -0.383 0.924 -0.979 -0.188 -0.078 0.203 -0.905 -0.375 32016.dat
1 71 20 7.395 -362.812 1 0 0 0 -0.999 0.046 0 -0.046 -0.999 62462.dat
1 71 40 19.583 -304.063 0 1 0 0.979 0 -0.203 -0.203 0 -0.979 2825.dat
1 71 80 7.395 -362.812 0 0.383 -0.924 0.979 -0.188 -0.078 -0.203 -0.905 -0.375 32016.dat
1 4 -67.716 9.727 -351.571 0.924 -0.383 0 -0.078 -0.188 0.979 -0.375 -0.905 -0.203 32062.dat
1 4 107.716 9.727 -351.571 0.924 0.383 0 0.078 -0.188 0.979 0.375 -0.905 -0.203 32062.dat
1 71 -76.955 10.504 -347.824 -0.383 0.924 0 -0.188 -0.078 -0.979 -0.905 -0.375 0.203 60483.dat
1 71 116.955 10.504 -347.824 0.383 0.924 0 -0.188 0.078 -0.979 -0.905 0.375 0.203 60483.dat
1 0 -40 -2.397 -360.78 0 1 0 0.979 0 -0.203 -0.203 0 -0.979 2780.dat
1 0 80 -2.397 -360.78 0 1 0 0.979 0 -0.203 -0.203 0 -0.979 2780.dat
1 27 20 -12.188 -358.749 0 0 -1 -0.203 -0.979 0 -0.979 0.203 0 32524.dat
1 0 140 10 -170 0 0 1 -1 0 0 0 -1 0 2780.dat
1 0 140 10 -150 0 0 1 -1 0 0 0 -1 0 2780.dat
1 27 140 20 -130 1 0 0 0 1 0 0 0 1 32524.dat
1 27 120 10 -60 -1 0 0 0 1 0 0 0 -1 32527.dat
1 1 70 -40 0 1 0 0 0 -0.707 -0.707 0 0.707 -0.707 43093.dat
1 71 80 -54.142 14.142 -1 0 0 0 -0.707 -0.707 0 -0.707 0.707 32039.dat
1 1 80 -61.213 21.213 0 0 -1 0.707 -0.707 0 -0.707 -0.707 0 43093.dat
1 71 80 -75.355 35.355 0 0 -1 0.707 -0.707 0 -0.707 -0.707 0 62462.dat
1 0 -100 10 -150 0 -0.707 -0.707 -1 0 0 0 0.707 -0.707 2780.dat
1 0 -100 10 -170 0 -0.707 -0.707 -1 0 0 0 0.707 -0.707 2780.dat
1 27 -100 20 -130 -1 0 0 0 -1 0 0 0 1 32524.dat
1 71 -60 0 20 0 0 1 0 1 0 -1 0 0 3713.dat
1 27 -80 10 -60 -1 0 0 0 1 0 0 0 -1 32528.dat
1 0 -90 0 20 0 0 1 0 1 0 -1 0 0 55982.dat
1 256 -90 0 20 0 0 1 0 1 0 -1 0 0 58090.dat
1 0 130 0 20 0 0 -1 0 1 0 1 0 0 55982.dat
1 256 130 0 20 0 0 -1 0 1 0 1 0 0 58090.dat
1 0 130 0 -270 0 0 -1 0 1 0 1 0 0 55982.dat
1 256 130 0 -270 0 0 -1 0 1 0 1 0 0 58090.dat
1 0 -90 0 -270 0 0 1 0 1 0 -1 0 0 55982.dat
1 256 -90 0 -270 0 0 1 0 1 0 -1 0 0 58090.dat
