0 Main
0 Name: 7737 - Coast Guard 4WD  Jet Scooter.mpd
0 Author: LTRON
1 72 0 0 0 0 0 -1 0 1 0 1 0 0 52036.dat
1 71 30 16 20 0 0 -1 0 1 0 1 0 0 32028.dat
1 71 30 16 -20 0 0 -1 0 1 0 1 0 0 32028.dat
1 71 -30 16 20 0 0 1 0 1 0 -1 0 0 32028.dat
1 71 -30 16 -20 0 0 1 0 1 0 -1 0 0 32028.dat
1 1 0 8 70 1 0 0 0 1 0 0 0 1 3023.dat
1 71 0 8 100 -1 0 0 0 1 0 0 0 -1 63082.dat
1 1 0 8 -70 -1 0 0 0 1 0 0 0 -1 3004.dat
1 72 0 8 -90 1 0 0 0 1 0 0 0 1 3660.dat
1 0 0 16 80 1 0 0 0 1 0 0 0 1 3022.dat
1 71 0 24 80 1 0 0 0 1 0 0 0 1 3022.dat
1 72 0 24 0 1 0 0 0 1 0 0 0 1 3031.dat
1 0 0 24 80 1 0 0 0 1 0 0 0 1 6157.dat
1 0 0 24 -80 1 0 0 0 1 0 0 0 1 6157.dat
1 1 0 -8 -30 1 0 0 0 1 0 0 0 1 3004.dat
1 71 0 8 -10 1 0 0 0 1 0 0 0 1 3829.dat
1 25 30 -24 0 1 0 0 0 1 0 0 0 1 52501.dat
1 25 -30 -24 0 1 0 0 0 1 0 0 0 1 52501.dat
1 72 20 -24 80 0 0 -1 0 1 0 1 0 0 50745.dat
1 72 -20 -24 80 0 0 1 0 1 0 -1 0 0 50745.dat
1 72 20 -24 -80 0 0 -1 0 1 0 1 0 0 50745.dat
1 72 -20 -24 -80 0 0 1 0 1 0 -1 0 0 50745.dat
1 72 0 -24 110 -1 0 0 0 1 0 0 0 -1 52038.dat
1 15 0 -14 128 -1 0 0 0 0 -1 0 -1 0 3069.dat
1 36 -30 -14 112 0 0 1 -1 0 0 0 -1 0 54200.dat
1 36 30 -14 112 0 0 -1 1 0 0 0 -1 0 54200.dat
1 72 0 -24 -110 1 0 0 0 1 0 0 0 1 52038.dat
1 1 0 -14 -128 1 0 0 0 0 -1 0 1 0 2412.dat
1 46 30 -14 -112 0 0 -1 -1 0 0 0 1 0 54200.dat
1 46 -30 -14 -112 0 0 1 1 0 0 0 1 0 54200.dat
1 72 0 6 -128 1 0 0 0 0 -1 0 1 0 3710.dat
1 72 -30 6 -136 1 0 0 0 0 -1 0 1 0 3070.dat
1 72 30 6 -136 1 0 0 0 0 -1 0 1 0 3070.dat
1 15 0 6 -136 1 0 0 0 0 -1 0 1 0 3069.dat
1 25 -30 -32 0 0 0 -1 0 1 0 1 0 0 30413.dat
1 25 30 -32 0 0 0 1 0 1 0 -1 0 0 30413.dat
1 25 0 -32 -50 1 0 0 0 1 0 0 0 1 3710.dat
1 25 0 -32 60 1 0 0 0 1 0 0 0 1 3020.dat
1 25 0 -32 100 1 0 0 0 1 0 0 0 1 3020.dat
1 25 -20 -32 -90 1 0 0 0 1 0 0 0 1 43722.dat
1 25 20 -32 -90 1 0 0 0 1 0 0 0 1 43723.dat
1 1 0 -40 -70 1 0 0 0 1 0 0 0 1 2412.dat
1 1 -30 -40 100 0 0 -1 0 1 0 1 0 0 2412.dat
1 1 30 -40 100 0 0 -1 0 1 0 1 0 0 2412.dat
1 43 0 -64 -30 1 0 0 0 1 0 0 0 1 57783.dat
1 15 0 -56 60 1 0 0 0 1 0 0 0 1 3003.dat
1 15 -30 -56 50 0 0 1 0 1 0 -1 0 0 60475.dat
1 15 30 -56 50 0 0 -1 0 1 0 1 0 0 60475.dat
1 1 20 -64 50 1 0 0 0 1 0 0 0 1 2412.dat
1 1 -20 -64 50 1 0 0 0 1 0 0 0 1 2412.dat
1 0 0 -104 70 1 0 0 0 1 0 0 0 1 6187.dat
1 15 0 -80 50 1 0 0 0 1 0 0 0 1 45677.dat
1 57 10 -88 50 1 0 0 0 1 0 0 0 1 6141.dat
1 57 -10 -88 50 1 0 0 0 1 0 0 0 1 6141.dat
1 15 20 -120 72 -1 0 0 0 0 -1 0 -1 0 6019.dat
1 46 20 -120 64 1 0 0 0 0 1 0 -1 0 3024.dat
1 15 -20 -120 72 -1 0 0 0 0 -1 0 -1 0 6019.dat
1 46 -20 -120 64 1 0 0 0 0 1 0 -1 0 3024.dat
1 72 -50 -40 50 1 0 0 0 1 0 0 0 1 2569.dat
1 0 50 -44 50 0 0 -1 0 1 0 1 0 0 3962.dat
1 15 40 29 -80 0 0 -1 0 1 0 1 0 0 6014.dat
1 256 45 29 -80 0 0 -1 0 1 0 1 0 0 56890.dat
1 15 -40 29 -80 0 0 1 0 1 0 -1 0 0 6014.dat
1 256 -45 29 -80 0 0 1 0 1 0 -1 0 0 56890.dat
1 15 40 29 80 0 0 -1 0 1 0 1 0 0 6014.dat
1 256 45 29 80 0 0 -1 0 1 0 1 0 0 56890.dat
1 15 -40 29 80 0 0 1 0 1 0 -1 0 0 6014.dat
1 256 -45 29 80 0 0 1 0 1 0 -1 0 0 56890.dat
1 72 0 22.5458 309.7357 0 0 -1 0.036382 0.999338 0 0.999338 -0.036382 0 3832.dat
1 0 0 24.0011 349.7092 1 0 0 0 0.999338 0.036382 0 -0.036382 0.999338 6157.dat
1 71 0 27.63 229.4976 1 0 0 0 0.999338 0.036382 0 -0.036382 0.999338 3022.dat
1 71 0 33.4511 389.3917 1 0 0 0 0.999338 0.036382 0 -0.036382 0.999338 3022.dat
1 15 0 17.8255 399.9671 -1 0 0 0 0.999338 -0.036382 0 -0.036382 -0.999338 2436.dat
1 15 0 28.6193 421.5887 -1 0 0 0 -0.036382 -0.999338 0 -0.999338 0.036382 3069.dat
1 36 -30 28.3282 413.5941 0 0 1 -0.999338 -0.036382 0 0.036382 -0.999338 0 54200.dat
1 36 30 28.3282 413.5941 0 0 -1 0.999338 -0.036382 0 -0.036382 -0.999338 0 54200.dat
1 15 0 14.5511 310.0267 0 0 1 -0.036382 0.999338 0 -0.999338 -0.036382 0 3034.dat
1 15 0 11.2767 220.0863 1 0 0 0 0.999338 0.036382 0 -0.036382 0.999338 2508.dat
1 1 -10 5.1011 270.3443 0 0 -1 0.036382 0.999338 0 0.999338 -0.036382 0 2412.dat
1 1 10 5.1011 270.3443 0 0 -1 0.036382 0.999338 0 0.999338 -0.036382 0 2412.dat
1 1 -10 6.5564 310.3178 0 0 -1 0.036382 0.999338 0 0.999338 -0.036382 0 2412.dat
1 1 10 6.5564 310.3178 0 0 -1 0.036382 0.999338 0 0.999338 -0.036382 0 2412.dat
1 1 -10 9.467 390.2648 0 0 -1 0.036382 0.999338 0 0.999338 -0.036382 0 2412.dat
1 1 10 9.467 390.2648 0 0 -1 0.036382 0.999338 0 0.999338 -0.036382 0 2412.dat
1 71 0 8.0117 350.2913 0 0 -1 0.036382 0.999338 0 0.999338 -0.036382 0 3022.dat
1 72 0 12.5454 144.9904 -1 0 0 0 -0.999338 0.036382 0 0.036382 0.999338 48729.dat
1 15 40 28.9978 349.5273 0 0 -1 0.036382 0.999338 0 0.999338 -0.036382 0 6014.dat
1 256 45 28.9978 349.5273 0 0 -1 0.036382 0.999338 0 0.999338 -0.036382 0 56890.dat
1 15 -40 28.9978 349.5273 0 0 1 -0.036382 0.999338 0 -0.999338 -0.036382 0 6014.dat
1 256 -45 28.9978 349.5273 0 0 1 -0.036382 0.999338 0 -0.999338 -0.036382 0 56890.dat
1 1 0 3.6459 230.3707 -1 0 0 0 0.999338 -0.036382 0 -0.036382 -0.999338 3020.dat
1 71 0 -4.3488 230.6618 -1 0 0 0 0.999338 -0.036382 0 -0.036382 -0.999338 3022.dat
1 15 -30 -4.3488 230.6618 0 0 1 -0.036382 0.999338 0 -0.999338 -0.036382 0 4623.dat
1 15 30 -4.3488 230.6618 0 0 -1 0.036382 0.999338 0 0.999338 -0.036382 0 4623.dat
1 72 0 -12.7074 220.9595 -1 0 0 0 0.999338 -0.036382 0 -0.036382 -0.999338 3794.dat
1 15 0 -51.9532 242.4015 -1 0 0 0 0.999338 -0.036382 0 -0.036382 -0.999338 4083.dat
1 57 -10 -59.948 242.6926 1 0 0 0 0.999338 0.036382 0 -0.036382 0.999338 6141.dat
1 57 10 -59.948 242.6926 1 0 0 0 0.999338 0.036382 0 -0.036382 0.999338 6141.dat
