0 Main
0 Name: 31066-1 - Space Shuttle Explorer - Shuttle.mpd
0 Author: LTRON
1 0 0 8 -60 0 0 1 0 1 0 -1 0 0 3029.dat
1 4 0 0 -170 -1 0 0 0 1 0 0 0 -1 3710.dat
1 2 10 0 -150 -1 0 0 0 1 0 0 0 -1 6141.dat
1 2 -10 0 -150 -1 0 0 0 1 0 0 0 -1 6141.dat
1 14 0 0 -130 -1 0 0 0 1 0 0 0 -1 3023.dat
1 19 0 0 -100 -1 0 0 0 1 0 0 0 -1 3068.dat
1 14 30 0 -80 0 0 -1 0 1 0 1 0 0 3460.dat
1 14 -30 0 -80 0 0 -1 0 1 0 1 0 0 3460.dat
1 14 0 0 -10 1 0 0 0 1 0 0 0 1 3023.dat
1 0 0 0 10 1 0 0 0 1 0 0 0 1 3666.dat
1 72 0 8 -30 1 0 0 0 1 0 0 0 1 85984.dat
1 71 -30 0 80 0 0 1 0 1 0 -1 0 0 3666.dat
1 71 30 0 80 0 0 1 0 1 0 -1 0 0 3666.dat
1 0 50 8 30 0 0 1 0 1 0 -1 0 0 3623.dat
1 0 -50 8 30 0 0 1 0 1 0 -1 0 0 3623.dat
1 0 0 8 140 0 0 1 0 1 0 -1 0 0 3036.dat
1 0 60 0 60 1 0 0 0 1 0 0 0 1 41770.dat
1 0 -60 0 60 1 0 0 0 1 0 0 0 1 41769.dat
1 71 30 0 200 0 0 1 0 1 0 -1 0 0 6636.dat
1 71 -30 0 200 0 0 1 0 1 0 -1 0 0 6636.dat
1 0 0 8 280 -1 0 0 0 1 0 0 0 -1 3036.dat
1 71 0 0 280 -1 0 0 0 1 0 0 0 -1 3020.dat
1 1 0 0 220 0 0 -1 0 1 0 1 0 0 3020.dat
1 0 140 0 200 1 0 0 0 1 0 0 0 1 92584.dat
1 0 -140 0 200 0 0 1 0 1 0 -1 0 0 92584.dat
1 15 -140 -8 200 0 0 1 0 1 0 -1 0 0 30504.dat
1 15 140 -8 200 1 0 0 0 1 0 0 0 1 30504.dat
1 72 -120 8 300 1 0 0 0 1 0 0 0 1 2654.dat
1 72 -180 8 300 1 0 0 0 1 0 0 0 1 2654.dat
1 72 120 8 300 1 0 0 0 1 0 0 0 1 2654.dat
1 72 180 8 300 1 0 0 0 1 0 0 0 1 2654.dat
1 0 70 0 330 0 0 1 0 1 0 -1 0 0 3623.dat
1 0 -70 0 330 0 0 1 0 1 0 -1 0 0 3623.dat
1 0 0 8 350 -1 0 0 0 1 0 0 0 -1 4477.dat
1 0 -160 0 330 0 0 1 0 1 0 -1 0 0 50304.dat
1 0 160 0 330 0 0 -1 0 1 0 1 0 0 50305.dat
1 15 140 -8 310 0 0 -1 0 1 0 1 0 0 50305.dat
1 15 -140 -8 310 0 0 1 0 1 0 -1 0 0 50304.dat
1 15 60 -8 80 1 0 0 0 1 0 0 0 1 41770.dat
1 15 -60 -8 80 1 0 0 0 1 0 0 0 1 41769.dat
1 15 50 -8 20 0 0 1 0 1 0 -1 0 0 3023.dat
1 15 -50 -8 20 0 0 1 0 1 0 -1 0 0 3023.dat
1 15 0 -8 10 -1 0 0 0 1 0 0 0 -1 3710.dat
1 15 -50 -8 180 0 0 1 0 1 0 -1 0 0 3666.dat
1 15 50 -8 180 0 0 1 0 1 0 -1 0 0 3666.dat
1 15 0 -8 230 -1 0 0 0 1 0 0 0 -1 3710.dat
1 72 0 -8 200 -1 0 0 0 1 0 0 0 -1 3068.dat
1 72 0 -8 130 -1 0 0 0 1 0 0 0 -1 2431.dat
1 15 0 -8 290 -1 0 0 0 1 0 0 0 -1 3666.dat
1 1 -40 -8 260 -1 0 0 0 1 0 0 0 -1 3022.dat
1 1 40 -8 260 -1 0 0 0 1 0 0 0 -1 3022.dat
1 1 0 -16 10 -1 0 0 0 1 0 0 0 -1 3666.dat
1 1 -50 -16 120 0 0 -1 0 1 0 1 0 0 4477.dat
1 1 50 -16 120 0 0 -1 0 1 0 1 0 0 4477.dat
1 1 0 -16 230 -1 0 0 0 1 0 0 0 -1 3666.dat
1 1 -50 -16 280 0 0 -1 0 1 0 1 0 0 2431.dat
1 1 50 -16 280 0 0 -1 0 1 0 1 0 0 2431.dat
1 1 0 -24 250 1 0 0 0 1 0 0 0 1 3700.dat
1 1 0 -24 270 1 0 0 0 1 0 0 0 1 3700.dat
1 71 -20 -32 290 1 0 0 0 1 0 0 0 1 3700.dat
1 71 20 -32 290 1 0 0 0 1 0 0 0 1 3700.dat
1 71 -30 -32 260 0 0 1 0 1 0 -1 0 0 3700.dat
1 71 30 -32 260 0 0 1 0 1 0 -1 0 0 3700.dat
1 15 -40 -24 10 -1 0 0 0 1 0 0 0 -1 92280.dat
1 15 40 -24 10 1 0 0 0 1 0 0 0 1 92280.dat
1 14 0 -24 10 -1 0 0 0 1 0 0 0 -1 3023.dat
1 14 0 -24 230 -1 0 0 0 1 0 0 0 -1 3023.dat
1 15 -40 -24 230 -1 0 0 0 1 0 0 0 -1 92280.dat
1 15 40 -24 230 1 0 0 0 1 0 0 0 1 92280.dat
1 15 -50 -24 180 0 0 1 0 1 0 -1 0 0 2431.dat
1 15 50 -24 180 0 0 1 0 1 0 -1 0 0 2431.dat
1 15 -50 -24 80 0 0 1 0 1 0 -1 0 0 6636.dat
1 15 50 -24 80 0 0 1 0 1 0 -1 0 0 6636.dat
1 15 -10 -32 260 0 0 -1 0 1 0 1 0 0 92280.dat
1 15 10 -32 260 0 0 -1 0 1 0 1 0 0 92280.dat
1 15 0 -32 230 1 0 0 0 1 0 0 0 1 3710.dat
1 14 0 -40 250 -1 0 0 0 1 0 0 0 -1 3023.dat
1 71 0 -40 260 -1 0 0 0 1 0 0 0 -1 64799.dat
1 4 0 -24 -170 1 0 0 0 1 0 0 0 1 11211.dat
1 15 0 -24 -10 1 0 0 0 1 0 0 0 1 3004.dat
1 4 30 -24 -140 0 0 -1 0 1 0 1 0 0 11211.dat
1 4 30 -24 -20 0 0 -1 0 1 0 1 0 0 11211.dat
1 4 -30 -24 -20 0 0 1 0 1 0 -1 0 0 11211.dat
1 4 -30 -24 -140 0 0 1 0 1 0 -1 0 0 11211.dat
1 19 -30 -24 -170 0 0 1 0 1 0 -1 0 0 26604.dat
1 19 30 -24 -170 1 0 0 0 1 0 0 0 1 26604.dat
1 15 0 -14 -196 -1 0 0 0 0 1 0 1 0 99206.dat
1 0 30 6 -196 0 0 -1 -1 0 0 0 1 0 63325.dat
1 0 -30 6 -196 1 0 0 0 0 -1 0 1 0 63325.dat
1 71 -30 -4 -188 0 0 -1 -1 0 0 0 1 0 3023.dat
1 71 30 -4 -188 0 0 -1 -1 0 0 0 1 0 3023.dat
1 71 0 6 -204 1 0 0 0 0 -1 0 1 0 3023.dat
1 0 0 -14 -220 1 0 0 0 0 -1 0 1 0 47759.dat
1 1 0 -32 -160 1 0 0 0 1 0 0 0 1 3020.dat
1 1 0 -32 -200 1 0 0 0 1 0 0 0 1 51739.dat
1 15 -30 -40 -120 0 0 1 0 1 0 -1 0 0 99206.dat
1 15 30 -40 -120 0 0 -1 0 1 0 1 0 0 99206.dat
1 14 0 -40 -130 -1 0 0 0 1 0 0 0 -1 3023.dat
1 72 0 -32 -110 -1 0 0 0 1 0 0 0 -1 85984.dat
1 19 10 -40 -170 1 0 0 0 1 0 0 0 1 6141.dat
1 19 -10 -40 -170 1 0 0 0 1 0 0 0 1 6141.dat
1 15 10 -48 -130 0 0 1 0 1 0 -1 0 0 63325.dat
1 15 -10 -48 -130 -1 0 0 0 1 0 0 0 -1 63325.dat
1 15 -10 -56 -180 1 0 0 0 1 0 0 0 1 61678.dat
1 15 10 -56 -180 1 0 0 0 1 0 0 0 1 61678.dat
1 71 30 -48 0 0 0 1 0 1 0 -1 0 0 3700.dat
1 71 -30 -48 0 0 0 1 0 1 0 -1 0 0 3700.dat
1 0 0 -32 0 -1 0 0 0 1 0 0 0 -1 3176.dat
1 0 0 -40 0 -1 0 0 0 1 0 0 0 -1 3176.dat
1 0 0 -52 30 0 0.707 0.707 1 0 0 0 0.707 -0.707 15100.dat
1 14 0 -48 -10 -1 0 0 0 1 0 0 0 -1 3023.dat
1 15 30 -48 -30 1 0 0 0 1 0 0 0 1 4070.dat
1 71 30 -38 -44 1 0 0 0 0 -1 0 1 0 3070.dat
1 71 -30 -38 -44 1 0 0 0 0 -1 0 1 0 3070.dat
1 15 -30 -48 -30 1 0 0 0 1 0 0 0 1 4070.dat
1 15 -30 -72 -10 0 0 1 0 1 0 -1 0 0 2357.dat
1 15 30 -72 -10 -1 0 0 0 1 0 0 0 -1 2357.dat
1 72 0 -80 -10 -1 0 0 0 1 0 0 0 -1 2431.dat
1 40 0 -80 -70 1 0 0 0 1 0 0 0 1 18972.dat
1 15 0 -96 -10 1 0 0 0 1 0 0 0 1 45677.dat
1 4 48 -4 -60 0 -1 0 1 0 0 0 0 1 3022.dat
1 0 56 6 -20 0 -1 0 1 0 0 0 0 1 13731.dat
1 1 48 -24 -20 0 -1 0 1 0 0 0 0 1 3020.dat
1 0 56 -14 -20 0 -1 0 1 0 0 0 0 1 13731.dat
1 14 56 -34 -20 0 -1 0 0 0 -1 1 0 0 3023.dat
1 15 40 -64 -20 0 -1 0 0 0 1 -1 0 0 15068.dat
1 0 64 -4 -20 0 -1 0 -1 0 0 0 0 -1 24299.dat
1 15 64 -24 -20 0 -1 0 1 0 0 0 0 1 24299.dat
1 15 64 -34 -60 0 -1 0 1 0 0 0 0 1 41747.dat
1 15 72 -34 -40 0 -1 0 0 0 -1 1 0 0 2412.dat
1 4 -48 -4 -60 0 1 0 -1 0 0 0 0 1 3022.dat
1 0 -56 6 -20 0 1 0 -1 0 0 0 0 1 13731.dat
1 1 -48 -24 -20 0 1 0 -1 0 0 0 0 1 3020.dat
1 0 -56 -14 -20 0 1 0 -1 0 0 0 0 1 13731.dat
1 14 -56 -34 -20 0 1 0 0 0 -1 -1 0 0 3023.dat
1 15 -40 -64 -20 0 1 0 0 0 1 1 0 0 15068.dat
1 0 -64 -4 -20 0 1 0 1 0 0 0 0 -1 24307.dat
1 15 -64 -24 -20 0 1 0 -1 0 0 0 0 1 24307.dat
1 15 -64 -34 -60 0 1 0 -1 0 0 0 0 1 41748.dat
1 15 -72 -34 -40 0 1 0 0 0 -1 -1 0 0 2412.dat
1 1 20 -22 300 0 1 0 0 0 1 1 0 0 43093.dat
1 1 -20 -22 300 0 1 0 0 0 1 1 0 0 43093.dat
1 71 -20 -22 330 0 1 0 -1 0 0 0 0 1 32016.dat
1 71 20 -22 330 0 -1 0 1 0 0 0 0 1 32016.dat
1 0 39.134 -22 376.194 0.383 0.924 0 0 0 1 0.924 -0.383 0 3705.dat
1 0 -39.134 -22 376.194 -0.383 0.924 0 0 0 1 0.924 0.383 0 3705.dat
1 14 -33.394 -22 362.336 0 0.924 0.383 1 0 0 0 0.383 -0.924 32123.dat
1 14 33.394 -22 362.336 0 0.924 -0.383 1 0 0 0 -0.383 -0.924 32123.dat
1 1 20 -32 330 0 0 -1 -1 0 0 0 1 0 43093.dat
1 72 39.134 -22 376.194 0.8 -0.462 -0.383 -0.5 -0.866 0 -0.331 0.191 -0.924 60208.dat
1 71 24.483 -22 393.087 -0.383 0 -0.924 0 -1 0 -0.924 0 0.383 3673.dat
1 71 61.439 -22 377.779 -0.383 0 -0.924 0 -1 0 -0.924 0 0.383 3673.dat
1 72 46.788 -22 394.672 0.8 -0.462 -0.383 -0.5 -0.866 0 -0.331 0.191 -0.924 60208.dat
1 38 52.528 -22 408.53 0.924 0 -0.383 0 -1 0 -0.383 0 -0.924 4185.dat
1 72 -39.135 -22 376.194 0.8 -0.462 0.383 -0.5 -0.866 0 0.331 -0.191 -0.924 60208.dat
1 71 -61.439 -22 377.779 0.383 0 -0.924 0 -1 0 -0.924 0 -0.383 3673.dat
1 71 -24.483 -22 393.086 0.383 0 -0.924 0 -1 0 -0.924 0 -0.383 3673.dat
1 72 -46.788 -22 394.671 0.8 -0.462 0.383 -0.5 -0.866 0 0.331 -0.191 -0.924 60208.dat
1 38 -52.528 -22 408.53 0.924 0 0.383 0 -1 0 0.383 0 -0.924 4185.dat
1 15 -20 -64 230 1 0 0 0 1 0 0 0 1 3004.dat
1 15 20 -64 230 1 0 0 0 1 0 0 0 1 3004.dat
1 72 0 -48 250 1 0 0 0 1 0 0 0 1 92593.dat
1 15 0 -48 290 1 0 0 0 1 0 0 0 1 2412.dat
1 0 -30 -48 290 0 0 1 0 1 0 -1 0 0 3623.dat
1 0 30 -48 290 0 0 1 0 1 0 -1 0 0 3623.dat
1 1 -30 -56 310 0 0 1 0 1 0 -1 0 0 6141.dat
1 1 30 -56 310 0 0 1 0 1 0 -1 0 0 6141.dat
1 1 -30 -56 250 0 0 1 0 1 0 -1 0 0 6141.dat
1 1 30 -56 250 0 0 1 0 1 0 -1 0 0 6141.dat
1 0 -30 -56 280 0 0 1 0 1 0 -1 0 0 93274.dat
1 0 30 -56 280 0 0 -1 0 1 0 1 0 0 93274.dat
1 71 30 -64 260 0 0 -1 0 1 0 1 0 0 99780.dat
1 71 30 -64 300 0 0 -1 0 1 0 1 0 0 99780.dat
1 71 -30 -64 260 0 0 1 0 1 0 -1 0 0 99780.dat
1 71 -30 -64 300 0 0 1 0 1 0 -1 0 0 99780.dat
1 1 0 -68 248 -1 0 0 0 0 -1 0 -1 0 3022.dat
1 19 0 -88 230 -1 0 0 0 1 0 0 0 -1 11211.dat
1 14 0 -58 256 -1 0 0 0 0 -1 0 -1 0 3023.dat
1 15 0 -78 256 1 0 0 0 0 1 0 -1 0 11476.dat
1 71 -10 -68 264 1 0 0 0 0 1 0 -1 0 15672.dat
1 71 10 -68 264 1 0 0 0 0 1 0 -1 0 15672.dat
1 4 0 -58 272 -1 0 0 0 0 -1 0 -1 0 48336.dat
1 15 0 -58 296 -1 0 0 0 0 -1 0 -1 0 3004.dat
1 15 0 -58 304 1 0 0 0 0 1 0 -1 0 11476.dat
1 15 0 -58 312 1 0 0 0 0 1 0 -1 0 2412.dat
1 15 52 -36 280 0 -1 0 0 0 1 -1 0 0 3020.dat
1 15 60 -26 280 0 -1 0 0 0 1 -1 0 0 2431.dat
1 15 44 -56 300 0 -1 0 0 0 1 -1 0 0 15068.dat
1 15 44 -56 260 0 -1 0 0 0 1 -1 0 0 15068.dat
1 15 -52 -36 280 0 1 0 0 0 1 1 0 0 3020.dat
1 15 -60 -26 280 0 1 0 0 0 1 1 0 0 2431.dat
1 15 -44 -56 260 0 1 0 0 0 1 1 0 0 15068.dat
1 15 -44 -56 300 0 1 0 0 0 1 1 0 0 15068.dat
1 15 -30 -72 280 0 0 -1 0 1 0 1 0 0 3666.dat
1 15 30 -72 280 0 0 -1 0 1 0 1 0 0 3666.dat
1 4 0 -42 330 0 1 0 -1 0 0 0 0 1 32062.dat
1 0 0 -72 330 -1 0 0 0 0 -1 0 -1 0 32015.dat
1 14 0 -85.394 362.336 0 1 0 0.924 0 0.383 0.383 0 -0.924 32123.dat
1 0 0 -91.134 376.194 0 1 0 -0.383 0 0.924 0.924 0 0.383 3705.dat
1 72 0 -91.134 376.194 0.866 -0.5 0 -0.462 -0.8 0.383 -0.191 -0.331 -0.924 60208.dat
1 72 0 -98.788 394.672 0.866 -0.5 0 -0.462 -0.8 0.383 -0.191 -0.331 -0.924 60208.dat
1 38 0 -104.528 408.53 1 0 0 0 -0.924 0.383 0 -0.383 -0.924 4185.dat
1 71 -20.001 -94.961 385.433 0 0 -1 0.383 -0.924 0 -0.924 -0.383 0 3673.dat
1 71 20 -94.961 385.433 0 0 -1 0.383 -0.924 0 -0.924 -0.383 0 3673.dat
1 72 14.142 -52 44.142 -0.707 -0.5 0.5 0 0.707 0.707 -0.707 0.5 -0.5 32013.dat
1 71 -15.858 -94.42 74.142 -0.5 -0.5 -0.707 -0.707 0.707 0 0.5 0.5 -0.707 32073.dat
1 72 -45.858 -136.84 104.142 0.707 -0.5 -0.5 0 0.707 -0.707 0.707 0.5 0.5 32013.dat
1 0 7.072 -52 37.072 0.707 -0.5 -0.5 0 0.707 -0.707 0.707 0.5 0.5 2780.dat
1 0 -52.928 -136.84 97.072 0.707 -0.5 -0.5 0 0.707 -0.707 0.707 0.5 0.5 2780.dat
1 72 -60 -136.853 90 -0.707 -0.5 -0.5 0 -0.707 0.707 -0.707 0.5 0.5 32013.dat
1 71 -30 -179.273 60 0.5 -0.5 -0.707 -0.707 -0.707 0 -0.5 0.5 -0.707 32073.dat
1 72 -5 -214.623 35 -0.707 -0.5 -0.5 0 -0.707 0.707 -0.707 0.5 0.5 30553.dat
1 15 -80.229 -93.641 120 0 0.866 -0.5 0 0.5 0.866 1 0 0 4477.dat
1 15 -87.157 -97.641 120 0 0.866 0.5 0 0.5 -0.866 -1 0 0 18910.dat
1 15 -87.157 -97.641 200 0 0.866 0.5 0 0.5 -0.866 -1 0 0 18910.dat
1 15 -87.157 -97.641 40 0 0.866 0.5 0 0.5 -0.866 -1 0 0 18910.dat
1 15 -94.085 -101.641 120 0 0.866 0.5 0 0.5 -0.866 -1 0 0 6636.dat
1 15 80.229 -93.641 120 0 -0.866 0.5 0 0.5 0.866 -1 0 0 4477.dat
1 15 87.157 -97.641 120 0 -0.866 -0.5 0 0.5 -0.866 1 0 0 18910.dat
1 15 87.157 -97.641 40 0 -0.866 -0.5 0 0.5 -0.866 1 0 0 18910.dat
1 15 87.157 -97.641 200 0 -0.866 -0.5 0 0.5 -0.866 1 0 0 18910.dat
1 15 94.085 -101.641 120 0 -0.866 -0.5 0 0.5 -0.866 1 0 0 6636.dat
1 72 -15.053 -247.06 45.053 -0.183 -0.683 -0.707 -0.966 0.259 0 0.183 0.683 -0.707 6143.dat
1 297 -2.519 -249.132 46.659 -0.183 -0.683 -0.707 -0.966 0.259 0 0.183 0.683 -0.707 48336.dat
1 297 -16.659 -249.132 32.519 0.183 -0.683 0.707 0.966 0.259 0 -0.183 0.683 0.707 48336.dat
1 72 -5.955 -260.864 35.955 -0.707 -0.683 0.183 0 0.259 0.966 -0.707 0.683 -0.183 44728.dat
1 71 12.267 -257.42 17.733 0.707 -0.683 -0.183 0 0.259 -0.966 0.707 0.683 0.183 30367.dat
1 72 -2.295 -241.544 32.295 0.707 -0.683 -0.183 0 0.259 -0.966 0.707 0.683 0.183 44567.dat
1 297 17.731 -259.492 12.269 0.707 -0.683 -0.183 0 0.259 -0.966 0.707 0.683 0.183 6141.dat
1 47 23.195 -261.564 6.805 0.707 -0.683 -0.183 0 0.259 -0.966 0.707 0.683 0.183 98138.dat
1 43 -59.079 -249.132 -9.901 0.183 -0.683 0.707 0.966 0.259 0 -0.183 0.683 0.707 30350.dat
1 43 39.901 -249.132 89.079 -0.183 -0.683 -0.707 -0.966 0.259 0 0.183 0.683 -0.707 30350.dat
1 297 -30.471 -274.346 60.471 0.707 0.183 -0.683 0 0.966 0.259 0.707 -0.183 0.683 2412.dat
1 297 -16.811 -279.526 46.811 0.707 0.183 -0.683 0 0.966 0.259 0.707 -0.183 0.683 2412.dat
1 72 30 -96 260 0 0 -1 0 1 0 1 0 0 3937.dat
1 72 30 -96 300 0 0 -1 0 1 0 1 0 0 3937.dat
1 71 37.071 -93.071 260 0 -0.707 0.707 0 0.707 0.707 -1 0 0 6134.dat
1 15 61.113 -102.971 340 0.707 -0.707 0 0.707 0.707 0 0 0 1 43712.dat
1 72 49.799 -91.657 310 0 -0.707 -0.707 0 0.707 -0.707 1 0 0 3021.dat
1 0 55.456 -97.314 330 -0.707 -0.707 0 -0.707 0.707 0 0 0 -1 99781.dat
1 38 41.314 -97.314 352 -0.707 0 0.707 -0.707 0 -0.707 0 -1 0 6141.dat
1 38 55.456 -83.172 352 -0.707 0 0.707 -0.707 0 -0.707 0 -1 0 6141.dat
1 71 37.071 -93.071 300 0 -0.707 0.707 0 0.707 0.707 -1 0 0 6134.dat
1 72 -30 -96 260 0 0 1 0 1 0 -1 0 0 3937.dat
1 72 -30 -96 300 0 0 1 0 1 0 -1 0 0 3937.dat
1 71 -37.071 -93.071 260 0 0.707 -0.707 0 0.707 0.707 1 0 0 6134.dat
1 15 -61.113 -102.971 340 0.707 0.707 0 -0.707 0.707 0 0 0 1 43712.dat
1 72 -49.799 -91.657 310 0 0.707 0.707 0 0.707 -0.707 -1 0 0 3021.dat
1 0 -55.456 -97.314 330 -0.707 0.707 0 0.707 0.707 0 0 0 -1 99781.dat
1 38 -41.314 -97.314 352 -0.707 0 -0.707 0.707 0 -0.707 0 -1 0 6141.dat
1 38 -55.456 -83.172 352 -0.707 0 -0.707 0.707 0 -0.707 0 -1 0 6141.dat
1 71 -37.071 -93.071 300 0 0.707 -0.707 0 0.707 0.707 1 0 0 6134.dat
1 15 0 -156.876 378.698 0 0 1 0.704 0.71 0 -0.71 0.704 0 3710.dat
1 0 0 -195.036 383.102 -1 0 0 0 0.71 0.704 0 0.704 -0.71 3040.dat
1 0 0 -192.076 414.198 -1 0 0 0 0.71 0.704 0 0.704 -0.71 3024.dat
1 15 0 -145.756 333.402 0 0 -1 -0.704 0.71 0 0.71 0.704 0 3009.dat
1 0 0 -197.996 352.006 -1 0 0 0 0.71 0.704 0 0.704 -0.71 3040.dat
1 15 0 -137.356 313.57 0 0 -1 -0.704 0.71 0 0.71 0.704 0 3666.dat
1 15 0 -143.036 307.938 0 0 -1 -0.704 0.71 0 0.71 0.704 0 3666.dat
1 15 0 -162.796 316.506 0 0 -1 -0.704 0.71 0 0.71 0.704 0 3710.dat
1 15 0 -120.556 273.906 0 0 1 0.704 0.71 0 -0.71 0.704 0 60478.dat
1 0 0 -190.956 344.906 -1 0 0 0 0.71 0.704 0 0.704 -0.71 61409.dat
1 0 0 -175.516 317.974 -1 0 0 0 0.71 0.704 0 0.704 -0.71 3024.dat
1 0 0 -140.316 282.474 0 0 -1 -0.704 0.71 0 0.71 0.704 0 3710.dat
1 0 0 -124.876 255.542 1 0 0 0 0.71 -0.704 0 0.704 0.71 49673.dat
1 0 0 -160.076 291.042 0 0 1 0.704 0.71 0 -0.71 0.704 0 2431.dat
1 15 0 -121.676 343.198 -1 0 0 0 0.71 0.704 0 0.704 -0.71 24201.dat
1 15 0 -100.556 321.898 0 0 1 0.704 0.71 0 -0.71 0.704 0 60478.dat
