0 
0 Name: New Model.ldr
0 Author: 
1 0 314.3 -31 291.031 -0.866 0 0.5 0 1 0 -0.5 0 -0.866 3460.dat
1 0 304.3 -31 308.351 -0.866 0 0.5 0 1 0 -0.5 0 -0.866 3460.dat
1 0 378.58 -39 339.691 -0.866 0 0.5 0 1 0 -0.5 0 -0.866 3022.dat
1 0 257.34 -39 269.691 -0.866 0 0.5 0 1 0 -0.5 0 -0.866 3022.dat
1 0 335.28 -39 314.691 -0.5 0 -0.866 0 1 0 0.866 0 -0.5 3710.dat
1 0 317.96 -39 304.691 -0.5 0 -0.866 0 1 0 0.866 0 -0.5 3710.dat
1 0 361.26 -47 329.691 -0.866 0 0.5 0 1 0 -0.5 0 -0.866 3031.dat
1 0 291.98 -47 289.691 -0.866 0 0.5 0 1 0 -0.5 0 -0.866 3031.dat
1 0 248.68 -47 264.691 0.5 0 0.866 0 1 0 -0.866 0 0.5 4315.dat
1 0 224.432 -77 250.691 0.5 -0.749956 0.433 0 0.5 0.866 -0.866 -0.433 0.25 4213.dat
1 14 294.3 -55 325.671 -0.866 0 0.5 0 1 0 -0.5 0 -0.866 4510.dat
1 14 324.3 -55 273.711 0.866 0 -0.5 0 1 0 0.5 0 0.866 4510.dat
1 14 395.9 -55 349.691 -0.5 0 -0.866 0 1 0 0.866 0 -0.5 3020.dat
1 7 300.64 -55 294.691 -0.5 0 -0.866 0 1 0 0.866 0 -0.5 3023.dat
1 14 387.24 -31 344.691 -0.5 0 -0.866 0 1 0 0.866 0 -0.5 3023.dat
1 14 399.56 -47 363.351 -0.866 0 0.5 0 1 0 -0.5 0 -0.866 3665.dat
1 14 409.56 -47 346.031 0.866 0 -0.5 0 1 0 0.5 0 0.866 3665.dat
1 7 378.58 -23 339.691 -0.5 0 -0.866 0 1 0 0.866 0 -0.5 4600.dat
1 7 274.66 -23 279.691 -0.5 0 -0.866 0 1 0 0.866 0 -0.5 4600.dat
1 0 300.64 -63 294.691 -0.5 0 -0.866 0 1 0 0.866 0 -0.5 3794.dat
1 14 376.26 -63 303.711 0.866 0 -0.5 0 1 0 0.5 0 0.866 3710.dat
1 14 346.26 -63 355.671 0.866 0 -0.5 0 1 0 0.5 0 0.866 3710.dat
1 14 404.56 -79 354.691 -0.5 0 -0.866 0 1 0 0.866 0 -0.5 3004.dat
1 47 431.684 -69 335.711 -0.5 -0.866 0 0 0 -1 0.866 -0.5 0 6141.dat
1 15 419.56 -79 328.711 -0.5 0 -0.866 0 1 0 0.866 0 -0.5 4070.dat
1 47 401.684 -69 387.671 -0.5 -0.866 0 0 0 -1 0.866 -0.5 0 6141.dat
1 15 389.56 -79 380.671 -0.5 0 -0.866 0 1 0 0.866 0 -0.5 4070.dat
1 14 346.26 -87 355.671 0.866 0 -0.5 0 1 0 0.5 0 0.866 3004.dat
1 14 376.26 -87 303.711 0.866 0 -0.5 0 1 0 0.5 0 0.866 3004.dat
1 0 394.58 -18 311.979 0.866 0 -0.5 0 1 0 0.5 0 0.866 3641.dat
1 15 394.58 -18 311.979 0.866 0 -0.5 0 1 0 0.5 0 0.866 4624.dat
1 0 362.58 -19 367.403 -0.866 0 0.5 0 1 0 -0.5 0 -0.866 3641.dat
1 15 362.58 -19 367.403 -0.866 0 0.5 0 1 0 -0.5 0 -0.866 4624.dat
1 0 290.66 -18 251.979 0.866 0 -0.5 0 1 0 0.5 0 0.866 3641.dat
1 15 290.66 -18 251.979 0.866 0 -0.5 0 1 0 0.5 0 0.866 4624.dat
1 0 258.66 -19 307.403 -0.866 0 0.5 0 1 0 -0.5 0 -0.866 3641.dat
1 15 258.66 -19 307.403 -0.866 0 0.5 0 1 0 -0.5 0 -0.866 4624.dat
1 14 404.56 -87 354.691 -0.5 0 -0.866 0 1 0 0.866 0 -0.5 3829.dat
1 14 389.56 -87 380.671 -0.5 0 -0.866 0 1 0 0.866 0 -0.5 3070.dat
1 14 419.56 -87 328.711 -0.5 0 -0.866 0 1 0 0.866 0 -0.5 3070.dat
1 4 352.6 -135 324.691 0.5 0 0.866 0 1 0 -0.866 0 0.5 4083.dat
