0 Main
0 Name: 4486-1 - AT-ST %26 Snowspeeder - Mini.mpd
0 Author: LTRON
1 7 20 18 20 0 0 -1 0 -1 0 -1 0 0 32039.dat
1 7 0 18 20 1 0 0 0 1 0 0 0 1 4519.dat
1 7 -20 18 20 0 0 1 0 1 0 -1 0 0 32039.dat
1 7 0 18 20 -1 0 0 0 0 -1 0 -1 0 6536.dat
1 0 -40 18 30 0 -1 0 0 0 -1 1 0 0 32062.dat
1 0 40 18 30 0 -1 0 0 0 -1 1 0 0 32062.dat
1 8 40 18 50 -1 0 0 0 1 0 0 0 -1 30553.dat
1 8 -40 18 50 -1 0 0 0 1 0 0 0 -1 30553.dat
1 7 -40 34.383 71.472 -1 0 0 0 -0.574 0.819 0 0.819 0.574 30554.dat
1 7 40 34.581 71.184 -1 0 0 0 -0.559 0.829 0 0.829 0.559 30554.dat
1 7 40 70.183 76.187 -1 0 0 0 0.309 0.951 0 0.951 -0.309 30554.dat
1 7 -40 69.787 76.763 -1 0 0 0 0.309 0.951 0 0.951 -0.309 30554.dat
1 8 -40 94.808 60.582 0 0 -1 0 1 0 1 0 0 30383.dat
1 8 40 95.204 60.007 0 0 -1 0 1 0 1 0 0 30383.dat
1 7 40 111.204 70.007 0 0 -1 0 1 0 1 0 0 6141.dat
1 8 40 103.204 50.007 0 0 -1 0 1 0 1 0 0 3623.dat
1 8 -40 102.808 50.582 0 0 -1 0 1 0 1 0 0 3623.dat
1 7 -40 110.808 70.582 0 0 -1 0 1 0 1 0 0 6141.dat
1 7 -40 110.808 30.582 0 0 -1 0 1 0 1 0 0 4740.dat
1 7 40 111.204 30.007 0 0 -1 0 1 0 1 0 0 4740.dat
1 0 0 -8 10 -1 0 0 0 1 0 0 0 -1 3794.dat
1 0 0 -8 -10 -1 0 0 0 1 0 0 0 -1 3794.dat
1 8 0 -16 -10 0 0 1 0 1 0 -1 0 0 3623.dat
1 8 0 -24 10 0 0 1 0 1 0 -1 0 0 3623.dat
1 8 0 -20 -30 1 0 0 0 1 0 0 0 1 30162.dat
1 7 0 -48 10 1 0 0 0 1 0 0 0 1 6541.dat
1 7 0 -48 -10 1 0 0 0 1 0 0 0 1 4733.dat
1 7 0 -48 30 1 0 0 0 1 0 0 0 1 4733.dat
1 7 0 -72 30 0 0 -1 0 1 0 1 0 0 6541.dat
1 7 0 -56 0 0 0 -1 0 1 0 1 0 0 3023.dat
1 7 0 -64 0 0 0 -1 0 1 0 1 0 0 3023.dat
1 0 0 -72 0 0 0 -1 0 1 0 1 0 0 3794.dat
1 7 -18 -48 20 0 1 0 0 0 1 1 0 0 3022.dat
1 7 18 -48 20 0 -1 0 0 0 1 -1 0 0 3022.dat
1 7 26 -58 20 0 -1 0 0 0 1 -1 0 0 3069.dat
1 7 -26 -58 20 0 1 0 0 0 -1 -1 0 0 3069.dat
1 7 18 -38 -20 0 -1 0 0 0 1 -1 0 0 43723.dat
1 7 -18 -38 -20 0 1 0 0 0 1 1 0 0 43722.dat
1 0 -26 -38 0 0 1 0 0 0 1 1 0 0 3794.dat
1 0 26 -38 0 0 -1 0 0 0 -1 1 0 0 3794.dat
1 8 -34 -38 0 0 1 0 0 0 1 1 0 0 4740.dat
1 8 34 -38 0 0 -1 0 0 0 1 -1 0 0 4740.dat
1 7 42 -38 0 0 -1 0 1 0 0 0 0 1 4592.dat
1 0 42 -36 0 0 0 -1 -1 0 0 0 1 0 4593.dat
1 7 0 -80 30 1 0 0 0 1 0 0 0 1 32028.dat
1 8 0 -80 0 1 0 0 0 1 0 0 0 1 2540.dat
1 7 20 -78 -20 0 -1 0 -0.292 0 0.956 -0.956 0 -0.292 2335.dat
1 8 0 0 0 -1 0 0 0 1 0 0 0 -1 2476.dat
