0 Main
0 Name: 42074-1 - Racing Yacht.mpd
0 Author: LTRON
1 0 0 0 0 0 -1 0 1 0 0 0 0 1 32524.dat
1 1 -20 0 -60 -1 0 0 0 -1 0 0 0 1 6558.dat
1 1 20 0 60 1 0 0 0 1 0 0 0 1 6558.dat
1 4 0 0 0 1 0 0 0 1 0 0 0 1 11214.dat
1 25 40 0 0 1 0 0 0 1 0 0 0 1 32054.dat
1 4 20 0 60 0 -1 0 0 0 -1 1 0 0 22961.dat
1 0 20 0 -40 1 0 0 0 0 -1 0 1 0 18651.dat
1 71 20 0 -40 -1 0 0 0 -1 0 0 0 1 6536.dat
1 0 40 0 0 0 -1 0 1 0 0 0 0 1 32524.dat
1 1 60 0 -60 1 0 0 0 1 0 0 0 1 6558.dat
1 1 60 0 40 1 0 0 0 1 0 0 0 1 6558.dat
1 1 50 0 20 1 0 0 0 1 0 0 0 1 43093.dat
1 71 55 0 60 0 -1 0 -1 0 0 0 0 -1 32056.dat
1 71 65 0 20 0 1 0 -1 0 0 0 0 1 6632.dat
1 4 50 -40 60 1 0 0 0 -1 0 0 0 -1 32062.dat
1 1 -20 0 40 -1 0 0 0 1 0 0 0 -1 6558.dat
1 1 -10 0 20 -1 0 0 0 1 0 0 0 -1 43093.dat
1 71 -15 0 60 0 -1 0 -1 0 0 0 0 -1 32056.dat
1 71 -25 0 20 0 -1 0 1 0 0 0 0 1 6632.dat
1 4 -10 -40 60 1 0 0 0 -1 0 0 0 -1 32062.dat
1 14 -20 0 -80 0 -1 0 -1 0 0 0 0 -1 40490.dat
1 1 -20 0 -140 -1 0 0 0 -1 0 0 0 1 6558.dat
1 0 -10 0 -160 -1 0 0 0 -1 0 0 0 1 2780.dat
1 0 0 0 -260 0 1 0 -1 0 0 0 0 1 32278.dat
1 0 20 0 -120 1 0 0 0 1 0 0 0 1 18651.dat
1 71 20 0 -120 -1 0 0 0 -1 0 0 0 1 6536.dat
1 19 20 0 -200 1 0 0 0 1 0 0 0 1 32556.dat
1 71 -20 0 -200 0 0 1 -1 0 0 0 -1 0 48989.dat
1 19 20 0 -340 1 0 0 0 1 0 0 0 1 32556.dat
1 1 20 0 -300 1 0 0 0 1 0 0 0 1 6558.dat
1 1 20 0 -280 1 0 0 0 1 0 0 0 1 6558.dat
1 71 -10 0 -320 1 0 0 0 1 0 0 0 1 3673.dat
1 72 20 -20 -50 0 1 0 0 0 -1 -1 0 0 55013.dat
1 71 20 -20 -100 0 1 0 1 0 0 0 0 -1 94925.dat
1 71 -5.712 -50.642 -80 -0.766 0 -0.643 0.643 0 -0.766 0 -1 0 32316.dat
1 0 7.148 -35.322 -70 0 0.766 -0.643 0 -0.643 -0.766 -1 0 0 2780.dat
1 19 -5.712 -50.642 -90 0 0.866392 -0.500071 0 -0.500071 -0.866392 -1 0 0 3749.dat
1 71 -5.712 -50.642 -100 -0.500071 0.866392 0 -0.866392 -0.500071 0 0 0 1 94925.dat
1 70 -31.432 -81.282 -80 0 0.766 -0.643 0 -0.643 -0.766 -1 0 0 24316.dat
1 71 -31.432 -81.282 -98 -0.643 0.766 0 -0.766 -0.643 0 0 0 1 94925.dat
1 71 -31.432 -81.282 -46 -0.643 0 0.766 -0.766 0 -0.643 0 -1 0 2819.dat
1 14 13.578 -27.662 -60 0.766 0 -0.643 -0.643 0 -0.766 0 1 0 43857.dat
1 71 20 -20 -20 0 -1 0 1 0 0 0 0 1 3713.dat
1 71 20 -60 -300 0 1 0 0 0 1 1 0 0 32140.dat
1 1 20 0 -380 1 0 0 0 1 0 0 0 1 6558.dat
1 1 20 0 -400 1 0 0 0 1 0 0 0 1 6558.dat
1 0 20 0 -480 0 -1 0 1 0 0 0 0 1 32525.dat
1 0 40 0 -260 0 1 0 -1 0 0 0 0 1 32278.dat
1 71 50 0 -320 1 0 0 0 1 0 0 0 1 3673.dat
1 71 60 0 -200 0 0 1 -1 0 0 0 -1 0 48989.dat
1 0 50 0 -160 -1 0 0 0 -1 0 0 0 1 2780.dat
1 1 60 0 -140 1 0 0 0 1 0 0 0 1 6558.dat
1 14 60 0 -80 0 -1 0 -1 0 0 0 0 -1 40490.dat
1 14 -40 0 -20 0 1 0 -1 0 0 0 0 1 64391.dat
1 0 -60 -20 -10 0 -1 0 0 0 -1 1 0 0 2780.dat
1 0 -40 -20 -10 0 -1 0 0 0 -1 1 0 0 2780.dat
1 0 -80 -20 -30 0 -1 0 0 0 -1 1 0 0 2780.dat
1 0 -40 0 -30 0 -1 0 0 0 -1 1 0 0 2780.dat
1 14 -40 0 -140 0 1 0 1 0 0 0 0 -1 62531.dat
1 0 -80 -30 0 0 -1 0 1 0 0 0 0 1 2780.dat
1 0 -80 -30 -60 0 -1 0 1 0 0 0 0 1 2780.dat
1 0 -80 -30 -220 0 -1 0 1 0 0 0 0 1 2780.dat
1 14 -80 -40 -120 -1 0 0 0 -1 0 0 0 1 41239.dat
1 19 -80 -50 -240 0 1 0 -1 0 0 0 0 1 32002.dat
1 19 -80 -50 -180 0 1 0 -1 0 0 0 0 1 32002.dat
1 0 -80 -20 -260 0 0 1 0 -1 0 1 0 0 15100.dat
1 14 80 0 -20 0 -1 0 1 0 0 0 0 1 64683.dat
1 0 100 -20 -10 0 1 0 0 0 -1 -1 0 0 2780.dat
1 0 80 -20 -10 0 1 0 0 0 -1 -1 0 0 2780.dat
1 0 120 -20 -30 0 1 0 0 0 -1 -1 0 0 2780.dat
1 0 80 0 -30 0 1 0 0 0 -1 -1 0 0 2780.dat
1 14 80 0 -140 0 -1 0 1 0 0 0 0 1 62531.dat
1 0 120 -30 0 0 1 0 -1 0 0 0 0 1 2780.dat
1 0 120 -30 -60 0 1 0 -1 0 0 0 0 1 2780.dat
1 0 120 -30 -220 0 1 0 -1 0 0 0 0 1 2780.dat
1 14 120 -40 -120 -1 0 0 0 -1 0 0 0 1 41239.dat
1 19 120 -50 -240 0 -1 0 -1 0 0 0 0 -1 32002.dat
1 19 120 -50 -180 0 -1 0 -1 0 0 0 0 -1 32002.dat
1 14 20 -20 0 0 0 1 -1 0 0 0 -1 0 40490.dat
1 0 120 -20 -260 0 0 1 0 -1 0 1 0 0 15100.dat
1 0 20 -20 70 1 0 0 0 0 1 0 -1 0 87408.dat
1 1 20 -40 70 0 1 0 0 0 1 1 0 0 43093.dat
1 14 20 -20 80 0 1 0 0 0 1 1 0 0 4519.dat
1 4 20 -20 40 0 -1 0 1 0 0 0 0 1 26287.dat
1 19 20 -20 93 0 -1 0 1 0 0 0 0 1 6589.dat
1 0 20 -40 60 0 0 1 0 -1 0 1 0 0 32034.dat
1 70 20 -20 120 0 1 0 1 0 0 0 0 -1 24316.dat
1 71 20 -35 120 1 0 0 0 1 0 0 0 1 6632.dat
1 71 20 -20 160 -1 0 0 0 1 0 0 0 -1 32316.dat
1 4 20 -20 160 0 -1 0 -1 0 0 0 0 -1 11214.dat
1 0 20 -10 200 0 -1 0 -1 0 0 0 0 -1 2780.dat
1 71 20 0 180 1 0 0 0 -1 0 0 0 -1 32523.dat
1 15 20 -40 -140 0 0 1 0 1 0 -1 0 0 32316.dat
1 1 0 -30 -140 0 0 1 1 0 0 0 1 0 43093.dat
1 1 40 -30 -140 0 0 1 1 0 0 0 1 0 43093.dat
1 0 -20 -30 -140 0 0 1 1 0 0 0 1 0 2780.dat
1 0 60 -30 -140 0 0 1 1 0 0 0 1 0 2780.dat
1 15 40 -20 -140 0 0 1 0 -1 0 1 0 0 32140.dat
1 15 0 -20 -140 0 0 -1 0 1 0 1 0 0 32140.dat
1 0 -60 -30 -120 0 0 1 1 0 0 0 1 0 2780.dat
1 0 100 -30 -120 0 0 1 1 0 0 0 1 0 2780.dat
1 71 20 -30 -140 0 0 1 1 0 0 0 1 0 4274.dat
1 15 -60 -40 -100 1 0 0 0 -1 0 0 0 -1 32140.dat
1 15 100 -40 -100 -1 0 0 0 1 0 0 0 -1 32140.dat
1 0 -60 -30 -160 0 0 1 1 0 0 0 1 0 2780.dat
1 0 -40 -30 -160 0 0 1 1 0 0 0 1 0 2780.dat
1 0 80 -30 -160 0 0 1 1 0 0 0 1 0 2780.dat
1 0 100 -30 -160 0 0 1 1 0 0 0 1 0 2780.dat
1 15 -20 -20 -240 -1 0 0 0 -1 0 0 0 1 32526.dat
1 15 60 -20 -240 1 0 0 0 1 0 0 0 1 32526.dat
1 0 60 -30 -240 0 0 1 1 0 0 0 1 0 2780.dat
1 0 -20 -30 -240 0 0 1 1 0 0 0 1 0 2780.dat
1 0 60 -30 -160 0 0 1 1 0 0 0 1 0 2780.dat
1 0 -20 -30 -160 0 0 1 1 0 0 0 1 0 2780.dat
1 15 20 -40 -160 0 0 1 0 1 0 -1 0 0 32316.dat
1 72 20 -70 -160 0 -0.259 0.966 1 0 0 0 0.966 0.259 87083.dat
1 71 20 -60 -160 0 -0.259 0.966 1 0 0 0 0.966 0.259 61510.dat
1 72 20 -80 -160 -0.259 -0.966 0 0 0 -1 0.966 -0.259 0 10928.dat
1 14 20 -40 -240 0 0 -1 0 -1 0 -1 0 0 40490.dat
1 0 -40 -30 -240 0 0 1 1 0 0 0 1 0 2780.dat
1 0 -60 -30 -240 0 0 1 1 0 0 0 1 0 2780.dat
1 0 80 -30 -240 0 0 1 1 0 0 0 1 0 2780.dat
1 0 100 -30 -240 0 0 1 1 0 0 0 1 0 2780.dat
1 14 -50 -20 -240 0 0 1 0 -1 0 1 0 0 43857.dat
1 14 90 -20 -240 0 0 1 0 -1 0 1 0 0 43857.dat
1 72 -60 -20 -100 -1 0 0 0 1 0 0 0 -1 10197.dat
1 71 -40 -20 -80 0 1 0 0 0 -1 -1 0 0 42003.dat
1 0 -20 -30 -80 0 1 0 1 0 0 0 0 -1 6628.dat
1 72 100 -20 -100 -1 0 0 0 1 0 0 0 -1 10197.dat
1 71 80 -20 -80 0 -1 0 0 0 -1 1 0 0 42003.dat
1 0 60 -30 -80 0 -1 0 1 0 0 0 0 1 6628.dat
1 72 100 -50 -140 0 0 1 1 0 0 0 1 0 87083.dat
1 72 -60 -50 -140 0 0 1 1 0 0 0 1 0 87083.dat
1 71 100 -60 -140 0 0 1 1 0 0 0 1 0 61510.dat
1 71 -60 -60 -140 0 0 1 1 0 0 0 1 0 61510.dat
1 1 60 -10 -220 0 0 1 1 0 0 0 1 0 43093.dat
1 1 -20 -10 -220 0 0 1 1 0 0 0 1 0 43093.dat
1 1 60 -20 -180 0 0 1 -1 0 0 0 -1 0 6558.dat
1 1 -20 -20 -180 0 0 1 -1 0 0 0 -1 0 6558.dat
1 71 20 -95 -200 -1 0 0 0 -1 0 0 0 1 99773.dat
1 72 60 -62 -200 0 1 0 -1 0 0 0 0 1 87083.dat
1 72 -20 -62 -200 0 1 0 -1 0 0 0 0 1 87083.dat
1 70 20 -98 -200 0 -1 0 1 0 0 0 0 1 24316.dat
1 72 20 -80 -200 0 -1 0 0 0 1 -1 0 0 3648.dat
1 14 20 -105 -200 0 1 0 0 0 -1 -1 0 0 32123.dat
1 71 60 -80 -200 0 1 0 0 0 1 1 0 0 3713.dat
1 71 -20 -80 -200 0 1 0 0 0 1 1 0 0 3713.dat
1 14 20 -65 -200 0 0 1 0 -1 0 1 0 0 32017.dat
1 14 60 -55 -200 0 1 0 0 0 -1 -1 0 0 32123.dat
1 14 -20 -55 -200 0 1 0 0 0 -1 -1 0 0 32123.dat
1 0 60 -40 -200 -1 0 0 0 -1 0 0 0 1 60483.dat
1 0 -20 -40 -200 -1 0 0 0 -1 0 0 0 1 60483.dat
1 71 20 -120 -200 -1 0 0 0 -1 0 0 0 1 32140.dat
1 0 -60 -80 -140 0 0 -1 0 -1 0 -1 0 0 60483.dat
1 0 100 -80 -140 0 0 1 0 -1 0 1 0 0 60483.dat
1 71 -80 -90 -140 0 0 1 -1 0 0 0 -1 0 3673.dat
1 71 120 -90 -140 0 0 1 -1 0 0 0 -1 0 3673.dat
1 72 -80 -100 -140 0 0 1 0 1 0 -1 0 0 18654.dat
1 72 120 -100 -140 0 0 1 0 1 0 -1 0 0 18654.dat
1 1 20 0 -580 1 0 0 0 1 0 0 0 1 6558.dat
1 1 20 0 -540 1 0 0 0 1 0 0 0 1 6558.dat
1 321 0 0 -600 0 -1 0 1 0 0 0 0 1 32524.dat
1 1 20 0 -600 1 0 0 0 1 0 0 0 1 6558.dat
1 321 20 0 -600 0 -1 0 0 0 -1 1 0 0 32526.dat
1 0 20 0 -660 1 0 0 0 -1 0 0 0 -1 18651.dat
1 321 15 -80 -660 0 -1 0 0 0 1 -1 0 0 32250.dat
1 321 25 -80 -660 0 -1 0 0 0 1 -1 0 0 32250.dat
1 321 40 0 -600 0 -1 0 1 0 0 0 0 1 32524.dat
1 71 20.005 -60 -468.833 0 0 1 0 1 0 -1 0 0 32523.dat
1 70 0.005 -40 -468.833 0 0.185 0.983 -1 0 0 0 -0.983 0.185 15462.dat
1 70 40.005 -40 -468.833 0 -0.185 0.983 -1 0 0 0 -0.983 -0.185 15462.dat
1 72 0.005 -80 -468.833 0 0 1 0 1 0 -1 0 0 18654.dat
1 72 40.005 -80 -468.833 0 0 1 0 1 0 -1 0 0 18654.dat
1 71 0.005 -30 -468.833 0 -0.185 0.983 1 0 0 0 0.983 0.185 41678.dat
1 71 40.005 -30 -468.833 0 -0.185 -0.983 1 0 0 0 -0.983 0.185 41678.dat
1 14 20.005 -30 -508.833 1 0 0 0 1 0 0 0 1 60484.dat
1 19 20.005 -20 -468.833 0 1 0 1 0 0 0 0 -1 32002.dat
1 19 20.005 -20 -508.833 0 1 0 1 0 0 0 0 -1 32002.dat
1 71 0.005 0 -468.833 0 -0.185 0.983 1 0 0 0 0.983 0.185 6536.dat
1 71 40.005 0 -468.833 0 0.185 -0.983 -1 0 0 0 0.983 0.185 6536.dat
1 0 -13.522 0 -451.028 -0.983 0.185 0 0 0 -1 -0.185 -0.983 0 2780.dat
1 0 53.532 0 -451.028 0.983 0.185 0 0 0 -1 -0.185 0.983 0 2780.dat
1 25 59.66 -20 -472.532 -0.185 0 0.983 0 1 0 -0.983 0 -0.185 32054.dat
1 25 59.66 -40 -472.532 -0.185 0 0.983 0 1 0 -0.983 0 -0.185 32054.dat
1 25 -19.65 -20 -472.532 0.185 0 0.983 0 1 0 -0.983 0 0.185 32054.dat
1 25 -19.65 -40 -472.532 0.185 0 0.983 0 1 0 -0.983 0 0.185 32054.dat
1 321 75.616 -40 -495.886 0.983 0 -0.185 0 -1 0 -0.185 0 -0.983 64681.dat
1 0 57.81 0 -482.36 -0.185 0.983 0 0 0 -1 -0.983 -0.185 0 2780.dat
1 0 77.465 -40 -486.059 -0.185 0.983 0 0 0 -1 -0.983 -0.185 0 2780.dat
1 14 97.81 -40 -377.957 0.983 0 -0.185 0 -1 0 -0.185 0 -0.983 62531.dat
1 0 120.01 -40 -260 -0.185 0 -0.983 0 -1 0 -0.983 0 0.185 15100.dat
1 1 120.01 -40 -260 0 0 -1 1 0 0 0 -1 0 6558.dat
1 0 60.819 -50 -574.506 0 0.185 -0.983 -1 0 0 0 0.983 0.185 2780.dat
1 0 68.218 -50 -535.196 0 0.185 -0.983 -1 0 0 0 0.983 0.185 2780.dat
1 0 83.014 -50 -456.576 0 0.185 -0.983 -1 0 0 0 0.983 0.185 2780.dat
1 321 60.819 -60 -574.506 0.983 0 -0.185 0 -1 0 -0.185 0 -0.983 41239.dat
1 321 -35.606 -40 -495.886 0.983 0 0.185 0 -1 0 0.185 0 -0.983 64393.dat
1 0 -17.8 0 -482.36 -0.185 -0.983 0 0 0 -1 0.983 -0.185 0 2780.dat
1 0 -37.455 -40 -486.059 -0.185 -0.983 0 0 0 -1 0.983 -0.185 0 2780.dat
1 14 -57.8 -40 -377.957 -0.983 0 -0.185 0 -1 0 -0.185 0 0.983 62531.dat
1 0 -80 -40 -260 0.185 0 -0.983 0 -1 0 -0.983 0 -0.185 15100.dat
1 1 -80 -40 -260 0 0 -1 1 0 0 0 -1 0 6558.dat
1 0 -20.809 -50 -574.506 0 -0.185 -0.983 -1 0 0 0 0.983 -0.185 2780.dat
1 0 -28.208 -50 -535.196 0 -0.185 -0.983 -1 0 0 0 0.983 -0.185 2780.dat
1 0 -43.004 -50 -456.576 0 -0.185 -0.983 -1 0 0 0 0.983 -0.185 2780.dat
1 321 -20.809 -60 -574.506 0.983 0 0.185 0 -1 0 0.185 0 -0.983 41239.dat
1 14 20.005 -15 -468.833 1 0 0 0 1 0 0 0 1 32017.dat
1 14 120.009 -55 -220 1 0 0 0 1 0 0 0 1 32017.dat
1 14 -80 -55 -220 1 0 0 0 1 0 0 0 1 32017.dat
1 1 20 -80 -600 -1 0 0 0 -1 0 0 0 1 6558.dat
1 1 20 -80 -560 -1 0 0 0 -1 0 0 0 1 6558.dat
1 0 20 -80 -660 1 0 0 0 1 0 0 0 1 18651.dat
1 4 20 -60 -300 1 0 0 0 1 0 0 0 1 32062.dat
1 0 20 -60 -320 -1 0 0 0 0 1 0 1 0 92907.dat
1 321 0 -80 -580 0 -1 0 1 0 0 0 0 1 40490.dat
1 1 20 -80 -540 1 0 0 0 1 0 0 0 1 6558.dat
1 1 20 -80 -500 1 0 0 0 1 0 0 0 1 6558.dat
1 321 20 -80 -420 0 -1 0 1 0 0 0 0 1 41239.dat
1 1 20 -80 -340 -1 0 0 0 -1 0 0 0 1 6558.dat
1 1 20 -80 -360 -1 0 0 0 -1 0 0 0 1 6558.dat
1 1 20 -80 -380 -1 0 0 0 -1 0 0 0 1 6558.dat
1 1 20 -80 -420 -1 0 0 0 -1 0 0 0 1 6558.dat
1 0 20 -80 -620 1 0 0 0 0.907 0.421 0 -0.421 0.907 18651.dat
1 71 20 -80 -620 1 0 0 0 -0.421 0.907 0 -0.907 -0.421 6536.dat
1 1 20 -97.492 -633.929 0 0 1 -0.907 -0.421 0 0.421 -0.907 0 43093.dat
1 0 20 -124.703 -621.296 -1 0 0 0 -0.421 -0.907 0 -0.907 0.421 32034.dat
1 0 30 -124.703 -621.296 -1 0 0 0 -0.421 -0.907 0 -0.907 0.421 6628.dat
1 321 40 -80 -580 0 -1 0 1 0 0 0 0 1 40490.dat
1 71 -10 -80 -640 -1 0 0 0 -1 0 0 0 1 4274.dat
1 71 50 -80 -640 1 0 0 0 1 0 0 0 1 4274.dat
1 36 58 -80 -640 0 -1 0 -1 0 0 0 0 -1 98138.dat
1 34 -18 -80 -640 0 1 0 1 0 0 0 0 -1 98138.dat
1 14 0 -80 -440 0 -1 0 1 0 0 0 0 1 32140.dat
1 14 40 -80 -440 0 -1 0 1 0 0 0 0 1 32140.dat
1 71 0 -140 -360 0 1 0 0 0 1 1 0 0 32140.dat
1 1 20 -100 -360 1 0 0 0 1 0 0 0 1 6558.dat
1 14 20 -140 -360 1 0 0 0 1 0 0 0 1 4519.dat
1 1 -10 -80 -440 1 0 0 0 1 0 0 0 1 43093.dat
1 1 50 -80 -440 -1 0 0 0 -1 0 0 0 1 43093.dat
1 0 -10 -80 -400 -1 0 0 0 -1 0 0 0 1 2780.dat
1 0 50 -80 -400 -1 0 0 0 -1 0 0 0 1 2780.dat
1 4 20 -80 -300 1 0 0 0 1 0 0 0 1 32062.dat
1 321 -20 -80 -360 0 1 0 1 0 0 0 0 -1 64393.dat
1 1 -40 -60 -350 0 -1 0 0 0 -1 1 0 0 43093.dat
1 0 20 -240 -360 0 -1 0 0 0 -1 1 0 0 32278.dat
1 71 40 -140 -360 0 1 0 0 0 1 1 0 0 32140.dat
1 321 60 -80 -360 0 -1 0 -1 0 0 0 0 -1 64681.dat
1 1 80 -60 -350 0 1 0 0 0 1 1 0 0 43093.dat
1 1 105.21 -50 -338.637 0 -0.983 -0.185 -1 0 0 0 0.185 -0.983 43093.dat
1 0 112.61 -50 -299.317 0 -0.983 -0.185 -1 0 0 0 0.185 -0.983 2780.dat
1 0 -72.6 -50 -299.317 0 0.983 -0.185 -1 0 0 0 0.185 0.983 2780.dat
1 1 -65.2 -50 -338.637 0 0.983 -0.185 -1 0 0 0 0.185 0.983 43093.dat
1 14 -70.75 -55 -309.147 0.983 0 -0.185 0 1 0 0.185 0 0.983 32449.dat
1 14 110.76 -55 -309.147 0.983 0 -0.185 0 -1 0 -0.185 0 -0.983 32449.dat
1 14 112.61 -65 -299.317 0.983 0 -0.185 0 -1 0 -0.185 0 -0.983 32017.dat
1 14 -72.6 -65 -299.32 0.983 0 -0.185 0 1 0 0.185 0 0.983 32017.dat
1 14 80 -60 -340 -1 0 0 0 1 0 0 0 -1 32184.dat
1 1 70 -80 -340 1 0 0 0 0 1 0 -1 0 43093.dat
1 4 70 -40 -340 1 0 0 0 1 0 0 0 1 32062.dat
1 71 60 -40 -340 -1 0 0 0 -1 0 0 0 1 6536.dat
1 0 60 -60 -350 0 0 1 0 1 0 -1 0 0 2780.dat
1 14 60 -80 -340 -1 0 0 0 0.906 0.423 0 0.423 -0.906 24116.dat
1 14 -40 -60 -340 -1 0 0 0 1 0 0 0 -1 32184.dat
1 1 -30 -80 -340 -1 0 0 0 0 -1 0 -1 0 43093.dat
1 4 -30 -40 -340 1 0 0 0 1 0 0 0 1 32062.dat
1 71 -20 -40 -340 -1 0 0 0 -1 0 0 0 1 6536.dat
1 0 -20 -60 -350 0 0 -1 0 1 0 1 0 0 2780.dat
1 14 -20 -80 -340 -1 0 0 0 0.906 0.423 0 0.423 -0.906 24116.dat
1 0 20 -180 -200 -1 0 0 0 -1 0 0 0 1 32278.dat
1 19 20 -180 -340 0 1 0 -1 0 0 0 0 1 32556.dat
1 0 20 -170 -300 0 1 0 -1 0 0 0 0 1 2780.dat
1 0 20 -170 -100 0 1 0 -1 0 0 0 0 1 2780.dat
1 0 20 -190 -280 0 1 0 -1 0 0 0 0 1 2780.dat
1 0 20 -190 -120 0 1 0 -1 0 0 0 0 1 2780.dat
1 71 20 -160 -300 0 1 0 1 0 0 0 0 -1 32013.dat
1 71 20 -160 -100 0 -1 0 1 0 0 0 0 1 32013.dat
1 14 20 -160 -200 0 0 1 0 1 0 -1 0 0 60485.dat
1 71 20 -160 -140 0 -1 0 0 0 -1 1 0 0 32013.dat
1 19 20 -130 -140 0 -1 0 -1 0 0 0 0 -1 3749.dat
1 71 20 -200 -120 0 1 0 1 0 0 0 0 -1 32013.dat
1 71 20 -200 -280 0 -1 0 1 0 0 0 0 1 32013.dat
1 72 20 -200 -80 -1 0 0 0 -1 0 0 0 1 10197.dat
1 72 20 -200 -320 1 0 0 0 -1 0 0 0 -1 10197.dat
1 0 30 -200 -320 -1 0 0 0 1 0 0 0 -1 6628.dat
1 0 30 -200 -80 -1 0 0 0 1 0 0 0 -1 6628.dat
1 0 20 -160 -340 1 0 0 0 0 1 0 -1 0 92907.dat
1 0 20 -200 -340 1 0 0 0 0 1 0 -1 0 92907.dat
1 4 20 -160 -360 1 0 0 0 0 1 0 -1 0 32062.dat
1 4 20 -200 -360 1 0 0 0 0 1 0 -1 0 32062.dat
1 0 0 -400 -360 0 -1 0 0 0 1 -1 0 0 32316.dat
1 1 20 -360 -360 1 0 0 0 0 1 0 -1 0 6558.dat
1 1 20 -380 -360 1 0 0 0 0 1 0 -1 0 6558.dat
1 1 20 -420 -360 1 0 0 0 0 1 0 -1 0 6558.dat
1 1 20 -440 -360 1 0 0 0 0 1 0 -1 0 6558.dat
1 0 20 -400 -360 1 0 0 0 0 1 0 -1 0 18651.dat
1 71 20 -400 -360 1 0 0 0 0 -1 0 1 0 6536.dat
1 0 20 -560 -360 0 1 0 0 0 -1 -1 0 0 32278.dat
1 4 20 -660 -360 -1 0 0 0 0 -1 0 -1 0 32062.dat
1 0 20 -680 -340 -1 0 0 0 0 -1 0 -1 0 92907.dat
1 19 20 -690 -340 0 0 1 -1 0 0 0 -1 0 3749.dat
1 19 20 -410 -340 0 0 1 -1 0 0 0 -1 0 3749.dat
1 71 20 -420 -340 0 0 -1 -1 0 0 0 1 0 6536.dat
1 0 30 -420 -320 -1 0 0 0 0 1 0 1 0 6628.dat
1 0 30 -700 -320 -1 0 0 0 0 1 0 1 0 6628.dat
1 71 20 -700 -340 0 0 -1 -1 0 0 0 1 0 6536.dat
1 72 -10 -680 -360 0 -1 0 0 0 1 -1 0 0 10197.dat
1 71 -10 -680 -350 0 -1 0 0 0 -1 1 0 0 4274.dat
1 47 -10 -680 -342 -1 0 0 0 0 -1 0 -1 0 98138.dat
1 15 -10 -700 -360 0 0 1 0 1 0 -1 0 0 32474.dat
1 0 40 -400 -360 0 -1 0 0 0 1 -1 0 0 32316.dat
1 0 20 -242.614 -566.551 0 0 -1 -0.907 0.421 0 0.421 0.907 0 3708.dat
1 0 20 -360.525 -511.807 -1 0 0 0 -0.421 -0.907 0 -0.907 0.421 32034.dat
1 0 30 -360.525 -511.807 -1 0 0 0 -0.421 -0.907 0 -0.907 0.421 6628.dat
1 0 20 -596.347 -402.318 -1 0 0 0 -0.421 -0.907 0 -0.907 0.421 32034.dat
1 0 30 -596.347 -402.318 -1 0 0 0 -0.421 -0.907 0 -0.907 0.421 6628.dat
1 0 20 -478.436 -457.062 0 0 -1 -0.907 0.421 0 0.421 0.907 0 3708.dat
1 14 20 -632.628 -385.473 0 1 0 -0.907 0 0.421 0.421 0 0.907 4519.dat
1 0 20 -632.628 -385.473 -1 0 0 0 0.421 0.907 0 0.907 -0.421 92907.dat
1 4 20 -642.346 -358.911 -1 0 0 0 -0.421 -0.907 0 -0.907 0.421 32062.dat
