0 
0 Name: New Model.ldr
0 Author: 
1 15 100 -64 370 -1 0 0 0 1 0 0 0 -1 30187.dat
1 15 74 -33 453 0 1 0 1 0 0 0 0 -1 50950.dat
1 15 126 -33 453 0 -1 0 -1 0 0 0 0 -1 50950.dat
1 8 100 -82 454 -1 0 0 0 1 0 0 0 -1 4349.dat
1 15 90 -88 350 0 0 1 0 1 0 -1 0 0 30414.dat
1 15 110 -88 350 0 0 -1 0 1 0 1 0 0 30414.dat
1 57 100 -82 476 1 0 0 0 0 -1 0 1 0 6141.dat
1 8 80 -78 370 0 1 0 1 0 0 0 0 -1 61409.dat
1 8 120 -78 370 0 -1 0 -1 0 0 0 0 -1 61409.dat
1 0 66 -78 340 0.707107 0 -0.707107 -0.707107 0 -0.707107 0 1 0 85940.dat
1 0 134 -78 340 -0.707107 0 0.707107 -0.707107 0 -0.707107 0 -1 0 85940.dat
1 15 64 -78 300 0 1 0 -1 0 0 0 0 1 50950.dat
1 15 136 -78 300 0 -1 0 1 0 0 0 0 1 50950.dat
1 8 100 -96 360 1 0 0 0 1 0 0 0 1 3794.dat
1 36 90 -88 340 0 0 1 0 1 0 -1 0 0 54200.dat
1 33 110 -88 340 0 0 -1 0 1 0 1 0 0 54200.dat
1 15 100 -96 320 1 0 0 0 1 0 0 0 1 3069.dat
1 0 100 -104 360 0 0 1 0 1 0 -1 0 0 2555.dat
1 0 100 -110 360 1 0 0 0 0.707107 0.707107 0 -0.707107 0.707107 30031.dat
1 7 51.858 -92.142 330 0 0 1 0 1 0 -1 0 0 61184.dat
1 16 51.858 -92.142 306 1 0 0 0 0 -1 0 1 0 4589.dat
1 7 148.142 -92.142 330 0 0 1 0 1 0 -1 0 0 61184.dat
1 16 148.142 -92.142 306 1 0 0 0 0 -1 0 1 0 4589.dat
