0 Main
0 Name: 8257-1 - Cyber Strikers.mpd
0 Author: LTRON
1 22 -518.261 -5.48 -40 0.342 0 -0.9397 -0.9397 0 -0.342 0 1 0 32009.dat
1 0 -490.9 -80.654 -10 0 -0.342 -0.9397 0 0.9397 -0.342 1 0 0 3705.dat
1 22 -518.261 -5.48 20 0.342 0 -0.9397 -0.9397 0 -0.342 0 1 0 32009.dat
1 0 -422.494 -268.593 -40 0.342 0 0.9397 -0.9397 0 0.342 0 -1 0 6629.dat
1 0 -295.029 -256.254 -30 0 0.342 0.9397 0 -0.9397 0.342 1 0 0 2780.dat
1 0 -328.525 -234.391 -50 0 0.342 0.9397 0 -0.9397 0.342 1 0 0 2780.dat
1 22 -295.029 -256.254 -10 0 0.342 0.9397 0 -0.9397 0.342 1 0 0 75535.dat
1 22 -328.525 -234.391 -70 0 0.342 0.9397 0 -0.9397 0.342 1 0 0 75535.dat
1 0 -295.029 -256.254 10 0 0.342 0.9397 0 -0.9397 0.342 1 0 0 2780.dat
1 0 -328.525 -234.391 -90 0 0.342 0.9397 0 -0.9397 0.342 1 0 0 2780.dat
1 0 -422.494 -268.593 -50 0 0.342 0.9397 0 -0.9397 0.342 1 0 0 3706.dat
1 0 -366.113 -248.073 -50 0 -0.6428 0.766 0 -0.766 -0.6428 1 0 0 3706.dat
1 14 -340.404 -217.43 -10 0 -0.766 -0.6428 0 0.6428 -0.766 1 0 0 6572.dat
1 7 -366.113 -248.073 -10 0 0.766 0.6428 0 -0.6428 0.766 1 0 0 6536.dat
1 0 -373.291 -287.741 -10 0 0.6428 -0.766 0 0.766 0.6428 1 0 0 6553.dat
1 0 -373.291 -287.741 -50 0 0.6428 -0.766 0 0.766 0.6428 1 0 0 3706.dat
1 7 -373.291 -287.741 5 -0.766 0.6428 0 0.6428 0.766 0 0 0 -1 32123.dat
1 7 -373.291 -287.741 -25 -0.766 0.6428 0 0.6428 0.766 0 0 0 -1 32123.dat
1 7 -373.291 -287.741 -40 -0.766 0.6428 0 0.6428 0.766 0 0 0 -1 3713.dat
1 7 -422.494 -268.593 -60 0 -0.342 0.9397 0 0.9397 0.342 -1 0 0 6536.dat
1 7 -422.494 -268.593 -80 0 -0.342 0.9397 0 0.9397 0.342 -1 0 0 6536.dat
1 0 -438.732 -253.222 -60 0.9397 -0.342 0 0.342 0.9397 0 0 0 1 6628.dat
1 0 -438.732 -253.222 -80 0.9397 -0.342 0 0.342 0.9397 0 0 0 1 6628.dat
1 7 -373.234 -287.434 -55 0.984 0 -0.178 -0.178 0 -0.984 0 1 0 32017.dat
1 0 -278.281 -267.186 -70 0 -0.848 0.5299 0 0.5299 0.848 -1 0 0 3705.dat
1 14 -273.351 -422.679 -65 -0.2079 0 0.9781 -0.9781 0 -0.2079 0 -1 0 32133.dat
1 14 -209.782 -436.192 -65 -0.2079 0 0.9781 -0.9781 0 -0.2079 0 -1 0 32080.dat
1 256 -213.693 -435.36 -65 -0.2079 0 0.9781 -0.9781 0 -0.2079 0 -1 0 32134.dat
1 7 -278.281 -267.186 -84 0.5299 -0.848 0 0.848 0.5299 0 0 0 1 32123.dat
1 0 -380.608 -326.859 -71 0 0.7934 0.6088 0 -0.6088 0.7934 1 0 0 4519.dat
1 7 -380.608 -326.859 -46 0.7934 0.6088 0 -0.6088 0.7934 0 0 0 1 32123.dat
1 0 -366.113 -248.073 -70 0 -0.6428 0.766 0 -0.766 -0.6428 1 0 0 6553.dat
1 7 -388.611 -274.886 -70 -0.6428 0.766 0 -0.766 -0.6428 0 0 0 1 6536.dat
1 7 -278.281 -267.186 -64 0.5299 -0.848 0 0.848 0.5299 0 0 0 1 32123.dat
1 7 -373.234 -287.434 -85 0.984 0 -0.178 -0.178 0 -0.984 0 1 0 32017.dat
1 8 -324.584 -305.357 -60 0 0.9744 0.225 0 -0.225 0.9744 1 0 0 32002.dat
1 8 -314.874 -322.024 -60 0 0.9744 0.225 0 -0.225 0.9744 1 0 0 32002.dat
1 8 -305.164 -338.694 -60 0 0.9744 0.225 0 -0.225 0.9744 1 0 0 32002.dat
1 8 -295.451 -355.358 -60 0 0.9744 0.225 0 -0.225 0.9744 1 0 0 32002.dat
1 8 -341.759 -393.529 -60 0 0.9744 0.225 0 -0.225 0.9744 1 0 0 32002.dat
1 8 -370.891 -343.526 -60 0 0.9744 0.225 0 -0.225 0.9744 1 0 0 32002.dat
1 7 -373.291 -287.741 -100 0.766 0.6428 0 -0.6428 0.766 0 0 0 1 3713.dat
1 7 -380.608 -326.859 -76 -0.6088 0.7934 0 -0.7934 -0.6088 0 0 0 1 32123.dat
1 7 -380.608 -326.859 -96 -0.6088 0.7934 0 -0.7934 -0.6088 0 0 0 1 32123.dat
1 0 -422.494 -268.593 -100 0.342 0 0.9397 -0.9397 0 0.342 0 -1 0 6629.dat
1 0 -324.704 -308.555 20 0.4896 0 0.8719 0.8719 0 -0.4896 0 1 0 32009.dat
1 0 -285.532 -238.799 50 0 -0.4896 0.8719 0 -0.8719 -0.4896 1 0 0 3705.dat
1 0 -464.212 -230.217 50 0 -0.4896 0.8719 0 -0.8719 -0.4896 1 0 0 3705.dat
1 7 -464.212 -230.217 35 -0.8719 -0.4896 0 0.4896 -0.8719 0 0 0 1 32123.dat
1 0 -320.412 -219.215 35 -0.4896 0 0.8719 -0.8719 0 -0.4896 0 -1 0 6632.dat
1 0 -320.412 -219.215 60 0 -0.4896 0.8719 0 -0.8719 -0.4896 1 0 0 4519.dat
1 0 -320.412 -219.215 65 -0.4896 0 0.8719 -0.8719 0 -0.4896 0 -1 0 6632.dat
1 7 -464.212 -230.217 65 -0.8719 -0.4896 0 0.4896 -0.8719 0 0 0 1 32123.dat
1 0 -324.704 -308.555 80 0.4896 0 0.8719 0.8719 0 -0.4896 0 1 0 32009.dat
1 0 -367.909 49.244 -10 0 -0.342 -0.9397 0 0.9397 -0.342 1 0 0 3705.dat
1 0 -386.703 42.402 10 0 -0.342 -0.9397 0 0.9397 -0.342 1 0 0 2780.dat
1 0 -386.703 42.402 -30 0 -0.342 -0.9397 0 0.9397 -0.342 1 0 0 2780.dat
1 0 -326.902 53.527 0 -0.9397 -0.342 0 -0.342 0.9397 0 0 0 -1 3702.dat
1 0 -326.902 53.527 -20 -0.9397 -0.342 0 -0.342 0.9397 0 0 0 -1 3702.dat
1 0 -342.959 39.167 -10 -0.9397 -0.342 0 -0.342 0.9397 0 0 0 -1 3068.dat
1 0 -373.939 73.445 -40 1 0 0 0 1 0 0 0 1 3895.dat
1 0 -283.939 73.446 -60 1 0 0 0 1 0 0 0 1 32000.dat
1 0 -373.939 73.445 20 1 0 0 0 1 0 0 0 1 3895.dat
1 0 -283.939 73.446 40 1 0 0 0 1 0 0 0 1 32000.dat
1 0 -293.941 83.444 -50 0 -0.3987 0.9171 0 -0.9171 -0.3987 1 0 0 2780.dat
1 0 -293.941 83.444 30 0 0 1 0 1 0 -1 0 0 2780.dat
1 0 -473.94 83.443 10 0 0 1 0 1 0 -1 0 0 2780.dat
1 0 -473.94 83.443 -30 0 0 1 0 1 0 -1 0 0 2780.dat
1 22 -473.94 83.443 -10 0 0 1 0 1 0 -1 0 0 75535.dat
1 0 -273.939 83.445 -10 0 -0.1132 0.9936 0 0.9936 0.1132 -1 0 0 3708.dat
1 0 -453.94 83.445 -10 0 0 1 0 1 0 -1 0 0 3708.dat
1 0 -457.507 42.369 -60 0.3256 -0.9455 0 0.9455 0.3256 0 0 0 1 3894.dat
1 0 -479.986 7.803 -10 0 0 1 0 1 0 -1 0 0 3708.dat
1 0 -457.507 42.369 40 0.3256 -0.9455 0 0.9455 0.3256 0 0 0 1 3894.dat
1 7 -273.939 83.445 -120 0.9936 -0.1132 0 0.1132 0.9936 0 0 0 1 3713.dat
1 7 -273.939 83.445 60 0.9936 0.1132 0 0.1132 -0.9936 0 0 0 -1 3713.dat
1 7 -453.94 83.445 -80 1 0 0 0 1 0 0 0 1 3713.dat
1 7 -453.94 83.445 60 1 0 0 0 -1 0 0 0 -1 3713.dat
1 7 -479.986 7.803 -80 1 0 0 0 1 0 0 0 1 3713.dat
1 14 -273.939 83.445 -100 -0.9936 -0.1132 0 -0.1132 0.9936 0 0 0 -1 32007.dat
1 14 -273.939 83.445 80 0.9304 -0.3665 0 0.3665 0.9304 0 0 0 1 32007.dat
1 14 -453.94 83.445 -100 -1 0 0 0 1 0 0 0 -1 32007.dat
1 14 -453.94 83.445 80 -0.9848 0.1736 0 0.1736 0.9848 0 0 0 -1 32007.dat
1 14 -479.986 7.803 -100 -1 0 0 0 1 0 0 0 -1 32007.dat
1 14 -479.986 7.803 80 0.9781 0.2079 0 -0.2079 0.9781 0 0 0 1 32007.dat
1 0 -285.67 79.569 80 -0.9387 0.3446 0 -0.3446 -0.9387 0 0 0 1 680.dat
1 0 -304.402 72.692 80 -0.9387 0.3446 0 -0.3446 -0.9387 0 0 0 1 680.dat
1 0 -323.134 65.815 80 -0.9387 0.3446 0 -0.3446 -0.9387 0 0 0 1 680.dat
1 0 -341.865 58.939 80 -0.9387 0.3446 0 -0.3446 -0.9387 0 0 0 1 680.dat
1 0 -360.597 52.062 80 -0.9387 0.3446 0 -0.3446 -0.9387 0 0 0 1 680.dat
1 0 -379.328 45.186 80 -0.9387 0.3446 0 -0.3446 -0.9387 0 0 0 1 680.dat
1 0 -398.06 38.309 80 -0.9387 0.3446 0 -0.3446 -0.9387 0 0 0 1 680.dat
1 0 -416.791 31.433 80 -0.9387 0.3446 0 -0.3446 -0.9387 0 0 0 1 680.dat
1 0 -435.523 24.556 80 -0.9387 0.3446 0 -0.3446 -0.9387 0 0 0 1 680.dat
1 0 -454.254 17.68 80 -0.9387 0.3446 0 -0.3446 -0.9387 0 0 0 1 680.dat
1 0 -273.023 84.077 80 -0.8373 0.5473 0 -0.5473 -0.8373 0 0 0 1 682.dat
1 0 -273.57 84.496 80 -0.3558 0.9348 0 -0.9348 -0.3558 0 0 0 1 682.dat
1 0 -274.256 84.513 80 0.2617 0.9655 0 -0.9655 0.2617 0 0 0 1 682.dat
1 0 -274.823 84.121 80 0.7792 0.6272 0 -0.6272 0.7792 0 0 0 1 682.dat
1 0 -275.052 83.474 80 -0.999 0.0494 0 0.0494 0.999 0 0 0 1 681.dat
1 0 -473.475 26.714 80 0.3256 -0.9455 0 0.9455 0.3256 0 0 0 1 680.dat
1 0 -466.963 45.624 80 0.3256 -0.9455 0 0.9455 0.3256 0 0 0 1 680.dat
1 0 -460.452 64.535 80 0.3256 -0.9455 0 0.9455 0.3256 0 0 0 1 680.dat
1 0 -480.358 6.754 80 0.3584 -0.9339 0 0.9339 0.3584 0 0 0 1 681.dat
1 0 -479.67 6.736 80 -0.259 -0.9662 0 0.9662 -0.259 0 0 0 1 682.dat
1 0 -479.103 7.125 80 -0.7774 -0.6294 0 0.6294 -0.7774 0 0 0 1 682.dat
1 0 -478.873 7.773 80 -0.9989 -0.0522 0 0.0522 -0.9989 0 0 0 1 682.dat
1 0 -473.068 10.433 80 0.9274 0.3748 0 0.3748 -0.9274 0 0 0 1 680.dat
1 0 -433.94 83.445 80 1 0 0 0 1 0 0 0 1 680.dat
1 0 -413.94 83.445 80 1 0 0 0 1 0 0 0 1 680.dat
1 0 -393.94 83.445 80 1 0 0 0 1 0 0 0 1 680.dat
1 0 -373.94 83.445 80 1 0 0 0 1 0 0 0 1 680.dat
1 0 -353.939 83.445 80 1 0 0 0 1 0 0 0 1 680.dat
1 0 -333.939 83.445 80 1 0 0 0 1 0 0 0 1 680.dat
1 0 -313.939 83.445 80 1 0 0 0 1 0 0 0 1 680.dat
1 0 -293.939 83.445 80 1 0 0 0 1 0 0 0 1 680.dat
1 0 -455.053 83.455 80 0.9997 0.0348 0 -0.0348 0.9997 0 0 0 1 681.dat
1 0 -454.847 82.799 80 0.8292 -0.5595 0 0.5595 0.8292 0 0 0 1 682.dat
1 0 -454.294 82.39 80 -0.342 -0.94 0 -0.94 0.342 0 0 0 1 681.dat
1 0 -285.67 79.569 -100 -0.9387 0.3446 0 -0.3446 -0.9387 0 0 0 1 680.dat
1 0 -304.402 72.692 -100 -0.9387 0.3446 0 -0.3446 -0.9387 0 0 0 1 680.dat
1 0 -323.134 65.815 -100 -0.9387 0.3446 0 -0.3446 -0.9387 0 0 0 1 680.dat
1 0 -341.865 58.939 -100 -0.9387 0.3446 0 -0.3446 -0.9387 0 0 0 1 680.dat
1 0 -360.597 52.062 -100 -0.9387 0.3446 0 -0.3446 -0.9387 0 0 0 1 680.dat
1 0 -379.328 45.186 -100 -0.9387 0.3446 0 -0.3446 -0.9387 0 0 0 1 680.dat
1 0 -398.06 38.309 -100 -0.9387 0.3446 0 -0.3446 -0.9387 0 0 0 1 680.dat
1 0 -416.791 31.433 -100 -0.9387 0.3446 0 -0.3446 -0.9387 0 0 0 1 680.dat
1 0 -435.523 24.556 -100 -0.9387 0.3446 0 -0.3446 -0.9387 0 0 0 1 680.dat
1 0 -454.254 17.68 -100 -0.9387 0.3446 0 -0.3446 -0.9387 0 0 0 1 680.dat
1 0 -273.023 84.077 -100 -0.8373 0.5473 0 -0.5473 -0.8373 0 0 0 1 682.dat
1 0 -273.57 84.496 -100 -0.3558 0.9348 0 -0.9348 -0.3558 0 0 0 1 682.dat
1 0 -274.256 84.513 -100 0.2617 0.9655 0 -0.9655 0.2617 0 0 0 1 682.dat
1 0 -274.823 84.121 -100 0.7792 0.6272 0 -0.6272 0.7792 0 0 0 1 682.dat
1 0 -275.052 83.474 -100 -0.999 0.0494 0 0.0494 0.999 0 0 0 1 681.dat
1 0 -473.475 26.714 -100 0.3256 -0.9455 0 0.9455 0.3256 0 0 0 1 680.dat
1 0 -466.963 45.624 -100 0.3256 -0.9455 0 0.9455 0.3256 0 0 0 1 680.dat
1 0 -460.452 64.535 -100 0.3256 -0.9455 0 0.9455 0.3256 0 0 0 1 680.dat
1 0 -480.358 6.754 -100 0.3584 -0.9339 0 0.9339 0.3584 0 0 0 1 681.dat
1 0 -479.67 6.736 -100 -0.259 -0.9662 0 0.9662 -0.259 0 0 0 1 682.dat
1 0 -479.103 7.125 -100 -0.7774 -0.6294 0 0.6294 -0.7774 0 0 0 1 682.dat
1 0 -478.873 7.773 -100 -0.9989 -0.0522 0 0.0522 -0.9989 0 0 0 1 682.dat
1 0 -473.068 10.433 -100 0.9274 0.3748 0 0.3748 -0.9274 0 0 0 1 680.dat
1 0 -433.94 83.445 -100 1 0 0 0 1 0 0 0 1 680.dat
1 0 -413.94 83.445 -100 1 0 0 0 1 0 0 0 1 680.dat
1 0 -393.94 83.445 -100 1 0 0 0 1 0 0 0 1 680.dat
1 0 -373.94 83.445 -100 1 0 0 0 1 0 0 0 1 680.dat
1 0 -353.939 83.445 -100 1 0 0 0 1 0 0 0 1 680.dat
1 0 -333.939 83.445 -100 1 0 0 0 1 0 0 0 1 680.dat
1 0 -313.939 83.445 -100 1 0 0 0 1 0 0 0 1 680.dat
1 0 -293.939 83.445 -100 1 0 0 0 1 0 0 0 1 680.dat
1 0 -455.053 83.455 -100 0.9997 0.0348 0 -0.0348 0.9997 0 0 0 1 681.dat
1 0 -454.847 82.799 -100 0.8292 -0.5595 0 0.5595 0.8292 0 0 0 1 682.dat
1 0 -454.294 82.39 -100 -0.342 -0.94 0 -0.94 0.342 0 0 0 1 681.dat
1 7 -479.986 7.803 60 -1 0 0 0 1 0 0 0 -1 3713.dat
1 7 -479.986 7.803 100 -1 0 0 0 1 0 0 0 -1 3713.dat
1 7 -479.986 7.803 -120 1 0 0 0 1 0 0 0 1 3713.dat
1 7 -453.94 83.445 -120 1 0 0 0 1 0 0 0 1 3713.dat
1 7 -273.939 83.445 100 0.9936 0.1132 0 0.1132 -0.9936 0 0 0 -1 3713.dat
1 7 -453.94 83.445 100 1 0 0 0 -1 0 0 0 -1 3713.dat
1 0 -313.872 -387.699 20 -0.9511 0 -0.309 0.309 0 -0.9511 0 -1 0 32009.dat
1 7 -289.152 -311.616 30 0 0.9511 -0.309 0 -0.309 -0.9511 -1 0 0 4274.dat
1 22 -289.152 -311.616 50 0 0.9511 -0.309 0 -0.309 -0.9511 -1 0 0 75535.dat
1 7 -289.152 -311.616 70 0 -0.9511 -0.309 0 0.309 -0.9511 1 0 0 4274.dat
1 0 -313.872 -387.699 80 -0.9511 0 -0.309 0.309 0 -0.9511 0 -1 0 32009.dat
1 0 -282.973 -292.594 50 0 0.9511 -0.309 0 -0.309 -0.9511 -1 0 0 3706.dat
1 7 -282.973 -292.594 100 0.309 0.9511 0 0.9511 -0.309 0 0 0 -1 3713.dat
1 7 -282.973 -292.594 0 0.309 -0.9511 0 0.9511 0.309 0 0 0 1 3713.dat
1 0 -282.973 -292.594 40 0 0.9781 0.2079 0 0.2079 -0.9781 -1 0 0 6536.dat
1 0 -282.973 -292.594 60 0 0.9781 0.2079 0 0.2079 -0.9781 -1 0 0 6536.dat
1 7 -261.329 -298.219 60 -0.2079 0.9781 0 0.9781 0.2079 0 0 0 -1 3673.dat
1 22 -260.805 -300.663 60 0 -0.2097 -0.9778 0 0.9778 -0.2097 1 0 0 79.dat
1 22 -259.639 -306.039 60 0 0.2146 -0.9767 0 -0.9767 -0.2146 1 0 0 80.dat
1 22 -258.456 -311.411 60 0 0.2158 -0.9764 0 -0.9764 -0.2158 1 0 0 80.dat
1 22 -257.281 -316.787 60 0 0.2109 -0.9775 0 -0.9775 -0.2109 1 0 0 80.dat
1 22 -256.236 -322.185 60.0731 -0.0048 0.165 -0.9863 0.0289 -0.9859 -0.1651 0.9996 0.0293 0 80.dat
1 22 -255.547 -327.628 60.3775 -0.0067 0.0775 -0.997 0.0863 -0.9932 -0.0778 0.9962 0.0866 0 80.dat
1 22 -255.34 -333.084 60.9893 0.0014 -0.0102 -0.9999 0.1407 -0.99 0.0103 0.99 0.1408 0 80.dat
1 22 -255.609 -338.498 61.8872 0.0185 -0.0955 -0.9953 0.1893 -0.9771 0.0972 0.9817 0.1902 0 80.dat
1 22 -256.337 -343.821 63.0431 0.0425 -0.1766 -0.9834 0.2301 -0.9561 0.1816 0.9722 0.234 0 80.dat
1 22 -257.498 -349.015 64.4254 0.0713 -0.2524 -0.965 0.2623 -0.9287 0.2623 0.9624 0.2718 0 80.dat
1 22 -259.063 -354.047 66.0013 0.1028 -0.3226 -0.9409 0.2857 -0.8965 0.3386 0.9528 0.3036 0 80.dat
1 22 -261.001 -358.895 67.7392 0.1353 -0.3872 -0.912 0.3009 -0.8609 0.4102 0.944 0.3299 0 80.dat
1 22 -263.282 -363.542 69.6092 0.1675 -0.4467 -0.8789 0.3086 -0.8229 0.477 0.9363 0.3511 0 80.dat
1 22 -265.879 -367.974 71.5841 0.1983 -0.5015 -0.8421 0.3096 -0.7831 0.5393 0.93 0.3676 0 80.dat
1 22 -268.768 -372.184 73.6392 0.2269 -0.5524 -0.8021 0.3047 -0.7419 0.5972 0.925 0.3799 0 80.dat
1 22 -271.9287 -376.163 75.7521 0.2529 -0.6 -0.759 0.2948 -0.6994 0.6511 0.9215 0.3884 0 80.dat
1 22 -275.3428 -379.903 77.902 0.2757 -0.6446 -0.7131 0.2804 -0.6556 0.7011 0.9194 0.3932 0 80.dat
1 22 -278.9962 -383.398 80.0697 0.295 -0.6869 -0.6642 0.2621 -0.6103 0.7476 0.9188 0.3946 0 80.dat
1 22 -282.8772 -386.639 82.2365 0.3104 -0.7272 -0.6123 0.2404 -0.5631 0.7907 0.9197 0.3926 0 80.dat
1 22 -286.9754 -389.614 84.3838 0.3215 -0.7657 -0.5571 0.2157 -0.5137 0.8304 0.922 0.3872 0 80.dat
1 22 -291.2821 -392.311 86.4922 0.3278 -0.8025 -0.4985 0.1885 -0.4615 0.8669 0.9258 0.3781 0 80.dat
1 22 -295.7882 -394.713 88.5414 0.3286 -0.8377 -0.4362 0.1593 -0.4061 0.8998 0.931 0.3651 0 80.dat
1 22 -300.4842 -396.801 90.5088 0.3232 -0.871 -0.37 0.1287 -0.3469 0.929 0.9375 0.3479 0 80.dat
1 22 -305.3583 -398.553 92.37 0.311 -0.902 -0.2996 0.0977 -0.2832 0.9541 0.9454 0.326 0 80.dat
1 22 -310.3951 -399.941 94.0976 0.2913 -0.9298 -0.225 0.0672 -0.2147 0.9744 0.9543 0.2989 0 80.dat
1 22 -315.5743 -400.939 95.6618 0.2634 -0.9535 -0.1463 0.039 -0.141 0.9892 0.9639 0.2662 0 80.dat
1 22 -320.8689 -401.519 97.0307 0.2271 -0.9718 -0.064 0.0146 -0.0623 0.9979 0.9738 0.2276 0 80.dat
1 22 -326.2446 -401.654 98.1718 0.183 -0.9829 0.0211 -0.0039 0.0207 0.9998 0.9831 0.183 0 80.dat
1 22 -331.6584 -401.325 99.0535 0.1321 -0.9853 0.1078 -0.0143 0.1069 0.9942 0.9911 0.1329 0 80.dat
1 22 -337.0606 -400.519 99.648 0.0768 -0.9779 0.1947 -0.0152 0.1941 0.9809 0.9969 0.0783 0 80.dat
1 22 -342.3736 -399.163 99.8852 0.0009 -0.951 0.3093 -0.0003 0.3093 0.951 1 0.0009 0 80.dat
1 22 -347.6063 -397.458 99.8964 0.0032 -0.9507 0.3102 -0.001 0.3102 0.9507 1 0.0034 0 80.dat
1 22 -352.8352 -395.749 99.9222 0.0059 -0.9503 0.3112 -0.0019 0.3112 0.9504 1 0.0063 0 80.dat
1 22 -358.0641 -394.037 99.9568 0.006 -0.9503 0.3112 -0.002 0.3112 0.9503 1 0.0063 0 80.dat
1 22 -363.295 -392.327 99.9843 0.0033 -0.9507 0.3102 -0.0011 0.3102 0.9507 1 0.0034 0 80.dat
1 22 -368.5267 -390.623 99.9971 0.0009 -0.9509 0.3093 -0.0003 0.3093 0.9509 1 0.001 0 79.dat
1 22 -260.805 -300.663 40 0 -0.2097 -0.9778 0 0.9778 -0.2097 -1 0 0 79.dat
1 22 -259.639 -306.039 40 0 0.2146 -0.9767 0 -0.9767 -0.2146 -1 0 0 80.dat
1 22 -258.456 -311.411 40 0 0.2158 -0.9764 0 -0.9764 -0.2158 -1 0 0 80.dat
1 22 -257.281 -316.787 40 0 0.2109 -0.9775 0 -0.9775 -0.2109 -1 0 0 80.dat
1 22 -256.236 -322.185 39.927 -0.0048 0.165 -0.9863 0.0289 -0.9859 -0.1651 -0.9996 -0.0293 0 80.dat
1 22 -255.547 -327.628 39.622 -0.0067 0.0775 -0.997 0.0863 -0.9932 -0.0778 -0.9962 -0.0866 0 80.dat
1 22 -255.34 -333.084 39.011 0.0014 -0.0102 -0.9999 0.1407 -0.99 0.0103 -0.99 -0.1408 0 80.dat
1 22 -255.609 -338.498 38.113 0.0185 -0.0955 -0.9953 0.1893 -0.9771 0.0972 -0.9817 -0.1902 0 80.dat
1 22 -256.337 -343.821 36.957 0.0425 -0.1766 -0.9834 0.2301 -0.9561 0.1816 -0.9722 -0.234 0 80.dat
1 22 -257.498 -349.015 35.575 0.0713 -0.2524 -0.965 0.2623 -0.9287 0.2623 -0.9624 -0.2718 0 80.dat
1 22 -259.063 -354.047 33.999 0.1028 -0.3226 -0.9409 0.2857 -0.8965 0.3386 -0.9528 -0.3036 0 80.dat
1 22 -261.001 -358.895 32.261 0.1353 -0.3872 -0.912 0.3009 -0.8609 0.4102 -0.944 -0.3299 0 80.dat
1 22 -263.282 -363.542 30.391 0.1675 -0.4467 -0.8789 0.3086 -0.8229 0.477 -0.9363 -0.3511 0 80.dat
1 22 -265.879 -367.975 28.416 0.1983 -0.5015 -0.8421 0.3096 -0.7831 0.5393 -0.93 -0.3676 0 80.dat
1 22 -268.768 -372.184 26.361 0.2269 -0.5524 -0.8021 0.3047 -0.7419 0.5972 -0.925 -0.3799 0 80.dat
1 22 -271.929 -376.163 24.248 0.2529 -0.6 -0.759 0.2948 -0.6994 0.6511 -0.9215 -0.3884 0 80.dat
1 22 -275.343 -379.903 22.098 0.2757 -0.6446 -0.7131 0.2804 -0.6556 0.7011 -0.9194 -0.3932 0 80.dat
1 22 -278.996 -383.398 19.93 0.295 -0.6869 -0.6642 0.2621 -0.6103 0.7476 -0.9188 -0.3946 0 80.dat
1 22 -282.877 -386.639 17.763 0.3104 -0.7272 -0.6123 0.2404 -0.5631 0.7907 -0.9197 -0.3926 0 80.dat
1 22 -286.975 -389.614 15.616 0.3215 -0.7657 -0.5571 0.2157 -0.5137 0.8304 -0.922 -0.3872 0 80.dat
1 22 -291.282 -392.311 13.508 0.3278 -0.8025 -0.4985 0.1885 -0.4615 0.8669 -0.9258 -0.3781 0 80.dat
1 22 -295.788 -394.713 11.459 0.3286 -0.8377 -0.4362 0.1593 -0.4061 0.8998 -0.931 -0.3651 0 80.dat
1 22 -300.484 -396.801 9.491 0.3232 -0.871 -0.37 0.1287 -0.3469 0.929 -0.9375 -0.3479 0 80.dat
1 22 -305.358 -398.553 7.63 0.311 -0.902 -0.2996 0.0977 -0.2832 0.9541 -0.9454 -0.326 0 80.dat
1 22 -310.395 -399.941 5.902 0.2913 -0.9298 -0.225 0.0672 -0.2147 0.9744 -0.9543 -0.2989 0 80.dat
1 22 -315.574 -400.939 4.338 0.2634 -0.9535 -0.1463 0.039 -0.141 0.9892 -0.9639 -0.2662 0 80.dat
1 22 -320.869 -401.519 2.969 0.2271 -0.9718 -0.064 0.0146 -0.0623 0.9979 -0.9738 -0.2276 0 80.dat
1 22 -326.245 -401.654 1.828 0.183 -0.9829 0.0211 -0.0039 0.0207 0.9998 -0.9831 -0.183 0 80.dat
1 22 -331.658 -401.325 0.946 0.1321 -0.9853 0.1078 -0.0143 0.1069 0.9942 -0.9911 -0.1329 0 80.dat
1 22 -337.061 -400.519 0.352 0.0768 -0.9779 0.1947 -0.0152 0.1941 0.9809 -0.9969 -0.0783 0 80.dat
1 22 -342.374 -399.163 0.115 0.0009 -0.951 0.3093 -0.0003 0.3093 0.951 -1 -0.0009 0 80.dat
1 22 -347.606 -397.458 0.104 0.0032 -0.9507 0.3102 -0.001 0.3102 0.9507 -1 -0.0034 0 80.dat
1 22 -352.835 -395.749 0.078 0.0059 -0.9503 0.3112 -0.0019 0.3112 0.9504 -1 -0.0063 0 80.dat
1 22 -358.064 -394.037 0.043 0.006 -0.9503 0.3112 -0.002 0.3112 0.9503 -1 -0.0063 0 80.dat
1 22 -363.295 -392.327 0.016 0.0033 -0.9507 0.3102 -0.0011 0.3102 0.9507 -1 -0.0034 0 80.dat
1 22 -368.527 -390.623 0.003 0.0009 -0.9509 0.3093 -0.0003 0.3093 0.9509 -1 -0.001 0 79.dat
1 7 -261.329 -298.219 40 -0.2079 0.9781 0 0.9781 0.2079 0 0 0 -1 3673.dat
1 0 -370.937 -369.159 90 0 0.9511 -0.309 0 -0.309 -0.9511 -1 0 0 2780.dat
1 0 -370.937 -369.159 10 0 0.9511 -0.309 0 -0.309 -0.9511 -1 0 0 2780.dat
1 0 -377.117 -388.182 100 -0.9511 0.309 0 0.309 0.9511 0 0 0 -1 6536.dat
1 0 -377.117 -388.182 0 -0.9511 0.309 0 0.309 0.9511 0 0 0 -1 6536.dat
1 7 -367.507 -390.953 100 -0.9511 0.309 0 0.309 0.9511 0 0 0 -1 3749.dat
1 7 -367.507 -390.953 0 -0.9511 0.309 0 0.309 0.9511 0 0 0 -1 3749.dat
1 0 -301.512 -349.657 90 0.9511 0 -0.309 -0.309 0 -0.9511 0 1 0 4287.dat
1 0 -301.512 -349.657 10 -0.9511 0 -0.309 0.309 0 -0.9511 0 -1 0 4287.dat
1 0 -389.958 -362.979 50 0 0.9511 0.309 0 -0.309 0.9511 1 0 0 3705.dat
1 0 -472.933 -159.252 0 0.342 0.9397 0 -0.9397 0.342 0 0 0 1 32018.dat
1 0 -443.016 -212.2141 -10 0 -0.342 -0.9397 0 0.9397 -0.342 1 0 0 2780.dat
1 0 -484.056 -99.45 -10 0 -0.342 -0.9397 0 0.9397 -0.342 1 0 0 2780.dat
1 0 -472.933 -159.252 -20 0.342 0.9397 0 -0.9397 0.342 0 0 0 1 32018.dat
1 0 -497.736 -61.862 -30 0 -0.342 -0.9397 0 0.9397 -0.342 1 0 0 2780.dat
1 0 -504.576 -43.068 -30 0 -0.342 -0.9397 0 0.9397 -0.342 1 0 0 2780.dat
1 0 -504.576 -43.068 10 0 -0.342 -0.9397 0 0.9397 -0.342 1 0 0 2780.dat
1 0 -497.736 -61.862 10 0 -0.342 -0.9397 0 0.9397 -0.342 1 0 0 2780.dat
1 0 -446.2506 -255.958 -10 0.342 0.9397 0 -0.9397 0.342 0 0 0 1 3068.dat
1 14 -487.2905 -143.194 -10 0.342 0.9397 0 -0.9397 0.342 0 0 0 1 3738.dat
1 0 -423.0202 -226.22 -10 0.342 0.9397 0 -0.9397 0.342 0 0 0 1 32001.dat
1 0 -405.2426 -251.675 -10 0.342 0.9397 0 -0.9397 0.342 0 0 0 1 3021.dat
1 0 -394.305 -258.336 -10 0 0.9397 -0.342 0 0.342 0.9397 1 0 0 2817.dat
1 0 -384.908 -254.916 -20 0 0.9397 -0.342 0 0.342 0.9397 1 0 0 6558.dat
1 0 -429.336 -249.802 0 0 -0.9397 -0.342 0 -0.342 0.9397 -1 0 0 6558.dat
1 0 -496.1634 -188.9901 -10 0.342 0.9397 0 -0.9397 0.342 0 0 0 1 6192.dat
1 0 -523.5234 -113.814 -10 0.342 0.9397 0 -0.9397 0.342 0 0 0 1 6192.dat
1 22 -324.584 -305.357 -55 0.6362 0 0.7717 -0.7717 0 0.6362 0 -1 0 32065.dat
1 0 -324.584 -305.357 -65 0.358448 0 0.933669 -0.933669 0 0.358448 0 -1 0 32065.dat
1 22 -324.584 -305.357 -75 0.6362 0 0.7717 -0.7717 0 0.6362 0 -1 0 32065.dat
1 0 -314.8732 -322.0245 -65 0.358448 0 0.933669 -0.933669 0 0.358448 0 -1 0 32065.dat
1 22 -314.8732 -322.0245 -75 0.6362 0 0.7717 -0.7717 0 0.6362 0 -1 0 32065.dat
1 22 -314.8732 -322.0245 -55 0.6362 0 0.7717 -0.7717 0 0.6362 0 -1 0 32065.dat
1 0 -305.1622 -338.6924 -65 0.358448 0 0.933669 -0.933669 0 0.358448 0 -1 0 32065.dat
1 22 -305.1622 -338.6924 -75 0.6362 0 0.7717 -0.7717 0 0.6362 0 -1 0 32065.dat
1 22 -305.1622 -338.6924 -55 0.6362 0 0.7717 -0.7717 0 0.6362 0 -1 0 32065.dat
1 0 -295.4515 -355.3596 -65 0.358448 0 0.933669 -0.933669 0 0.358448 0 -1 0 32065.dat
1 22 -295.4515 -355.3596 -75 0.6362 0 0.7717 -0.7717 0 0.6362 0 -1 0 32065.dat
1 22 -295.4515 -355.3596 -55 0.6362 0 0.7717 -0.7717 0 0.6362 0 -1 0 32065.dat
1 0 -285.7407 -372.0272 -65 0.358448 0 0.933669 -0.933669 0 0.358448 0 -1 0 32065.dat
1 22 -285.7407 -372.0272 -75 0.6362 0 0.7717 -0.7717 0 0.6362 0 -1 0 32065.dat
1 22 -285.7407 -372.0272 -55 0.6362 0 0.7717 -0.7717 0 0.6362 0 -1 0 32065.dat
1 22 -241.7542 -388.6775 -75 0.953862 0 -0.300609 -0.300609 0 -0.953862 0 1 0 32017.dat
1 8 -253.7799 -426.8331 -60 0 0.97429 0.224921 0 -0.224921 0.97429 1 0 0 32002.dat
1 8 -229.7193 -350.5196 -60 0 0.97429 0.224921 0 -0.224921 0.97429 1 0 0 32002.dat
1 8 -239.43 -333.8521 -60 0 0.97429 0.224921 0 -0.224921 0.97429 1 0 0 32002.dat
1 8 -249.1408 -317.1848 -60 0 0.97429 0.224921 0 -0.224921 0.97429 1 0 0 32002.dat
1 8 -258.8517 -300.5171 -60 0 0.97429 0.224921 0 -0.224921 0.97429 1 0 0 32002.dat
1 8 -268.5626 -283.8495 -60 0 0.97429 0.224921 0 -0.224921 0.97429 1 0 0 32002.dat
1 8 -285.7407 -372.0272 -60 0 0.97429 0.224921 0 -0.224921 0.97429 1 0 0 32002.dat
1 8 -332.0427 -410.1992 -60 0 0.97429 0.224921 0 -0.224921 0.97429 1 0 0 32002.dat
1 8 -351.4642 -376.8644 -60 0 0.97429 0.224921 0 -0.224921 0.97429 1 0 0 32002.dat
1 8 -361.1752 -360.1965 -60 0 0.97429 0.224921 0 -0.224921 0.97429 1 0 0 32002.dat
1 22 -241.7542 -388.6775 -55 0.953862 0 -0.300609 -0.300609 0 -0.953862 0 1 0 32017.dat
1 22 -204.915 -159.425 50 -0.7953 0 -0.6062 0.6062 0 -0.7953 0 -1 0 6629.dat
1 0 -253.4106 -223.0485 50 0 -0.7953 -0.6062 0 0.6062 -0.7953 1 0 0 6558.dat
1 0 -204.915 -159.425 40 0 -0.7953 -0.6062 0 0.6062 -0.7953 1 0 0 4519.dat
1 0 -229.163 -191.237 50 0 -0.7953 -0.6062 0 0.6062 -0.7953 1 0 0 32062.dat
1 0 -204.915 -159.425 65 0.7953 0 -0.6062 -0.6062 0 -0.7953 0 1 0 6632.dat
1 0 -204.915 -159.425 35 0.7953 0 -0.6062 -0.6062 0 -0.7953 0 1 0 6632.dat
1 0 -204.915 -159.425 20 0.7953 0.6062 0 -0.6062 0.7953 0 0 0 1 32039.dat
1 0 -204.1196 -160.0311 0 -0.7953 0.6062 0 0.6062 0.7953 0 0 0 -1 32062.dat
1 20 -190.5997 -170.3365 0 -0.6062 -0.7953 0 -0.7953 0.6062 0 0 0 -1 2723.dat
1 7 -359.58 -288.973 30 0 -0.8369 0.5473 0 -0.5473 -0.8369 1 0 0 3673.dat
1 22 -367.1743 -307.4742 35 -0.92505 0 0.379699 0.379699 0 0.92505 0 1 0 32065.dat
1 0 -351.9856 -270.4714 50 0 0.92505 0.379699 0 -0.379699 0.92505 1 0 0 2780.dat
1 0 -367.1743 -307.4742 50 0 0.92505 0.379699 0 -0.379699 0.92505 1 0 0 2780.dat
1 0 -382.363 -344.4769 50 0 0.92505 0.379699 0 -0.379699 0.92505 1 0 0 2780.dat
1 7 -370.9714 -316.7249 45 -0.92505 0 0.379699 0.379699 0 0.92505 0 1 0 32063.dat
1 7 -370.9714 -316.7249 55 -0.92505 0 0.379699 0.379699 0 0.92505 0 1 0 32063.dat
1 22 -367.1743 -307.4742 65 -0.92505 0 0.379699 0.379699 0 0.92505 0 1 0 32065.dat
1 0 -344.3914 -251.9701 50 0 0.99968 0.02299 0 -0.02299 0.99968 1 0 0 3704.dat
1 7 -359.58 -288.973 70 0 -0.8369 0.5473 0 -0.5473 -0.8369 1 0 0 3673.dat
1 0 -319.631 -258.824 65 0 1 0 0 0 1 1 0 0 2703.dat
1 0 -319.631 -258.824 35 0 1 0 0 0 1 1 0 0 2709.dat
1 0 -279.631 -258.8241 40 0 1 0 0 0 1 1 0 0 2704.dat
1 0 -279.631 -258.8241 60 0 1 0 0 0 1 1 0 0 2704.dat
1 0 -239.631 -258.8241 60 0 1 0 0 0 1 1 0 0 2706.dat
1 0 -239.631 -258.8241 40 0 1 0 0 0 1 1 0 0 2706.dat
1 0 -326.4098 -274.4136 50 0 0.3987 -0.9171 0 0.9171 0.3987 1 0 0 2699.dat
1 22 -326.4098 -274.4136 50 0 0.3987 -0.9171 0 0.9171 0.3987 1 0 0 2698.dat
1 0 -326.4098 -274.4136 50 0 0.3987 -0.9171 0 0.9171 0.3987 1 0 0 2710.dat
1 14 -347.9426 -323.9349 50 0 0.0175 -0.9998 0 0.9998 0.0175 1 0 0 2707.dat
1 7 -344.7524 -316.5985 76.2 -0.7193 -0.6947 0 -0.6947 0.7193 0 0 0 -1 2701.dat
1 7 -344.7524 -316.5985 76.2 -0.4379 -0.6947 -0.5707 -0.4229 0.7193 -0.5511 0.7934 0 -0.6088 2705.dat
1 7 -344.7524 -316.5985 76.2 -0.4379 -0.6947 -0.5707 -0.4229 0.7193 -0.5511 0.7934 0 -0.6088 2700.dat
1 7 -327.061 -299.5141 95.072 -0.4379 -0.6947 -0.5707 -0.4229 0.7193 -0.5511 0.7934 0 -0.6088 2701.dat
1 7 -327.061 -299.5141 95.072 -0.1862 -0.6947 -0.6948 -0.1798 0.7193 -0.671 0.9659 0 -0.2588 2705.dat
1 7 -327.061 -299.5141 95.072 -0.1862 -0.6947 -0.6948 -0.1798 0.7193 -0.671 0.9659 0 -0.2588 2700.dat
1 14 -303.089 -276.3649 104.0012 0.1862 0.6947 -0.6948 0.1798 -0.7193 -0.671 -0.9659 0 -0.2588 2702.dat
1 7 -344.7524 -316.5985 23.8001 -0.6088 0.7934 0 -0.7934 -0.6088 0 0 0 1 2701.dat
1 7 -344.7521 -316.5984 23.8001 -0.4305 0.7934 0.4305 -0.561 -0.6088 0.561 0.7071 0 0.7071 2705.dat
1 7 -344.752 -316.5992 23.8001 -0.4305 0.7934 -0.4305 -0.561 -0.6088 -0.561 -0.7071 0 0.7071 2700.dat
1 7 -331.0138 -299.5162 1.8816 -0.4358 0.7835 -0.4433 -0.5569 -0.6216 -0.5512 -0.7071 0.0067 0.7071 2701.dat
1 7 -331.4079 -299.2088 1.88 -0.233 0.7934 -0.5624 -0.3036 -0.6088 -0.733 -0.9239 0 0.3827 2705.dat
1 7 -331.4079 -299.2088 1.88 -0.233 0.7934 -0.5624 -0.3036 -0.6088 -0.733 -0.9239 0 0.3827 2700.dat
1 14 -312.0043 -273.9216 -11.3226 0.233 -0.7934 -0.5624 0.3036 0.6088 -0.733 0.9239 0 0.3827 2702.dat
1 8 -383.92 -231.054 49 0.023 -0.9997 0 0.9997 0.023 0 0 0 1 2909.dat
1 8 -463.896 -229.214 49 0.023 -0.9997 0 0.9997 0.023 0 0 0 1 2910.dat
