0 Main
0 Name: 6645-1 - Street Sweeper.mpd
0 Author: LTRON
1 0 98.3 -6 -70.98 0.5 0 -0.866 0 1 0 0.866 0 0.5 3022.dat
1 0 20.36 -6 -25.98 0.866 0 0.5 0 1 0 -0.5 0 0.866 3021.dat
1 0 29.02 -14 -30.98 0.5 0 -0.866 0 1 0 0.866 0 0.5 4600.dat
1 0 98.3 -14 -70.98 0.5 0 -0.866 0 1 0 0.866 0 0.5 4600.dat
1 0 3.04 -14 -15.98 -0.5 0 0.866 0 1 0 -0.866 0 -0.5 2452.dat
1 0 63.66 -22 -50.98 -0.866 0 -0.5 0 1 0 0.5 0 -0.866 3020.dat
1 0 106.96 -22 -75.98 0.5 0 -0.866 0 1 0 0.866 0 0.5 2452.dat
1 7 145.064 -43 -97.98 0.433 0.749956 0.5 -0.866 0.5 0 -0.25 -0.433 0.866 4626.dat
1 16 -1.96 -22 -24.64 -0.5 0 0.866 0 1 0 -0.866 0 -0.5 2420.dat
1 16 8.04 -22 -7.32 0.866 0 0.5 0 1 0 -0.5 0 0.866 2420.dat
1 16 63.66 -30 -50.98 0.5 0 -0.866 0 1 0 0.866 0 0.5 3020.dat
1 16 29.02 -38 -30.98 -0.5 0 0.866 0 1 0 -0.866 0 -0.5 3788.dat
1 16 98.3 -38 -70.98 -0.5 0 0.866 0 1 0 -0.866 0 -0.5 3788.dat
1 16 -13.0763 -40.228 -6.675 0.075342 -0.866 0.5 0.996 0.087 0 -0.0435 0.5 0.866 4531.dat
1 16 -26.9323 -38.836 1.325 0.075342 -0.866 0.5 0.996 0.087 0 -0.0435 0.5 0.866 3938.dat
1 16 -34.9895 -29.998 5.977 -0.5 0.075342 0.866 0 0.996 -0.087 -0.866 -0.0435 -0.5 2578.dat
1 1 -49.5768 -24.265 66.36 -0.866 -0.5 -0.075342 0.087 0 -0.996 0.5 -0.866 0.0435 2498.dat
1 1 -72.5768 -24.265 26.524 -0.866 -0.5 -0.075342 0.087 0 -0.996 0.5 -0.866 0.0435 2498.dat
1 0 -72.9428 -24.178 27.89 -0.5 -0.866 0.075342 0 0.087 0.996 -0.866 0.5 -0.0435 3706.dat
1 16 62.32 -46 -73.3 0.5 0 -0.866 0 1 0 0.866 0 0.5 4531.dat
1 0 95.32 -42 -16.144 0 -0.5 -0.866 1 0 0 0 -0.866 0.5 2433.dat
1 0 99.32 -42 -9.216 0.866 -0.5 0 0 0 1 -0.5 -0.866 0 2555.dat
1 4 83.3 -62 -96.96 -0.866 0 -0.5 0 1 0 0.5 0 -0.866 3010.dat
1 16 109.28 -38 -111.96 0.5 0 -0.866 0 1 0 0.866 0 0.5 4070.dat
1 36 121.404 -28 -118.96 0.5 -0.866 0 0 0 -1 0.866 0.5 0 6141.dat
1 16 55 -38 -45.98 0.5 0 -0.866 0 1 0 0.866 0 0.5 3710.dat
1 0 3.04 -30 -15.98 -0.5 0 0.866 0 1 0 -0.866 0 -0.5 3829.dat
1 36 151.404 -28 -67 0.5 -0.866 0 0 0 -1 0.866 0.5 0 6141.dat
1 16 139.28 -38 -60 0.5 0 -0.866 0 1 0 0.866 0 0.5 4070.dat
1 4 121.96 -62 -50 -0.866 0 -0.5 0 1 0 0.5 0 -0.866 3622.dat
1 0 50 -62 -54.64 0.866 0 0.5 0 1 0 -0.5 0 0.866 2357.dat
1 4 70 -62 -20 0.5 0 -0.866 0 1 0 0.866 0 0.5 3822.dat
1 4 40 -62 -71.96 0.5 0 -0.866 0 1 0 0.866 0 0.5 3821.dat
1 16 91.96 -86 -101.96 0.5 0 -0.866 0 1 0 0.866 0 0.5 3040.dat
1 16 121.96 -86 -50 0.5 0 -0.866 0 1 0 0.866 0 0.5 3040.dat
1 16 80.98 -86 -60.98 -0.5 0 0.866 0 1 0 -0.866 0 -0.5 3001.dat
1 16 55 -70 -45.98 0.5 0 -0.866 0 1 0 0.866 0 0.5 3710.dat
1 47 3.04 -118 -15.98 -0.5 0 0.866 0 1 0 -0.866 0 -0.5 4872.dat
1 7 102.32 2 -4.02 0.866 0 0.5 0 1 0 -0.5 0 0.866 4740.dat
1 15 102.32 -6 -4.02 0.866 0 0.5 0 1 0 -0.5 0 0.866 6141.dat
1 15 102.32 -14 -4.02 0.866 0 0.5 0 1 0 -0.5 0 0.866 6141.dat
1 47 16.03 -122 -23.48 -0.5 0 0.866 0 1 0 -0.866 0 -0.5 2348.dat
1 16 29.02 -126 -30.98 -0.5 0 0.866 0 1 0 -0.866 0 -0.5 2349.dat
1 16 55 -118 -45.98 -0.5 0 0.866 0 1 0 -0.866 0 -0.5 4214.dat
1 16 -22.94 -126 -0.98 -0.5 0 0.866 0 1 0 -0.866 0 -0.5 3020.dat
1 46 -19.28 -142 -14.64 -0.5 0 0.866 0 1 0 -0.866 0 -0.5 6141.dat
1 46 -19.28 -134 -14.64 -0.5 0 0.866 0 1 0 -0.866 0 -0.5 6141.dat
1 0 44.02 -9 -5 -0.866 0 -0.5 0 1 0 0.5 0 -0.866 3641.dat
1 14 44.02 -9 -5 -0.866 0 -0.5 0 1 0 0.5 0 -0.866 4624.dat
1 0 113.3 -9 -45 -0.866 0 -0.5 0 1 0 0.5 0 -0.866 3641.dat
1 14 113.3 -9 -45 -0.866 0 -0.5 0 1 0 0.5 0 -0.866 4624.dat
1 0 83.3 -9 -96.96 0.866 0 0.5 0 1 0 -0.5 0 0.866 3641.dat
1 14 83.3 -9 -96.96 0.866 0 0.5 0 1 0 -0.5 0 0.866 4624.dat
1 0 14.02 -9 -56.96 0.866 0 0.5 0 1 0 -0.5 0 0.866 3641.dat
1 14 14.02 -9 -56.96 0.866 0 0.5 0 1 0 -0.5 0 0.866 4624.dat
1 16 102 -32 -4 0.5 0 -0.866 0 1 0 0.866 0 0.5 752.dat
1 16 102 -32 -4 0.5 0 0.866 0 -1 0 0.866 0 -0.5 755.dat
1 16 67 -104 -64.62 0.5 0 -0.866 0 1 0 0.866 0 0.5 752.dat
1 16 67 -104 -64.62 0.5 0 0.866 0 -1 0 0.866 0 -0.5 755.dat
1 16 92.8673 -104.8738 -19.8178 0.410633 0.285272 -0.866 -0.570544 0.821267 0 0.711217 0.494091 0.5 756.dat
1 16 91.6087 -108.436 -21.9978 0.39726 -0.303619 0.866 -0.607238 -0.79452 0 0.688054 -0.525868 -0.5 754.dat
1 16 90.8239 -110.4365 -23.3571 0.384203 -0.319981 0.866 -0.639961 -0.768407 0 0.66544 -0.554206 -0.5 754.dat
1 16 90.0838 -112.1879 -24.6389 0.373848 -0.33202 0.866 -0.664041 -0.747697 0 0.647506 -0.57506 -0.5 754.dat
1 16 89.3136 -113.8864 -25.9728 0.363433 -0.34339 0.866 -0.68678 -0.726866 0 0.629466 -0.594751 -0.5 754.dat
1 16 88.4289 -115.7124 -27.5051 0.348847 -0.358198 0.866 -0.716396 -0.697694 0 0.604203 -0.620399 -0.5 754.dat
1 16 87.5067 -117.4625 -29.1025 0.333137 -0.372854 0.866 -0.745708 -0.666273 0 0.576992 -0.645783 -0.5 754.dat
1 16 86.5478 -119.1318 -30.7632 0.316933 -0.386721 0.866 -0.773442 -0.633866 0 0.548928 -0.669801 -0.5 754.dat
1 16 85.5527 -120.7138 -32.4867 0.297522 -0.401846 0.866 -0.803693 -0.595044 0 0.515308 -0.695998 -0.5 754.dat
1 16 84.5197 -122.1952 -34.2758 0.276969 -0.416279 0.866 -0.832558 -0.553938 0 0.47971 -0.720995 -0.5 754.dat
1 16 83.4499 -123.5675 -36.1288 0.253509 -0.430968 0.866 -0.861935 -0.507019 0 0.439078 -0.746436 -0.5 754.dat
1 16 82.3429 -124.8161 -38.0461 0.22719 -0.445404 0.866 -0.890808 -0.45438 0 0.393493 -0.77144 -0.5 754.dat
1 16 81.1994 -125.9253 -40.0266 0.197219 -0.459461 0.866 -0.918922 -0.394438 0 0.341583 -0.795786 -0.5 754.dat
1 16 80.0205 -126.8728 -42.0685 0.161218 -0.473295 0.866 -0.946591 -0.322436 0 0.27923 -0.819748 -0.5 754.dat
1 16 78.8084 -127.6332 -44.1679 0.122753 -0.484698 0.866 -0.969395 -0.245505 0 0.212607 -0.839496 -0.5 754.dat
1 16 77.5687 -128.1845 -46.315 0.075525 -0.494263 0.866 -0.988526 -0.151051 0 0.13081 -0.856064 -0.5 754.dat
1 16 76.3083 -128.4913 -48.498 0.025421 -0.499354 0.866 -0.998707 -0.050842 0 0.044029 -0.86488 -0.5 754.dat
1 16 75.0395 -128.5212 -50.6955 0.038937 -0.498482 -0.866 0.996963 0.077875 0 0.06744 -0.86337 0.5 754.dat
1 16 73.7801 -128.2181 -52.8768 0.107185 -0.488376 -0.866 0.976753 0.214369 0 0.185644 -0.845868 0.5 754.dat
1 16 72.5561 -127.5593 -54.9969 0.181106 -0.466048 -0.866 0.932096 0.362211 0 0.313675 -0.807195 0.5 754.dat
1 16 71.3998 -126.5228 -56.9995 0.256227 -0.429357 -0.866 0.858714 0.512454 0 0.443785 -0.743646 0.5 754.dat
1 16 70.3475 -125.112 -58.8221 0.326423 -0.378746 -0.866 0.757491 0.652846 0 0.565365 -0.655987 0.5 754.dat
1 16 69.4313 -123.3609 -60.409 0.385654 -0.318231 -0.866 0.636462 0.771308 0 0.667953 -0.551176 0.5 754.dat
1 16 68.6713 -121.3308 -61.7252 0.430403 -0.254466 -0.866 0.508933 0.860806 0 0.745458 -0.440736 0.5 754.dat
1 16 68.0722 -119.095 -62.7629 0.461415 -0.192604 -0.866 0.385207 0.92283 0 0.799171 -0.333589 0.5 754.dat
1 16 67.6225 -116.7213 -63.5418 0.479728 -0.14093 -0.866 0.281859 0.959456 0 0.830889 -0.24409 0.5 754.dat
1 16 67.3246 -114.5098 -64.0579 0.49131 -0.092817 -0.866 0.185634 0.982619 0 0.850948 -0.160759 0.5 754.dat
1 16 67.141 -112.248 -64.3758 0.496974 -0.054922 -0.866 0.109845 0.993949 0 0.86076 -0.095126 0.5 754.dat
1 16 67.0306 -109.7433 -64.567 0.499692 -0.017548 -0.866 0.035095 0.999384 0 0.865467 -0.030392 0.5 754.dat
1 16 101.993 -37.7716 -4.0121 0.499984 0.003949 -0.866 -0.007899 0.999969 0 0.865973 0.006841 0.5 754.dat
1 16 101.9701 -40.3144 -4.0518 0.499874 0.011204 -0.866 -0.022409 0.999749 0 0.865783 0.019406 0.5 754.dat
1 16 101.9292 -42.8564 -4.1227 0.499667 0.018228 -0.866 -0.036456 0.999335 0 0.865424 0.031571 0.5 754.dat
1 16 101.8695 -45.3968 -4.2261 0.499336 0.025759 -0.866 -0.051518 0.998672 0 0.86485 0.044615 0.5 754.dat
1 16 101.7899 -47.935 -4.3639 0.498863 0.033703 -0.866 -0.067407 0.997726 0 0.864031 0.058374 0.5 754.dat
1 16 101.6902 -50.4704 -4.5366 0.498267 0.0416 -0.866 -0.0832 0.996533 0 0.862998 0.072051 0.5 754.dat
1 16 101.5701 -53.0022 -4.7446 0.497528 0.049665 -0.866 -0.099329 0.995055 0 0.861718 0.086019 0.5 754.dat
1 16 101.4292 -55.5298 -4.9887 0.496635 0.05791 -0.866 -0.115819 0.99327 0 0.860172 0.100299 0.5 754.dat
1 16 101.2669 -58.0522 -5.2697 0.495579 0.066343 -0.866 -0.132686 0.991158 0 0.858343 0.114906 0.5 754.dat
1 16 101.0829 -60.5686 -5.5884 0.494347 0.074975 -0.866 -0.14995 0.988694 0 0.856209 0.129857 0.5 754.dat
1 16 100.8742 -63.0773 -5.9499 0.492692 0.085176 -0.866 -0.170352 0.985383 0 0.853342 0.147525 0.5 754.dat
1 16 100.6435 -65.5783 -6.3495 0.491256 0.093101 -0.866 -0.186202 0.982512 0 0.850855 0.161251 0.5 754.dat
1 16 100.3887 -68.0698 -6.7908 0.489214 0.103297 -0.866 -0.206594 0.978427 0 0.847318 0.17891 0.5 754.dat
1 16 100.1111 -70.5516 -7.2716 0.487366 0.111687 -0.866 -0.223375 0.974733 0 0.844119 0.193443 0.5 754.dat
1 16 99.8089 -73.0218 -7.795 0.484901 0.121944 -0.866 -0.243888 0.969803 0 0.839849 0.211207 0.5 754.dat
1 16 99.4826 -75.4798 -8.3602 0.482511 0.131085 -0.866 -0.26217 0.965022 0 0.835709 0.227039 0.5 754.dat
1 16 99.131 -77.9237 -8.9692 0.479602 0.141358 -0.866 -0.282717 0.959203 0 0.83067 0.244833 0.5 754.dat
1 16 98.7496 -80.3498 -9.6297 0.475791 0.153698 -0.866 -0.307396 0.951582 0 0.82407 0.266205 0.5 754.dat
1 16 98.3423 -82.7589 -10.3352 0.472692 0.162979 -0.866 -0.325958 0.945384 0 0.818703 0.28228 0.5 754.dat
1 16 97.9106 -85.151 -11.0828 0.469246 0.172651 -0.866 -0.345301 0.938492 0 0.812734 0.299031 0.5 754.dat
1 16 97.4514 -87.5223 -11.8782 0.4649 0.184034 -0.866 -0.368068 0.929799 0 0.805206 0.318747 0.5 754.dat
1 16 96.9595 -89.8674 -12.7301 0.459352 0.197473 -0.866 -0.394947 0.918704 0 0.795598 0.342024 0.5 754.dat
1 16 96.4405 -92.189 -13.629 0.455161 0.20695 -0.866 -0.4139 0.910322 0 0.788339 0.358437 0.5 754.dat
1 16 95.9498 -94.2615 -14.4789 0.450196 0.217539 -0.866 -0.435079 0.900392 0 0.779739 0.376778 0.5 754.dat
1 16 95.4304 -96.3057 -15.3785 0.444402 0.229144 -0.866 -0.458288 0.888804 0 0.769704 0.396877 0.5 754.dat
1 16 94.8274 -98.5445 -16.423 0.438313 0.240586 -0.866 -0.481172 0.876626 0 0.759158 0.416695 0.5 754.dat
1 16 94.1939 -100.7493 -17.5202 0.431377 0.252812 -0.866 -0.505623 0.862754 0 0.747145 0.43787 0.5 754.dat
1 16 93.5268 -102.9142 -18.6756 0.423102 0.26643 -0.866 -0.53286 0.846203 0 0.732812 0.461457 0.5 754.dat
