0 Main
0 Name: 6649-1 - Street Sweeper.mpd
0 Author: LTRON
1 16 -16.34 -24 -60.98 0.5 0 -0.866 0 1 0 0.866 0 0.5 3020.dat
1 7 -50.98 -24 -40.98 0.5 0 -0.866 0 1 0 0.866 0 0.5 4600.dat
1 7 18.3 -24 -80.98 0.5 0 -0.866 0 1 0 0.866 0 0.5 4600.dat
1 0 -16.34 -32 -60.98 -0.866 0 -0.5 0 1 0 0.5 0 -0.866 3020.dat
1 0 26.96 -32 -85.98 0.5 0 -0.866 0 1 0 0.866 0 0.5 3023.dat
1 0 -71.96 -32 -17.32 0.866 0 0.5 0 1 0 -0.5 0 0.866 2420.dat
1 0 -81.96 -32 -34.64 -0.5 0 0.866 0 1 0 -0.866 0 -0.5 2420.dat
1 7 -31.34 -32 -86.96 0.866 0 0.5 0 1 0 -0.5 0 0.866 2540.dat
1 7 -1.34 -32 -35 -0.866 0 -0.5 0 1 0 0.5 0 -0.866 2540.dat
1 16 -76.96 -40 -25.98 -0.5 0 0.866 0 1 0 -0.866 0 -0.5 3184.dat
1 16 -50.98 -48 -40.98 -0.5 0 0.866 0 1 0 -0.866 0 -0.5 3788.dat
1 16 18.3 -48 -80.98 -0.5 0 0.866 0 1 0 -0.866 0 -0.5 3788.dat
1 7 -51.34 -32 -121.6 -0.866 0 -0.5 0 1 0 0.5 0 -0.866 6019.dat
1 7 18.66 -32 -0.36 0.866 0 0.5 0 1 0 -0.5 0 0.866 6019.dat
1 16 26.96 -48 -85.98 0.5 0 -0.866 0 1 0 0.866 0 0.5 2436.dat
1 16 -16.34 -56 -60.98 0.5 0 -0.866 0 1 0 0.866 0 0.5 3001.dat
1 1 -115.58 -36 47.124 0 -0.5 -0.866 1 0 0 0 -0.866 0.5 2498.dat
1 1 -139.58 -36 5.556 0 -0.5 -0.866 1 0 0 0 -0.866 0.5 2498.dat
1 16 -100.476 -37 -14.712 -0.5 0 0.866 0 1 0 -0.866 0 -0.5 2578.dat
1 0 -138.08 -35 8.154 -0.5 0 0.866 0 1 0 -0.866 0 -0.5 3706.dat
1 7 -51.34 -24 -121.6 0.866 0 0.5 0 1 0 -0.5 0 0.866 6141.dat
1 7 18.66 -24 -0.36 0.866 0 0.5 0 1 0 -0.5 0 0.866 6141.dat
1 7 75.734 -38 -79.5 -0.5 -0.866 0 0 0 1 -0.866 0.5 0 4599.dat
1 7 65.734 -38 -96.82 -0.5 -0.866 0 0 0 1 -0.866 0.5 0 4599.dat
1 7 55.734 -38 -114.14 -0.5 -0.866 0 0 0 1 -0.866 0.5 0 4599.dat
1 7 45.734 -38 -131.46 -0.5 -0.866 0 0 0 1 -0.866 0.5 0 4599.dat
1 16 -5.36 -56 -101.96 0.866 0 0.5 0 1 0 -0.5 0 0.866 4085.dat
1 16 24.64 -56 -50 -0.866 0 -0.5 0 1 0 0.5 0 -0.866 4085.dat
1 1 -51.34 -16 -121.6 0.866 0 0.5 0 1 0 -0.5 0 0.866 4740.dat
1 1 18.66 -16 -0.36 0.866 0 0.5 0 1 0 -0.5 0 0.866 4740.dat
1 16 35.62 -56 -90.98 0.5 0 -0.866 0 1 0 0.866 0 0.5 3020.dat
1 4 -76.96 -48 -25.98 -0.5 0 0.866 0 1 0 -0.866 0 -0.5 3829.dat
1 41 -76.96 -136 -25.98 -0.5 0 0.866 0 1 0 -0.866 0 -0.5 4872.dat
1 36 59.28 -64 -70 -0.5 0 0.866 0 1 0 -0.866 0 -0.5 3024.dat
1 36 29.28 -64 -121.96 -0.5 0 0.866 0 1 0 -0.866 0 -0.5 3024.dat
1 4 15.98 -64 -45 0.866 0 0.5 0 1 0 -0.5 0 0.866 3710.dat
1 4 -14.02 -64 -96.96 0.866 0 0.5 0 1 0 -0.5 0 0.866 3710.dat
1 4 -25 -64 -55.98 -0.5 0 0.866 0 1 0 -0.866 0 -0.5 3023.dat
1 16 -102.94 -144 -10.98 -0.5 0 0.866 0 1 0 -0.866 0 -0.5 3020.dat
1 16 44.28 -80 -95.98 -0.5 0 0.866 0 1 0 -0.866 0 -0.5 3004.dat
1 16 -25 -88 -55.98 -0.5 0 0.866 0 1 0 -0.866 0 -0.5 3010.dat
1 16 -111.6 -152 -5.98 -0.5 0 0.866 0 1 0 -0.866 0 -0.5 2540.dat
1 16 23.3 -96 -72.32 -0.866 0 -0.5 0 1 0 0.5 0 -0.866 6081.dat
1 16 13.3 -96 -89.64 0.866 0 0.5 0 1 0 -0.5 0 0.866 6081.dat
1 15 -134.5802 -147 7.288 -0.433 -0.749956 -0.5 -0.866 0.5 0 0.25 0.433 -0.866 2555.dat
1 16 18.3 -96 -80.98 0.866 0 0.5 0 1 0 -0.5 0 0.866 3020.dat
1 16 -25 -136 -55.98 -0.5 0 0.866 0 1 0 -0.866 0 -0.5 4214.dat
1 16 -50.98 -144 -40.98 -0.5 0 0.866 0 1 0 -0.866 0 -0.5 2349.dat
1 33 -63.97 -140 -33.48 -0.5 0 0.866 0 1 0 -0.866 0 -0.5 2348.dat
1 46 -91.96 -160 -51.96 -0.5 0 0.866 0 1 0 -0.866 0 -0.5 6141.dat
1 15 -91.96 -152 -51.96 -0.5 0 0.866 0 1 0 -0.866 0 -0.5 6141.dat
1 14 -65.98 -19 -66.96 0.866 0 0.5 0 1 0 -0.5 0 0.866 4624.dat
1 0 -65.98 -19 -66.96 0.866 0 0.5 0 1 0 -0.5 0 0.866 3641.dat
1 14 3.3 -19 -106.96 0.866 0 0.5 0 1 0 -0.5 0 0.866 4624.dat
1 0 3.3 -19 -106.96 0.866 0 0.5 0 1 0 -0.5 0 0.866 3641.dat
1 14 33.3 -19 -55 -0.866 0 -0.5 0 1 0 0.5 0 -0.866 4624.dat
1 0 33.3 -19 -55 -0.866 0 -0.5 0 1 0 0.5 0 -0.866 3641.dat
1 14 -35.98 -19 -15 -0.866 0 -0.5 0 1 0 0.5 0 -0.866 4624.dat
1 0 -35.98 -19 -15 -0.866 0 -0.5 0 1 0 0.5 0 -0.866 3641.dat
1 46 -140.5798 -143 10.752 -0.433 -0.749956 -0.5 -0.866 0.5 0 0.25 0.433 -0.866 3024.dat
1 0 -16.226 -71 -118.78 -0.866 0 -0.5 0 1 0 0.5 0 -0.866 3837.dat
1 6 34.64 -31 -32.68 0.866 0 -0.5 0 -1 0 -0.5 0 -0.866 3836.dat
