0 
0 Name: New Model.ldr
0 Author: 
1 1 250 38 -270 0.9659 0 -0.2588 0 1 0 0.2588 0 0.9659 4598.dat
1 0 240.1656 28 -233.2958 -0.9659 -0.2588 0 0 0 1 -0.2588 0.9659 0 4590.dat
1 0 240.1656 8 -233.2958 -0.9659 -0.2588 0 0 0 1 -0.2588 0.9659 0 4590.dat
1 0 238.0952 18 -225.5686 -0.9659 -0.2588 0 0 0 1 -0.2588 0.9659 0 4032.dat
1 0 275.3538 38 -248.7134 -0.9659 -0.2588 0 0 0 1 -0.2588 0.9659 0 3040.dat
1 0 217.3998 38 -264.2414 -0.9659 -0.2588 0 0 0 1 -0.2588 0.9659 0 3040.dat
1 0 277.4242 38 -256.4406 0.9659 -0.182997 -0.182997 0 0.7071 -0.7071 0.2588 0.682988 0.682988 4593.dat
1 0 219.4702 38 -271.9686 0.9659 -0.182997 -0.182997 0 0.7071 -0.7071 0.2588 0.682988 0.682988 4593.dat
1 0 277.4242 38 -256.4406 0.9659 -0.2588 0 0 0 -1 0.2588 0.9659 0 4592.dat
1 0 219.4702 38 -271.9686 0.9659 -0.2588 0 0 0 -1 0.2588 0.9659 0 4592.dat
1 1 207.0478 18 -225.6054 0.9659 -0.2588 0 0 0 -1 0.2588 0.9659 0 4740.dat
1 1 265.0018 18 -210.0774 0.9659 -0.2588 0 0 0 -1 0.2588 0.9659 0 4740.dat
