0 Main
0 Name: 6886-1 - Galactic Peace Keeper.mpd
0 Author: LTRON
1 1 0 0 -2 0 0 1 0 1 0 -1 0 0 3034.dat
1 1 0 -24 28 -1 0 0 0 1 0 0 0 -1 3004.dat
1 1 0 -24 -22 0 0 -1 0 1 0 1 0 0 4854.dat
1 1 0 -24 78 0 0 -1 0 1 0 1 0 0 4854.dat
1 1 0 -24 -72 1 0 0 0 1 0 0 0 1 3747.dat
1 0 0 -32 -72 1 0 0 0 1 0 0 0 1 3460.dat
1 0 -30 -32 -2 0 0 -1 0 1 0 1 0 0 3666.dat
1 0 30 -32 -2 0 0 -1 0 1 0 1 0 0 3666.dat
1 0 0 -32 28 1 0 0 0 1 0 0 0 1 3023.dat
1 0 0 -32 68 1 0 0 0 1 0 0 0 1 3710.dat
1 0 0 -32 88 1 0 0 0 1 0 0 0 1 3460.dat
1 0 -30 -32 108 1 0 0 0 1 0 0 0 1 3024.dat
1 0 30 -32 108 1 0 0 0 1 0 0 0 1 3024.dat
1 0 -30 -40 98 0 0 1 0 1 0 -1 0 0 3666.dat
1 0 30 -40 98 0 0 1 0 1 0 -1 0 0 3666.dat
1 0 30 -56 -62 0 0 1 0 1 0 -1 0 0 4865.dat
1 0 30 -56 -22 0 0 1 0 1 0 -1 0 0 4865.dat
1 0 -30 -56 -62 0 0 -1 0 1 0 1 0 0 4865.dat
1 0 -30 -56 -22 0 0 -1 0 1 0 1 0 0 4865.dat
1 1 0 -40 8 1 0 0 0 1 0 0 0 1 3710.dat
1 0 -20 -40 28 -1 0 0 0 1 0 0 0 -1 4276.dat
1 0 20 -40 28 1 0 0 0 1 0 0 0 1 4276.dat
1 0 -80.2384 -34.7312 28 0.9848 0.1736 0 -0.1736 0.9848 0 0 0 1 4275.dat
1 1 -98.5456 -23.3808 18 0.9848 0.1736 0 -0.1736 0.9848 0 0 0 1 2430.dat
1 1 -98.5456 -23.3808 18 0.9848 0.1736 0 -0.1736 0.9848 0 0 0 1 2429.dat
1 1 -129.4784 -26.0512 48 0 0.1736 -0.9848 0 0.9848 0.1736 1 0 0 2450.dat
1 36 -150.5632 -30.4576 68 0 0.1736 -0.9848 0 0.9848 0.1736 1 0 0 6141.dat
1 0 -133.6448 -49.6864 28 -0.9848 0.1736 0 0.1736 0.9848 0 0 0 -1 4733.dat
1 36 -131.9088 -39.8384 -6 -0.9848 0 0.1736 0.1736 0 0.9848 0 1 0 4589.dat
1 0 -149.6352 -36.7136 28 0.1736 0.9848 0 0.9848 -0.1736 0 0 0 -1 4592.dat
1 0 -149.6352 -36.7136 28 0.1736 0 0.9848 0.9848 0 -0.1736 0 1 0 4593.dat
1 0 80.2384 -34.7312 28 -0.9848 -0.1736 0 -0.1736 0.9848 0 0 0 -1 4275.dat
1 1 98.5456 -23.3808 18 0.9848 -0.1736 0 0.1736 0.9848 0 0 0 1 2429.dat
1 1 98.5456 -23.3808 18 0.9848 -0.1736 0 0.1736 0.9848 0 0 0 1 2430.dat
1 1 129.4784 -26.0512 48 -0.9848 -0.1736 0 -0.1736 0.9848 0 0 0 -1 2450.dat
1 36 150.5632 -30.4576 68 -0.9848 -0.1736 0 -0.1736 0.9848 0 0 0 -1 6141.dat
1 0 133.6448 -49.6864 28 -0.9848 -0.1736 0 -0.1736 0.9848 0 0 0 -1 4733.dat
1 36 131.9088 -39.8384 -6 -0.9848 0 -0.1736 -0.1736 0 0.9848 0 1 0 4589.dat
1 0 149.6352 -36.7136 28 0.1736 -0.9848 0 -0.9848 -0.1736 0 0 0 -1 4592.dat
1 0 149.6352 -36.7136 28 0.1736 0 -0.9848 -0.9848 0 -0.1736 0 1 0 4593.dat
1 0 0 -32 148 1 0 0 0 1 0 0 0 1 3710.dat
1 0 60 -40 88 1 0 0 0 1 0 0 0 1 3794.dat
1 0 -60 -40 88 1 0 0 0 1 0 0 0 1 3794.dat
1 0 0 -48 18 1 0 0 0 1 0 0 0 1 3020.dat
1 0 60 -40 -72 1 0 0 0 1 0 0 0 1 3794.dat
1 0 -60 -40 -72 1 0 0 0 1 0 0 0 1 3794.dat
1 0 0 -48 -132 -1 0 0 0 1 0 0 0 -1 4856.dat
1 0 0 -48 148 -1 0 0 0 1 0 0 0 -1 2431.dat
1 0 0 -48 68 -1 0 0 0 1 0 0 0 -1 2431.dat
1 0 0 -56 18 -1 0 0 0 1 0 0 0 -1 3020.dat
1 1 0 -56 -92 -1 0 0 0 1 0 0 0 -1 3039.dat
1 0 0 -80 18 -1 0 0 0 1 0 0 0 -1 3001.dat
1 1 -20 -88 28 -1 0 0 0 1 0 0 0 -1 3794.dat
1 1 20 -88 28 -1 0 0 0 1 0 0 0 -1 3794.dat
1 1 -20 -88 8 -1 0 0 0 1 0 0 0 -1 3794.dat
1 1 20 -88 8 -1 0 0 0 1 0 0 0 -1 3794.dat
1 1 0 -56 -172 -1 0 0 0 1 0 0 0 -1 2412.dat
1 0 50 -56 -132 1 0 0 0 1 0 0 0 1 2450.dat
1 0 -50 -56 -132 0 0 1 0 1 0 -1 0 0 2450.dat
1 0 30 -56 -92 0 0 1 0 1 0 -1 0 0 3024.dat
1 0 -30 -56 -92 0 0 1 0 1 0 -1 0 0 3024.dat
1 0 30 -96 18 0 0 1 0 1 0 -1 0 0 3022.dat
1 0 -30 -96 18 0 0 1 0 1 0 -1 0 0 3022.dat
1 0 0 -56 -202 1 0 0 0 1 0 0 0 1 4859.dat
1 0 -30 -104 8 1 0 0 0 1 0 0 0 1 3794.dat
1 0 30 -104 8 1 0 0 0 1 0 0 0 1 3794.dat
1 0 0 -104 28 1 0 0 0 1 0 0 0 1 3623.dat
1 1 -60 -64 88 1 0 0 0 1 0 0 0 1 4070.dat
1 0 -60 -54 -54 -1 0 0 0 0 1 0 1 0 2468.dat
1 1 -60 -54 -62 -1 0 0 0 0 1 0 1 0 3024.dat
1 1 -60 -64 -72 1 0 0 0 1 0 0 0 1 4070.dat
1 36 -60 -54 -86 1 0 0 0 0 -1 0 1 0 6141.dat
1 1 60 -64 88 1 0 0 0 1 0 0 0 1 4070.dat
1 0 60 -54 -54 0 0 -1 -1 0 0 0 1 0 2468.dat
1 1 60 -54 -62 -1 0 0 0 0 1 0 1 0 3024.dat
1 1 60 -64 -72 1 0 0 0 1 0 0 0 1 4070.dat
1 36 60 -54 -86 1 0 0 0 0 -1 0 1 0 6141.dat
1 1 0 -112 8 1 0 0 0 1 0 0 0 1 4315.dat
1 1 0 -112 28 1 0 0 0 1 0 0 0 1 3623.dat
1 36 0 -108 -6 1 0 0 0 1 0 0 0 1 2507.dat
1 15 0 -88 -34 0.857167 0 -0.515038 0 1 0 0.515038 0 0.857167 2446.dat
1 36 -2.3671 -86.096 -30.0605 0.857167 0.364187 -0.364187 0 0.707107 0.707107 0.515038 -0.606109 0.606109 2447.dat
1 14 0 -88 -34 0.857167 0 -0.515038 0 1 0 0.515038 0 0.857167 3626.dat
1 0 0 -61 -34 1 0 0 0 1 0 0 0 1 3838.dat
1 15 0 -61 -34 1 0 0 0 1 0 0 0 1 973.dat
1 1 0 -88 166 1 0 0 0 0 -1 0 1 0 4854.dat
1 0 0 -88 174 1 0 0 0 0 -1 0 1 0 3068.dat
1 0 -30 -88 190 0 0 1 1 0 0 0 1 0 4590.dat
1 0 30 -88 190 0 0 -1 -1 0 0 0 1 0 4590.dat
1 1 -30 -88 158 0 0 -1 -1 0 0 0 1 0 3004.dat
1 1 30 -88 158 0 0 -1 -1 0 0 0 1 0 3004.dat
1 0 0 -118 158 1 0 0 0 0 -1 0 1 0 2431.dat
1 0 0 -58 158 1 0 0 0 0 -1 0 1 0 4623.dat
1 0 -30 -58 158 1 0 0 0 0 -1 0 1 0 3024.dat
1 0 30 -58 158 1 0 0 0 0 -1 0 1 0 3024.dat
1 1 0 -58 86 1 0 0 0 0 -1 0 1 0 4033.dat
1 36 0 -58.5 86 1 0 0 0 0 -1 0 1 0 3855.dat
1 0 -30 -88 86 0 0 -1 -1 0 0 0 1 0 2362.dat
1 0 30 -88 86 0 0 1 1 0 0 0 1 0 2362.dat
1 0 -30 -78 78 0 0 1 1 0 0 0 1 0 3623.dat
1 0 30 -78 78 0 0 1 1 0 0 0 1 0 3623.dat
1 0 0 -58 78 1 0 0 0 0 -1 0 1 0 4623.dat
1 1 -30 -88 70 0 0 1 1 0 0 0 1 0 3069.dat
1 1 30 -88 70 0 0 1 1 0 0 0 1 0 3069.dat
1 1 0 -58 70 -1 0 0 0 0 1 0 1 0 4625.dat
1 1 0 -88 46 -1 0 0 0 0 1 0 1 0 4857.dat
1 0 0 -88 38 -1 0 0 0 0 1 0 1 0 3068.dat
1 1 30 -88 54 0 0 1 1 0 0 0 1 0 3023.dat
1 1 30 -88 62 0 0 1 1 0 0 0 1 0 3023.dat
1 1 -30 -88 54 0 0 1 1 0 0 0 1 0 3023.dat
1 1 -30 -88 62 0 0 1 1 0 0 0 1 0 3023.dat
1 0 0 -118 70 1 0 0 0 0 -1 0 1 0 4873.dat
1 36 50 -118 94 1 0 0 0 0 -1 0 1 0 6141.dat
1 36 -50 -118 94 1 0 0 0 0 -1 0 1 0 6141.dat
1 36 30 -118 150 1 0 0 0 0 -1 0 1 0 3957.dat
1 36 10 -118 150 1 0 0 0 0 -1 0 1 0 3957.dat
1 36 -10 -118 150 1 0 0 0 0 -1 0 1 0 3957.dat
1 36 -30 -118 150 1 0 0 0 0 -1 0 1 0 3957.dat
1 0 0 -80 94 -0.984808 0 0.173648 0.173648 0 0.984808 0 1 0 2446.dat
1 0 0 -80 94 -0.984808 0 0.173648 0.173648 0 0.984808 0 1 0 2447.dat
1 14 0 -80 94 -0.984808 0 0.173648 0.173648 0 0.984808 0 1 0 3626.dat
1 0 0 -80 121 -1 0 0 0 0 1 0 1 0 3838.dat
1 0 0 -80 121 -1 0 0 0 0 1 0 1 0 973.dat
