0 
0 Name: New Model.ldr
0 Author: 
1 72 620 -27 -130 -1 0 0 0 1 0 0 0 -1 3795.dat
1 71 590 -35 -130 0 0 1 0 1 0 -1 0 0 3023.dat
1 4 570 -35 -130 0 0 1 0 1 0 -1 0 0 60471.dat
1 72 580 -43 -130 0 0 -1 0 1 0 1 0 0 41854.dat
1 14 610 -51 -120 -1 0 0 0 1 0 0 0 -1 4070.dat
1 14 670 -51 -120 0 0 -1 0 1 0 1 0 0 4070.dat
1 71 610 -41 -106 -1 0 0 0 0 -1 0 -1 0 4592.dat
1 0 610 -41 -106 -1 0 0 0 1 0 0 0 -1 4593.dat
1 71 610 -41 -154 1 0 0 0 0 -1 0 1 0 4592.dat
1 0 610 -41 -154 1 0 0 0 1 0 0 0 1 4593.dat
1 72 640 -51 -120 -1 0 0 0 1 0 0 0 -1 2877.dat
1 72 640 -51 -140 1 0 0 0 1 0 0 0 1 2877.dat
1 14 670 -51 -140 0 0 -1 0 1 0 1 0 0 4070.dat
1 14 610 -51 -140 1 0 0 0 1 0 0 0 1 4070.dat
1 47 684 -41 -130 0 -1 0 0 0 -1 1 0 0 3023.dat
1 14 660 -19 -130 -1 0 0 0 1 0 0 0 -1 3022.dat
1 72 630 -19 -130 0 0 1 0 1 0 -1 0 0 3460.dat
1 71 610 -19 -130 0 0 1 0 1 0 -1 0 0 3023.dat
1 14 620 -11 -130 0 0 1 0 1 0 -1 0 0 3022.dat
1 14 630 -11 -200 0 0 1 0 1 0 -1 0 0 4740.dat
1 14 630 -11 -60 0 0 1 0 1 0 -1 0 0 4740.dat
1 0 660 -19 -130 0 0 1 0 1 0 -1 0 0 6157.dat
1 0 580 -27 -130 0 0 1 0 1 0 -1 0 0 6157.dat
1 14 610 -59 -130 0 0 -1 0 1 0 1 0 0 3829.dat
1 70 580 -51 -130 0 0 -1 0 1 0 1 0 0 4079.dat
1 14 630 -75 -130 0 0 -1 0 1 0 1 0 0 3004.dat
1 14 660 -51 -130 0 0 -1 0 1 0 1 0 0 30602.dat
1 71 580 -22 -90 -1 0 0 0 1 0 0 0 -1 6014.dat
1 256 580 -22 -84 -1 0 0 0 1 0 0 0 -1 6015.dat
1 71 580 -22 -170 1 0 0 0 1 0 0 0 1 6014.dat
1 256 580 -22 -176 1 0 0 0 1 0 0 0 1 6015.dat
1 71 660 -14 -170 1 0 0 0 1 0 0 0 1 4624.dat
1 256 660 -14 -170 1 0 0 0 1 0 0 0 1 3641.dat
1 71 660 -14 -90 -1 0 0 0 1 0 0 0 -1 4624.dat
1 256 660 -14 -90 -1 0 0 0 1 0 0 0 -1 3641.dat
1 0 529.226 -35.111 -130 0 -0.382684 0.92388 0 0.92388 0.382684 -1 0 0 3747.dat
1 14 532.288 -42.501 -130 0 -0.382684 -0.92388 0 0.92388 -0.382684 1 0 0 44567.dat
1 14 504.572 -53.982 -130 0 -0.382684 0.92388 0 0.92388 0.382684 -1 0 0 3022.dat
1 72 504.517 -79.982 -129.999 0 -0.382684 -0.92388 0 0.92388 -0.382684 1 0 0 2877.dat
1 14 522.995 -72.329 -120 -0.92388 -0.382684 0 -0.382684 0.92388 0 0 0 -1 4070.dat
1 14 541.472 -64.674 -120 -0.92388 -0.382684 0 -0.382684 0.92388 0 0 0 -1 4070.dat
1 14 541.472 -64.674 -140 0.92388 -0.382684 0 0.382684 0.92388 0 0 0 1 4070.dat
1 14 522.995 -72.329 -140 0.92388 -0.382684 0 0.382684 0.92388 0 0 0 1 4070.dat
1 14 519.168 -63.09 -90 -0.382684 0 -0.92388 0.92388 0 -0.382684 0 -1 0 50950.dat
1 14 519.168 -63.09 -169.999 0.382684 0 -0.92388 -0.92388 0 -0.382684 0 1 0 50950.dat
1 72 544.533 -72.066 -130 0 -0.382684 -0.92388 0 0.92388 -0.382684 1 0 0 2412.dat
1 14 516.818 -83.546 -130 0 -0.382684 -0.92388 0 0.92388 -0.382684 1 0 0 51739.dat
