0 Main
0 Name: 8824 - Hovercraft.mpd
0 Author: LTRON
1 0 0 -28 0 0 0 -1 0 1 0 1 0 0 3031.dat
1 0 77.648 -28 2.163 0.707 0 -0.707 0 1 0 0.707 0 0.707 3710.dat
1 0 -77.648 -28 2.163 -0.707 0 -0.707 0 1 0 0.707 0 -0.707 3710.dat
1 0 20 -52 -30 1 0 0 0 1 0 0 0 1 2991.dat
1 0 -63.506 -52 -11.979 0.707 0 0.707 0 1 0 -0.707 0 0.707 2991.dat
1 0 -20 -42 -20 0 0 1 0 1 0 -1 0 0 2780.dat
1 0 20 -42 -20 0 0 1 0 1 0 -1 0 0 2780.dat
1 15 0 -52 -10 -1 0 0 0 1 0 0 0 -1 3701.dat
1 0 110 -28 120 0 0 -1 0 1 0 1 0 0 3460.dat
1 0 -110 -28 120 0 0 -1 0 1 0 1 0 0 3460.dat
1 0 91.79 -52 16.305 0.707 0 -0.707 0 1 0 0.707 0 0.707 2991.dat
1 0 -110 -52 60 0 0 1 0 1 0 -1 0 0 2991.dat
1 0 110 -28 280 0 0 -1 0 1 0 1 0 0 3460.dat
1 0 -110 -28 280 0 0 -1 0 1 0 1 0 0 3460.dat
1 0 100 -28 380 0 0 -1 0 1 0 1 0 0 3022.dat
1 0 -100 -28 380 0 0 -1 0 1 0 1 0 0 3022.dat
1 0 110 -52 120 0 0 -1 0 1 0 1 0 0 2989.dat
1 0 110 -52 200 0 0 -1 0 1 0 1 0 0 2989.dat
1 0 110 -52 280 0 0 -1 0 1 0 1 0 0 2989.dat
1 0 110 -52 360 0 0 -1 0 1 0 1 0 0 2989.dat
1 0 -110 -52 120 0 0 1 0 1 0 -1 0 0 2989.dat
1 0 -110 -52 200 0 0 1 0 1 0 -1 0 0 2989.dat
1 0 -110 -52 280 0 0 1 0 1 0 -1 0 0 2989.dat
1 0 -110 -52 360 0 0 1 0 1 0 -1 0 0 2989.dat
1 0 0 -52 390 -1 0 0 0 1 0 0 0 -1 2730.dat
1 0 -100 -42 220 -1 0 0 0 1 0 0 0 -1 2780.dat
1 0 -100 -42 200 -1 0 0 0 1 0 0 0 -1 2780.dat
1 0 -100 -42 260 -1 0 0 0 1 0 0 0 -1 2780.dat
1 0 100 -42 200 -1 0 0 0 1 0 0 0 -1 2780.dat
1 0 100 -42 220 -1 0 0 0 1 0 0 0 -1 2780.dat
1 0 100 -42 260 -1 0 0 0 1 0 0 0 -1 2780.dat
1 0 -90 -52 240 0 0 -1 0 1 0 1 0 0 3894.dat
1 0 90 -52 240 0 0 -1 0 1 0 1 0 0 3894.dat
1 0 -80 -42 280 -1 0 0 0 1 0 0 0 -1 2780.dat
1 0 80 -42 280 -1 0 0 0 1 0 0 0 -1 2780.dat
1 0 -90 -52 370 1 0 0 0 1 0 0 0 1 3665.dat
1 0 90 -52 370 1 0 0 0 1 0 0 0 1 3665.dat
1 0 -100 -60 380 0 0 -1 0 1 0 1 0 0 3022.dat
1 0 100 -60 380 0 0 -1 0 1 0 1 0 0 3022.dat
1 15 0 -28 180 1 0 0 0 1 0 0 0 1 3832.dat
1 0 77.648 -60 2.163 0.707 0 -0.707 0 1 0 0.707 0 0.707 3710.dat
1 0 -77.782 -60 2.218 -0.707 0 -0.707 0 1 0 0.707 0 -0.707 3710.dat
1 0 -100 -60 200 0 0 1 0 1 0 -1 0 0 4282.dat
1 0 100 -60 200 0 0 1 0 1 0 -1 0 0 4282.dat
1 15 0 -28 90 -1 0 0 0 1 0 0 0 -1 3710.dat
1 15 0 -52 90 -1 0 0 0 1 0 0 0 -1 3700.dat
1 0 0 -42 150 0 1 0 0 0 1 1 0 0 3707.dat
1 7 0 -42 77 1 0 0 0 1 0 0 0 1 4143.dat
1 15 0 -52 170 -1 0 0 0 1 0 0 0 -1 3700.dat
1 15 0 -52 190 -1 0 0 0 1 0 0 0 -1 3700.dat
1 15 30 -52 100 0 0 -1 0 1 0 1 0 0 2730.dat
1 15 -30 -52 100 0 0 -1 0 1 0 1 0 0 2730.dat
1 7 0 -42 205 1 0 0 0 1 0 0 0 1 6577.dat
1 0 0 -42 60 1 0 0 0 1 0 0 0 1 3706.dat
1 7 17 -42 60 0 0 1 -1 0 0 0 -1 0 4143.dat
1 15 0 -60 180 -1 0 0 0 1 0 0 0 -1 3738.dat
1 15 0 -60 150 -1 0 0 0 1 0 0 0 -1 3710.dat
1 15 30 -60 90 -1 0 0 0 1 0 0 0 -1 2420.dat
1 15 -30 -60 90 0 0 1 0 1 0 -1 0 0 2420.dat
1 7 0 -42 218 1 0 0 0 1 0 0 0 1 3650.dat
1 0 50 -42 60 0 0 1 0 1 0 -1 0 0 3482.dat
1 0 -50 -42 60 0 0 1 0 1 0 -1 0 0 3482.dat
1 256 50 -42 60 0 0 -1 0 1 0 1 0 0 2346.dat
1 0 -50 -42 60 0 0 1 0 1 0 -1 0 0 2346.dat
1 1 0 -68 190 -1 0 0 0 1 0 0 0 -1 4477.dat
1 1 0 -68 160 -1 0 0 0 1 0 0 0 -1 3022.dat
1 1 -90 -68 150 0 0 -1 0 1 0 1 0 0 3623.dat
1 1 90 -68 150 0 0 -1 0 1 0 1 0 0 3623.dat
1 1 -90 -68 230 0 0 -1 0 1 0 1 0 0 3623.dat
1 1 90 -68 230 0 0 -1 0 1 0 1 0 0 3623.dat
1 1 -90 -68 340 0 0 -1 0 1 0 1 0 0 3460.dat
1 1 90 -68 340 0 0 -1 0 1 0 1 0 0 3460.dat
1 15 -19.811 -60 -10.189 0 0 -1 0 1 0 1 0 0 3021.dat
1 15 20.189 -60 -10.189 0 0 -1 0 1 0 1 0 0 3021.dat
1 256 120 -52 360 0 0 -1 0 1 0 1 0 0 70961.dat
1 256 120 -52 280 0 0 -1 0 1 0 1 0 0 70961.dat
1 256 120 -52 200 0 0 -1 0 1 0 1 0 0 70961.dat
1 256 120 -52 120 0 0 -1 0 1 0 1 0 0 70961.dat
1 256 -120 -52 120 0 0 1 0 1 0 -1 0 0 70961.dat
1 256 -120 -52 200 0 0 1 0 1 0 -1 0 0 70961.dat
1 256 -120 -52 280 0 0 1 0 1 0 -1 0 0 70961.dat
1 256 -120 -52 360 0 0 1 0 1 0 -1 0 0 70961.dat
1 15 -90 -92 410 -1 0 0 0 1 0 0 0 -1 4287.dat
1 15 90 -92 410 -1 0 0 0 1 0 0 0 -1 4287.dat
1 15 -90 -92 280 0 0 -1 0 1 0 1 0 0 3895.dat
1 15 90 -92 280 0 0 -1 0 1 0 1 0 0 3895.dat
1 15 -90 -92 120 0 0 1 0 1 0 -1 0 0 2744.dat
1 15 90 -92 120 0 0 1 0 1 0 -1 0 0 2744.dat
1 0 -80 -82 280 -1 0 0 0 1 0 0 0 -1 2780.dat
1 0 -80 -82 140 -1 0 0 0 1 0 0 0 -1 2780.dat
1 0 80 -82 280 -1 0 0 0 1 0 0 0 -1 2780.dat
1 0 80 -82 140 -1 0 0 0 1 0 0 0 -1 2780.dat
1 15 30 -92 40 0 0 1 0 1 0 -1 0 0 2744.dat
1 15 30 -68 60 0 0 1 0 1 0 -1 0 0 3023.dat
1 15 -30 -68 60 0 0 1 0 1 0 -1 0 0 3023.dat
1 15 -30 -92 40 0 0 1 0 1 0 -1 0 0 2744.dat
1 0 30 -82 20 1 0 0 0 1 0 0 0 1 6558.dat
1 0 -30 -82 20 -1 0 0 0 -1 0 0 0 1 6558.dat
1 15 0 -91.272 16.254 1 0 0 0 0.927 -0.375 0 0.375 0.927 2817.dat
1 15 -70 -102 270 0 0 -1 -1 0 0 0 1 0 3702.dat
1 15 70 -102 270 0 0 -1 -1 0 0 0 1 0 3702.dat
1 15 -90 -164 460 1 0 0 0 1 0 0 0 1 2340.dat
1 15 90 -164 460 1 0 0 0 1 0 0 0 1 2340.dat
1 15 0 -112 262 -1 0 0 0 0 1 0 1 0 3460.dat
1 15 0 -102 254 -1 0 0 0 0 1 0 1 0 3022.dat
1 15 -40 -112 254 -1 0 0 0 0 1 0 1 0 3023.dat
1 15 40 -112 254 -1 0 0 0 0 1 0 1 0 3023.dat
1 15 0 -112 230 -1 0 0 0 0 1 0 1 0 3894.dat
1 15 0 -92 230 -1 0 0 0 0 1 0 1 0 3700.dat
1 0 -40 -122 240 0 0 -1 1 0 0 0 -1 0 2780.dat
1 0 40 -122 240 0 0 -1 1 0 0 0 -1 0 2780.dat
1 0 0 -92 240 0 -0.174 -0.985 1 0 0 0 -0.985 0.174 3706.dat
1 7 0 -142 240 -0.985 0.174 0 0 0 1 0.174 0.985 0 4019.dat
1 7 0 -127 240 1 0 0 0 0 -1 0 1 0 6577.dat
1 7 0 -72 240 -0.985 0.174 0 0 0 1 0.174 0.985 0 4019.dat
1 7 -70 -98.536 128.75 -1 0 0 0 0.563 -0.827 0 -0.827 -0.563 3651.dat
1 7 70 -98.536 128.75 -1 0 0 0 0.563 -0.827 0 -0.827 -0.563 3651.dat
1 0 -70 -115.072 117.5 0 0 -1 0.827 0.563 0 0.563 -0.827 0 4519.dat
1 0 70.189 -115.072 117.311 0 0 -1 0.827 0.563 0 0.563 -0.827 0 4519.dat
1 7 70 -131.608 106.25 1 0 0 0 0.563 0.827 0 -0.827 0.563 4273.dat
1 7 -70 -131.608 106.25 -1 0 0 0 -0.563 0.827 0 0.827 0.563 4273.dat
1 15 0.189 -91.925 -1.729 0 0 -1 -0.375 0.927 0 0.927 0.375 0 3020.dat
1 15 0 -112 334 -1 0 0 0 0 1 0 1 0 3666.dat
1 15 0 -112 310 -1 0 0 0 0 1 0 1 0 3894.dat
1 0 -40 -122 320 0 0 -1 -1 0 0 0 1 0 2780.dat
1 0 40 -122 320 0 0 -1 -1 0 0 0 1 0 2780.dat
1 15 0 -112 302 -1 0 0 0 0 1 0 1 0 3666.dat
1 15 0 -112 294 1 0 0 0 0 -1 0 1 0 3460.dat
1 15 0 -112 270 -1 0 0 0 0 1 0 1 0 3894.dat
1 0 0 -142 280 0 1 0 -1 0 0 0 0 1 3707.dat
1 7 0 -92 280 1 0 0 0 0 -1 0 1 0 3647.dat
1 7 0 -127 280 1 0 0 0 0 -1 0 1 0 6577.dat
1 0 0 -102 320 0 1 0 1 0 0 0 0 -1 3706.dat
1 7 0 -52 320 1 0 0 0 0 -1 0 1 0 3651.dat
1 7 0 -72 340 0 1 0 -1 0 0 0 0 1 4273.dat
1 7 0 -76 320 1 0 0 0 0 1 0 -1 0 6577.dat
1 7 0 -92 320 1 0 0 0 0 1 0 -1 0 3648.dat
1 0 0 -32 320 1 0 0 0 0 1 0 -1 0 3706.dat
1 0 0 -72 360 0 -1 0 0 0 1 -1 0 0 4519.dat
1 7 20 -32 320 0 0 1 1 0 0 0 1 0 3713.dat
1 7 -20 -32 320 0 0 -1 1 0 0 0 -1 0 3713.dat
1 7 0 -92 360 0 -1 0 0 0 -1 1 0 0 4273.dat
1 7 0 -72 364 -1 0 0 0 1 0 0 0 -1 6577.dat
1 0 0 -122 360 0 0 -1 -1 0 0 0 1 0 3705.dat
1 7 0 -112 360 1 0 0 0 0 -1 0 1 0 3713.dat
1 0 40 -32 320 0 0 -1 1 0 0 0 -1 0 3482.dat
1 256 40 -32 320 0 0 -1 1 0 0 0 -1 0 3483.dat
1 0 -40 -32 320 0 0 -1 1 0 0 0 -1 0 3482.dat
1 256 -40 -32 320 0 0 -1 1 0 0 0 -1 0 3483.dat
1 15 -50 -132 280 0 1 0 0 0 1 1 0 0 3894.dat
1 15 50 -132 280 0 -1 0 0 0 -1 1 0 0 3894.dat
1 7 0 -132 360 -1 0 0 0 1 0 0 0 -1 2825.dat
1 7 50 -95.229 35 -1 0 0 0 -0.75 -0.661 0 -0.661 0.75 3651.dat
1 0 50 -101.843 42.5 0 0 -1 0.661 -0.75 0 -0.75 -0.661 0 3704.dat
1 7 50 -115.072 57.5 1 0 0 0 -0.75 0.661 0 -0.661 -0.75 6538.dat
1 0 50 -128.301 72.5 0 0 1 -0.661 -0.75 0 0.75 -0.661 0 3704.dat
1 7 50 -134.915 80 1 0 0 0 -0.75 0.661 0 -0.661 -0.75 3651.dat
1 7 -50 -95.229 35 -1 0 0 0 -0.75 -0.661 0 -0.661 0.75 3651.dat
1 0 -50 -101.843 42.5 0 0 -1 0.661 -0.75 0 -0.75 -0.661 0 3704.dat
1 7 -50 -115.072 57.5 1 0 0 0 -0.75 0.661 0 -0.661 -0.75 6538.dat
1 0 -50 -128.301 72.5 0 0 1 -0.661 -0.75 0 0.75 -0.661 0 3704.dat
1 7 -50 -134.915 80 1 0 0 0 -0.75 0.661 0 -0.661 -0.75 3651.dat
1 0 0 -148.144 95 1 0 0 0 0.563 0.827 0 -0.827 0.563 3707.dat
1 4 0 -68 170 1 0 0 0 1 0 0 0 1 2717.dat
1 8 0 -142 280 1 0 0 0 0 1 0 -1 0 6542.dat
1 8 0 -142 320 0.988 0.156 0 0 0 1 0.156 -0.988 0 6542.dat
1 7 74 -148.144 95 0 0 -1 -0.827 -0.563 0 -0.563 0.827 0 6577.dat
1 7 -74 -148.144 95 0 0 1 0.563 0.827 0 -0.827 0.563 0 6577.dat
1 15 0 -172 270 1 0 0 0 0 -1 0 1 0 3894.dat
1 7 -40 -162 280 0 0 1 1 0 0 0 1 0 3749.dat
1 7 40 -162 280 0 0 1 1 0 0 0 1 0 3749.dat
1 7 0 -157 280 -1 0 0 0 -1 0 0 0 1 2905.dat
1 7 0 -192 280 1 0 0 0 0 1 0 -1 0 3713.dat
1 15 0 -172 460 1 0 0 0 1 0 0 0 1 3832.dat
1 0 100 -20 380 1 0 0 0 1 0 0 0 1 2654.dat
1 0 -100 -20 380 1 0 0 0 1 0 0 0 1 2654.dat
1 7 0 -152 360 0 -1 0 0 0 1 -1 0 0 3651.dat
1 0 0 -172 370 0 -1 0 0 0 1 -1 0 0 3705.dat
1 7 0 -172 342 -1 0 0 0 1 0 0 0 -1 3650.dat
1 7 0 -172 375 -1 0 0 0 1 0 0 0 -1 6577.dat
1 7 0 -172 390 -1 0 0 0 1 0 0 0 -1 2952.dat
1 7 0 -172 390 0 -1 0 1 0 0 0 0 1 2952.dat
1 15 0 -172 262 1 0 0 0 0 -1 0 1 0 3460.dat
1 15 0 -172 294 1 0 0 0 0 -1 0 1 0 3460.dat
