0 Main
0 Name: 30051-1 - X-wing Fighter - Mini.mpd
0 Author: LTRON
1 19 0 0 0 0 0 1 0 1 0 -1 0 0 3623.dat
1 320 0 -8 -20 0 0 1 0 1 0 -1 0 0 3623.dat
1 71 0 -8 50 1 0 0 0 1 0 0 0 1 3176.dat
1 71 -10 0 50 0 0 1 0 1 0 -1 0 0 60470.dat
1 71 10 0 50 0 0 -1 0 1 0 1 0 0 60470.dat
1 19 0 8 50 0 0 -1 0 1 0 1 0 0 4032.dat
1 19 0 -16 0 0 0 -1 0 1 0 1 0 0 3623.dat
1 72 0 -16 50 0 0 -1 0 1 0 1 0 0 3022.dat
1 71 0 -8 -70 0 0 1 0 1 0 -1 0 0 3023.dat
1 15 0 -16 -50 0 0 1 0 1 0 -1 0 0 3023.dat
1 71 0 -8 -80 1 0 0 0 1 0 0 0 1 54200.dat
1 15 0 -24 -40 0 0 1 0 1 0 -1 0 0 63864.dat
1 15 0 -24 10 0 0 1 0 1 0 -1 0 0 3023.dat
1 71 -10 -24 50 0 0 1 0 1 0 -1 0 0 60470.dat
1 71 10 -24 50 0 0 -1 0 1 0 1 0 0 60470.dat
1 15 0 -32 20 0 0 -1 0 1 0 1 0 0 3024.dat
1 15 0 -32 60 1 0 0 0 1 0 0 0 1 3794.dat
1 15 0 -32 40 1 0 0 0 1 0 0 0 1 2412.dat
1 80 0 -40 20 1 0 0 0 1 0 0 0 1 6141.dat
1 40 0 -24 0 1 0 0 0 1 0 0 0 1 54200.dat
1 71 0 -32 60 -1 0 0 0 1 0 0 0 -1 42446.dat
1 15 0 -25 81 -1 0 0 0 0 -1 0 -1 0 3024.dat
1 72 0 -25 85 -1 0 0 0 0 -1 0 -1 0 30162.dat
1 71 30 -22 4 -1 0 0 0 0 -1 0 -1 0 3957.dat
1 15 30 -22 28 -1 0 0 0 0 -1 0 -1 0 3062.dat
1 71 30 -22 94 0 -1 0 0 0 -1 1 0 0 4274.dat
1 72 30 -22 102 -1 0 0 0 0 -1 0 -1 0 6141.dat
1 57 30 -22 110 -1 0 0 0 0 -1 0 -1 0 6141.dat
1 71 30 2 4 -1 0 0 0 0 -1 0 -1 0 3957.dat
1 15 30 2 28 -1 0 0 0 0 -1 0 -1 0 3062.dat
1 71 30 2 94 0 -1 0 0 0 -1 1 0 0 4274.dat
1 72 30 2 102 -1 0 0 0 0 -1 0 -1 0 6141.dat
1 57 30 2 110 -1 0 0 0 0 -1 0 -1 0 6141.dat
1 71 -30 -22 4 -1 0 0 0 0 -1 0 -1 0 3957.dat
1 15 -30 -22 28 -1 0 0 0 0 -1 0 -1 0 3062.dat
1 71 -30 -22 94 0 -1 0 0 0 -1 1 0 0 4274.dat
1 72 -30 -22 102 -1 0 0 0 0 -1 0 -1 0 6141.dat
1 57 -30 -22 110 -1 0 0 0 0 -1 0 -1 0 6141.dat
1 71 -30 2 4 -1 0 0 0 0 -1 0 -1 0 3957.dat
1 15 -30 2 28 -1 0 0 0 0 -1 0 -1 0 3062.dat
1 71 -30 2 94 0 -1 0 0 0 -1 1 0 0 4274.dat
1 72 -30 2 102 -1 0 0 0 0 -1 0 -1 0 6141.dat
1 57 -30 2 110 -1 0 0 0 0 -1 0 -1 0 6141.dat
1 71 58.4601 11.6964 50 -0.965926 0.258819 0 -0.258819 -0.965926 0 0 0 1 63868.dat
1 15 66.0489 22.012 60 0 0.258819 -0.965926 0 -0.965926 -0.258819 -1 0 0 43722.dat
1 72 83.2968 34.9158 50 0 0.258819 -0.965926 0 -0.965926 -0.258819 -1 0 0 6019.dat
1 71 103.133 38.1603 0 0 0.258819 -0.965926 0 -0.965926 -0.258819 -1 0 0 61184.dat
1 71 -58.4601 -31.6964 50 0.965926 -0.258819 0 0.258819 0.965926 0 0 0 1 63868.dat
1 15 -66.0489 -42.012 60 0 -0.258819 0.965926 0 0.965926 0.258819 -1 0 0 43722.dat
1 72 -83.2968 -54.9158 50 0 -0.258819 0.965926 0 0.965926 0.258819 -1 0 0 6019.dat
1 71 -103.133 -58.1603 0 0 -0.258819 0.965926 0 0.965926 0.258819 -1 0 0 61184.dat
1 320 -54.319 -47.1512 50 0.965926 -0.258819 0 0.258819 0.965926 0 0 0 1 2412.dat
1 71 -58.4601 11.6964 50 0.965926 -0.258819 0 -0.258819 -0.965926 0 0 0 -1 63868.dat
1 15 -66.0489 22.012 60 0 -0.258819 0.965926 0 -0.965926 -0.258819 1 0 0 43723.dat
1 72 -83.2968 34.9158 50 0 -0.258819 0.965926 0 -0.965926 -0.258819 1 0 0 6019.dat
1 71 -103.133 38.1603 0 0 -0.258819 -0.965926 0 -0.965926 0.258819 -1 0 0 61184.dat
1 71 58.4601 -31.6964 50 -0.965926 0.258819 0 0.258819 0.965926 0 0 0 -1 63868.dat
1 15 66.0489 -42.012 60 0 0.258819 -0.965926 0 0.965926 0.258819 1 0 0 43723.dat
1 72 83.2968 -54.9158 50 0 0.258819 -0.965926 0 0.965926 0.258819 1 0 0 6019.dat
1 71 103.133 -58.1603 0 0 0.258819 0.965926 0 0.965926 -0.258819 -1 0 0 61184.dat
1 320 54.319 -47.1512 50 0.965926 0.258819 0 -0.258819 0.965926 0 0 0 1 2412.dat
