0 Main
0 Name: 42110 - Land Rover Defender.mpd
0 Author: LTRON
1 0 0 -84.92 -260 0 0 -1 -1 0.003 0 0.003 1 0 40490.dat
1 70 -60 -85.04 -300 0 0 -1 0.003 1 0 1 -0.003 0 15462.dat
1 72 -60 -84.98 -280 0 1 0 -0.003 0 -1 -1 0 0.003 6536.dat
1 0 -60 -85.04 -300 0 0 -1 1 -0.003 0 -0.003 -1 0 74695.dat
1 72 -60 -85.1 -320 0 1 0 -0.003 0 -1 -1 0 0.003 6536.dat
1 1 0 -84.95 -270 0 1 0 -0.003 0 -1 -1 0 0.003 43093.dat
1 4 0 -85.04 -300 0 1 0 1 0 -0.003 -0.003 0 -1 26287.dat
1 1 0 -85.13 -330 0 1 0 0.003 0 1 1 0 -0.003 43093.dat
1 70 60 -85.04 -300 0 0 1 0.003 -1 0 1 0.003 0 15462.dat
1 72 60 -85.1 -320 0 -1 0 -0.003 0 1 -1 0 -0.003 6536.dat
1 0 60 -85.04 -300 0 0 1 -1 -0.003 0 0.003 -1 0 74695.dat
1 72 60 -84.98 -280 0 -1 0 -0.003 0 1 -1 0 -0.003 6536.dat
1 0 0 -85.16 -340 0 0 -1 -1 0.003 0 0.003 1 0 40490.dat
1 70 80 -85.04 -300 0 0 1 -0.003 1 0 -1 -0.003 0 15462.dat
1 70 -80 -85.04 -300 0 0 1 -0.003 1 0 -1 -0.003 0 15462.dat
1 0 80 -125.115 -324.88 1 0 0 0 0.003 -1 0 1 0.003 11478.dat
1 0 -80 -125.115 -324.88 1 0 0 0 0.003 -1 0 1 0.003 11478.dat
1 0 -80 -124.965 -274.88 1 0 0 0 0.003 -1 0 1 0.003 11478.dat
1 0 80 -124.965 -274.88 1 0 0 0 0.003 -1 0 1 0.003 11478.dat
1 72 -80 -85.04 -300 0 -0.208 0.978 0.003 -0.978 -0.208 1 0.002934 0.000624 57515.dat
1 72 80 -85.04 -300 0 0.208 -0.978 -0.003 -0.978 -0.208 -1 0.002934 0.000624 57515.dat
1 1 -40 -104.98 -279.94 0 0 -1 -1 0.003 0 0.003 1 0 6558.dat
1 0 -40 -105.1 -319.94 -1 0 0 0 -1 0.003 0 0.003 1 32316.dat
1 0 -40 -95.1 -319.97 0 0 1 1 0.003 0 -0.003 1 0 2780.dat
1 1 40 -104.98 -279.94 0 0 -1 -1 0.003 0 0.003 1 0 6558.dat
1 0 40 -105.1 -319.94 -1 0 0 0 -1 0.003 0 0.003 1 32316.dat
1 0 40 -95.1 -319.97 0 0 1 1 0.003 0 -0.003 1 0 2780.dat
1 71 0 -125.04 -299.88 -1 0 0 0 1 -0.003 0 -0.003 -1 64178.dat
1 0 50 -125.34 -399.88 -1 0 0 0 1 -0.003 0 -0.003 -1 2780.dat
1 0 50 -125.28 -379.88 -1 0 0 0 1 -0.003 0 -0.003 -1 2780.dat
1 0 -50 -125.34 -399.88 -1 0 0 0 1 -0.003 0 -0.003 -1 2780.dat
1 0 -50 -125.28 -379.88 -1 0 0 0 1 -0.003 0 -0.003 -1 2780.dat
1 71 40 -114.86 -239.91 0 1 0 1 0 -0.003 -0.003 0 -1 4274.dat
1 71 -40 -114.86 -239.91 0 1 0 1 0 -0.003 -0.003 0 -1 4274.dat
1 19 0 -124.83 -229.88 0 0 1 -0.003 1 0 -1 -0.003 0 99008.dat
1 71 40 -125.04 -299.88 -1 0 0 0 1 -0.003 0 -0.003 -1 4519.dat
1 71 -40 -125.04 -299.88 -1 0 0 0 1 -0.003 0 -0.003 -1 4519.dat
1 72 0 -125.04 -299.88 0 0 1 1 0.003 0 -0.003 1 0 62821.dat
1 19 -17 -125.04 -299.88 0 0 1 1 0.003 0 -0.003 1 0 6589.dat
1 19 17 -125.04 -299.88 0 0 -1 -1 0.003 0 0.003 1 0 6589.dat
1 19 0 -125.091 -316.88 0 1 0 -1 0 0.003 0.003 0 1 6589.dat
1 71 -80 -125.04 -299.88 0 0 1 -1 -0.003 0 0.003 -1 0 62520.dat
1 71 -80 -125.04 -299.88 0 0.208 -0.978 0.003 0.978 0.208 1 -0.002934 -0.000624 62520.dat
1 71 -80 -125.04 -299.88 0 0 1 -1 -0.003 0 0.003 -1 0 62519.dat
1 71 80 -125.04 -299.88 0 0 -1 1 -0.003 0 -0.003 -1 0 62520.dat
1 71 80 -125.04 -299.88 0 0.208 0.978 0.003 -0.978 0.208 1 0.002934 -0.000624 62520.dat
1 71 80 -125.04 -299.88 0 0 -1 1 -0.003 0 -0.003 -1 0 62519.dat
1 71 -119.124 -116.715 -299.905 -0.978 0 -0.208 0.208 -0.003 -0.978 -0.000624 -1 0.002934 4519.dat
1 71 119.124 -116.715 -299.905 -0.978 0 0.208 -0.208 -0.003 -0.978 0.000624 -1 0.002934 4519.dat
1 4 -119.124 -116.715 -299.905 0.208 0 -0.978 0.978 -0.003 0.208 -0.002934 -1 -0.000624 3713.dat
1 4 119.124 -116.715 -299.905 -0.208 0 0.978 0.978 0.003 0.208 -0.002934 1 -0.000624 3713.dat
1 1 -40 -125.22 -359.88 0 -1 0 1 0 0.003 -0.003 0 1 6558.dat
1 1 40 -125.22 -359.88 0 -1 0 1 0 0.003 -0.003 0 1 6558.dat
1 71 -40 -145.1 -319.82 1 0 0 0 1 0.003 0 -0.003 1 32524.dat
1 71 40 -145.1 -319.82 1 0 0 0 1 0.003 0 -0.003 1 32524.dat
1 71 -40 -155.28 -379.79 0 0 -1 -1 0.003 0 0.003 1 0 4274.dat
1 71 40 -155.28 -379.79 0 0 -1 -1 0.003 0 0.003 1 0 4274.dat
1 1 -40 -145.1 -319.82 0 0 -1 1 -0.003 0 -0.003 -1 0 6558.dat
1 1 40 -145.1 -319.82 0 0 -1 1 -0.003 0 -0.003 -1 0 6558.dat
1 72 -60 -165.1 -319.76 0 1 0 -0.003 0 -1 -1 0 0.003 6536.dat
1 70 -60 -165.04 -299.76 0 1 0 0.003 0 1 1 0 -0.003 15462.dat
1 72 -60 -164.98 -279.76 0 1 0 -0.003 0 -1 -1 0 0.003 6536.dat
1 0 -60 -165.04 -299.76 0 0 -1 1 -0.003 0 -0.003 -1 0 74695.dat
1 0 0 -164.92 -259.76 0 0 -1 -1 0.003 0 0.003 1 0 40490.dat
1 72 60 -165.1 -319.76 0 -1 0 -0.003 0 1 -1 0 -0.003 6536.dat
1 70 60 -165.04 -299.76 0 -1 0 0.003 0 -1 1 0 0.003 15462.dat
1 72 60 -164.98 -279.76 0 -1 0 -0.003 0 1 -1 0 -0.003 6536.dat
1 0 60 -165.04 -299.76 0 0 1 -1 -0.003 0 0.003 -1 0 74695.dat
1 1 -40 -164.98 -279.76 0 0 -1 1 -0.003 0 -0.003 -1 0 6558.dat
1 1 40 -164.98 -279.76 0 0 -1 1 -0.003 0 -0.003 -1 0 6558.dat
1 0 0 -165.16 -339.76 0 0 -1 -1 0.003 0 0.003 1 0 40490.dat
1 4 0 -165.19 -349.76 0 0 -1 -0.003 -1 0 -1 0.003 0 3705.dat
1 4 0 -165.04 -299.76 0 -1 0 1 0 0.003 -0.003 0 1 26287.dat
1 70 80 -165.04 -299.76 0 1 0 -0.003 0 -1 -1 0 0.003 15462.dat
1 70 -80 -165.04 -299.76 0 1 0 -0.003 0 -1 -1 0 0.003 15462.dat
1 72 80 -165.04 -299.76 0 -0.208 -0.978 0.003 0.978 -0.208 1 -0.002934 0.000624 57515.dat
1 72 -80 -165.04 -299.76 0 0.208 0.978 -0.003 0.978 -0.208 -1 -0.002934 0.000624 57515.dat
1 4 177.81 -132.228 -299.8584 0 0 1 1 0.003 0 -0.003 1 0 6628.dat
1 4 177.81 -72.228 -300.0384 0 0 1 -1 -0.003 0 0.003 -1 0 6628.dat
1 71 177.81 -92.108 -259.9784 0 -1 0 1 0 0.003 -0.003 0 1 2736.dat
1 71 177.81 -104.228 -299.9424 0 -0.208 -0.978 0.003 0.978 -0.208 1 -0.002934 0.000624 32494.dat
1 4 -177.81 -132.228 -299.8584 0 0 -1 1 -0.003 0 -0.003 -1 0 6628.dat
1 4 -177.81 -72.228 -300.0384 0 0 -1 -1 0.003 0 0.003 1 0 6628.dat
1 71 -177.81 -92.108 -259.9784 0 1 0 1 0 -0.003 -0.003 0 -1 2736.dat
1 71 -177.81 -104.228 -299.9424 0 0.208 0.978 -0.003 0.978 -0.208 -1 -0.002934 0.000624 32494.dat
1 71 158.248 -148.39 -299.8099 0 1 0 0.003 0 1 1 0 -0.003 4519.dat
1 4 158.248 -68.39 -300.05 0 1 0 0.003 0 1 1 0 -0.003 32062.dat
1 0 158.248 -108.435 -314.93 1 0 0 0 -0.003 1 0 -1 -0.003 11478.dat
1 0 158.248 -108.345 -284.93 1 0 0 0 -0.003 1 0 -1 -0.003 11478.dat
1 71 -158.248 -148.39 -299.8099 0 1 0 0.003 0 1 1 0 -0.003 4519.dat
1 4 -158.248 -68.39 -300.05 0 1 0 0.003 0 1 1 0 -0.003 32062.dat
1 0 -158.248 -108.435 -314.93 1 0 0 0 -0.003 1 0 -1 -0.003 11478.dat
1 0 -158.248 -108.345 -284.93 1 0 0 0 -0.003 1 0 -1 -0.003 11478.dat
1 70 -119.124 -156.685 -289.785 0 0.978 0.208 0.003 -0.208 0.978 1 0.000624 -0.002934 24316.dat
0 !LEOCAD SYNTH BEGIN
0 !LEOCAD SYNTH CONTROL_POINT 0 110 0 1 0 0 0 1 0 0 0 1 1
0 !LEOCAD SYNTH CONTROL_POINT 0 0 0 1 0 0 0 1 0 0 0 1 1
1 4 -100 -265.04 -299.46 0.985 -0.174 0 0.174 0.985 0.003 -0.000522 -0.002955 1 76537.dat
0 !LEOCAD SYNTH END
0 !LEOCAD SYNTH BEGIN
0 !LEOCAD SYNTH CONTROL_POINT 0 110 0 1 0 0 0 1 0 0 0 1 1
0 !LEOCAD SYNTH CONTROL_POINT 0 0 0 1 0 0 0 1 0 0 0 1 1
1 71 -100 -264.95 -269.46 0.985 -0.174 0 0.174 0.985 0.003 -0.000522 -0.002955 1 41838.dat
0 !LEOCAD SYNTH END
1 70 119.124 -156.685 -289.785 0 0.978 -0.208 0.003 0.208 0.978 1 -0.000624 -0.002934 24316.dat
0 !LEOCAD SYNTH BEGIN
0 !LEOCAD SYNTH CONTROL_POINT 0 110 0 1 0 0 0 1 0 0 0 1 1
0 !LEOCAD SYNTH CONTROL_POINT 0 0 0 1 0 0 0 1 0 0 0 1 1
1 4 100 -265.04 -299.46 0.985 0.174 0 -0.174 0.985 0.003 0.000522 -0.002955 1 76537.dat
0 !LEOCAD SYNTH END
0 !LEOCAD SYNTH BEGIN
0 !LEOCAD SYNTH CONTROL_POINT 0 110 0 1 0 0 0 1 0 0 0 1 1
0 !LEOCAD SYNTH CONTROL_POINT 0 0 0 1 0 0 0 1 0 0 0 1 1
1 71 100 -264.95 -269.46 0.985 0.174 0 -0.174 0.985 0.003 0.000522 -0.002955 1 41838.dat
0 !LEOCAD SYNTH END
1 70 119.124 -76.751 -312.025 0 0.978 0.208 -0.003 0.208 -0.978 -1 -0.000624 0.002934 24316.dat
1 71 123.287 -96.367 -329.9663 0 0.208 0.978 0.003 -0.978 0.208 1 0.002934 -0.000624 42003.dat
1 71 113.506 -98.448 -329.9601 -0.978 0.208 0 -0.208 -0.978 0.003 0.000624 0.002934 1 4274.dat
1 71 117.668 -118.011 -329.9014 -0.978 0.208 0 -0.208 -0.978 0.003 0.000624 0.002934 1 4274.dat
1 0 107.762 -109.894 -329.9257 -0.208 0.978 0 0.978 0.208 -0.003 -0.002934 -0.000624 -1 35480.dat
1 0 102.018 -121.34 -329.8914 -0.208 0.978 0 0.978 0.208 -0.003 -0.002934 -0.000624 -1 98138.dat
1 70 -119.124 -76.751 -312.025 0 -0.978 0.208 -0.003 0.208 0.978 -1 -0.000624 -0.002934 24316.dat
1 71 -123.287 -96.367 -329.9663 0 -0.208 -0.978 -0.003 -0.978 0.208 -1 0.002934 -0.000624 42003.dat
1 71 -113.506 -98.448 -329.9601 0.978 -0.208 0 -0.208 -0.978 -0.003 0.000624 0.002934 -1 4274.dat
1 71 -117.668 -118.011 -329.9014 0.978 -0.208 0 -0.208 -0.978 -0.003 0.000624 0.002934 -1 4274.dat
1 0 -107.762 -109.894 -329.9257 -0.208 -0.978 0 -0.978 0.208 -0.003 0.002934 -0.000624 -1 35480.dat
1 0 -102.018 -121.34 -329.8914 -0.208 -0.978 0 -0.978 0.208 -0.003 0.002934 -0.000624 -1 98138.dat
1 72 20 -184.98 -279.7 0 1 0 0.003 0 1 1 0 -0.003 6536.dat
1 4 20 -185.01 -289.7 0 1 0 0.003 0 1 1 0 -0.003 32062.dat
1 1 20 -205.025 -294.64 1 0 0 0 -0.003 1 0 -1 -0.003 41677.dat
1 1 20 -205.055 -304.64 1 0 0 0 -0.003 1 0 -1 -0.003 41677.dat
1 71 20 -205.1 -319.64 0 -1 0 -0.003 0 1 -1 0 -0.003 4519.dat
1 71 20 -205.1 -319.64 0 0 1 1 0.003 0 -0.003 1 0 32140.dat
1 71 20 -205.16 -339.64 0 0 -1 1 -0.003 0 -0.003 -1 0 32140.dat
1 0 -40 -185.1 -319.7 0 0 -1 0.003 1 0 1 -0.003 0 18651.dat
1 72 -40 -184.98 -279.7 0 1 0 -1 0 0.003 0.003 0 1 32013.dat
1 0 40 -205.13 -329.64 0 1 0 -0.003 0 -1 -1 0 0.003 2780.dat
1 0 80 -205.13 -329.64 0 1 0 -0.003 0 -1 -1 0 0.003 2780.dat
1 4 60 -195.16 -339.67 0 1 0 1 0 -0.003 -0.003 0 -1 32291.dat
1 4 60 -215.16 -339.61 0 -1 0 1 0 0.003 -0.003 0 1 32291.dat
1 4 60 -205.16 -339.64 0 -1 0 1 0 0.003 -0.003 0 1 32062.dat
1 0 15 -185.28 -379.7 0 1 0 -0.003 0 -1 -1 0 0.003 11478.dat
1 0 25 -185.28 -379.7 0 1 0 -0.003 0 -1 -1 0 0.003 11478.dat
1 71 0 -185.28 -379.7 0 0 -1 0.003 1 0 1 -0.003 0 48989.dat
1 71 0 -145.28 -379.82 1 0 0 0 1 0.003 0 -0.003 1 4519.dat
1 71 0 -145.28 -379.82 1 0 0 0 1 0.003 0 -0.003 1 63869.dat
1 14 -20 -225.28 -379.58 1 0 0 0 1 0.003 0 -0.003 1 32073.dat
1 72 0 -245.28 -379.52 1 0 0 0 1 0.003 0 -0.003 1 32184.dat
1 14 0 -265.28 -379.46 1 0 0 0 1 0.003 0 -0.003 1 60485.dat
1 0 -25 -185.28 -379.7 0 1 0 -0.003 0 -1 -1 0 0.003 11478.dat
1 0 -15 -185.28 -379.7 0 1 0 -0.003 0 -1 -1 0 0.003 11478.dat
1 71 -20 -125.28 -379.88 0 -1 0 0.003 0 -1 1 0 0.003 32054.dat
1 71 20 -125.28 -379.88 0 -1 0 0.003 0 -1 1 0 0.003 32054.dat
1 1 -20 -125.37 -409.88 0 -1 0 0.003 0 -1 1 0 0.003 43093.dat
1 1 20 -125.37 -409.88 0 -1 0 0.003 0 -1 1 0 0.003 43093.dat
1 71 40 -185.28 -379.7 1 0 0 0 -1 -0.003 0 0.003 -1 87082.dat
1 71 -40 -185.28 -379.7 1 0 0 0 -1 -0.003 0 0.003 -1 87082.dat
1 71 -20 -285.28 -379.4 1 0 0 0 -1 -0.003 0 0.003 -1 42003.dat
1 71 20 -285.28 -379.4 1 0 0 0 -1 -0.003 0 0.003 -1 42003.dat
1 71 40 -245.28 -379.52 1 0 0 0 1 0.003 0 -0.003 1 42003.dat
1 72 -40 -245.28 -379.52 1 0 0 0 1 0.003 0 -0.003 1 32184.dat
1 4 -40 -245.31 -389.52 0 0 -1 0.003 1 0 1 -0.003 0 6628.dat
1 72 0 -205.256 -371.64 0 0 1 -0.003 1 0 -1 -0.003 0 87083.dat
1 0 0 -205.22 -359.64 1 0 0 0 1 0.003 0 -0.003 1 32270.dat
1 0 60 -205.28 -379.64 0 1 0 -0.003 0 -1 -1 0 0.003 40490.dat
1 0 -60 -205.28 -379.64 0 1 0 -0.003 0 -1 -1 0 0.003 40490.dat
1 0 70 -245.28 -379.52 -1 0 0 0 -0.003 -1 0 -1 0.003 2780.dat
1 0 -70 -245.28 -379.52 -1 0 0 0 -0.003 -1 0 -1 0.003 2780.dat
1 1 70 -205.28 -379.64 1 0 0 0 0.003 -1 0 1 0.003 43093.dat
1 1 70 -165.28 -379.76 1 0 0 0 0.003 -1 0 1 0.003 43093.dat
1 72 80 -185.28 -379.7 1 0 0 0 1 0.003 0 -0.003 1 32184.dat
1 72 80 -185.07 -309.7 0 1 0 -0.003 0 -1 -1 0 0.003 55013.dat
1 72 80 -185.22 -359.7 0 -1 0 -1 0 -0.003 0.003 0 -1 3648.dat
1 0 0 -125.4 -419.88 0 0 -1 -1 0.003 0 0.003 1 0 32316.dat
1 71 -40 -125.46 -439.88 0 1 0 -0.003 0 -1 -1 0 0.003 87082.dat
1 71 40 -125.46 -439.88 0 1 0 -0.003 0 -1 -1 0 0.003 87082.dat
1 0 50 -125.46 -439.88 -1 0 0 0 -0.003 -1 0 -1 0.003 2780.dat
1 0 -50 -125.46 -439.88 -1 0 0 0 -0.003 -1 0 -1 0.003 2780.dat
1 15 60 -125.4 -419.88 0 -1 0 -1 0 -0.003 0.003 0 -1 32523.dat
1 15 -60 -125.4 -419.88 0 -1 0 -1 0 -0.003 0.003 0 -1 32523.dat
1 0 0 -144.86 -239.82 1 0 0 0 1 0.003 0 -0.003 1 87761.dat
1 4 40 -144.83 -229.82 0 0 -1 -0.003 -1 0 -1 0.003 0 32062.dat
1 4 -40 -144.83 -229.82 0 0 -1 -0.003 -1 0 -1 0.003 0 32062.dat
1 72 60 -144.8 -219.82 0 1 0 -0.003 0 -1 -1 0 0.003 32184.dat
1 72 -60 -144.8 -219.82 0 1 0 -0.003 0 -1 -1 0 0.003 32184.dat
1 4 -80 -144.83 -229.82 0 0 -1 -0.003 -1 0 -1 0.003 0 32062.dat
1 4 80 -144.83 -229.82 0 0 -1 -0.003 -1 0 -1 0.003 0 32062.dat
1 72 80 -144.92 -259.82 0 1 0 1 0 -0.003 -0.003 0 -1 32013.dat
1 72 -80 -144.92 -259.82 0 1 0 1 0 -0.003 -0.003 0 -1 32013.dat
1 4 80 -134.92 -259.85 0 1 0 -1 0 0.003 0.003 0 1 6628.dat
1 4 -80 -134.92 -259.85 0 1 0 -1 0 0.003 0.003 0 1 6628.dat
1 72 -80 -124.92 -259.88 0 -0.208 -0.978 -0.003 -0.978 0.208 -1 0.002934 -0.000624 2739.dat
1 72 80 -124.92 -259.88 0 0.208 0.978 0.003 -0.978 0.208 1 0.002934 -0.000624 2739.dat
1 1 60 -154.86 -239.79 0 0 1 -1 -0.003 0 0.003 -1 0 43093.dat
1 1 -60 -154.86 -239.79 0 0 1 -1 -0.003 0 0.003 -1 0 43093.dat
1 0 60 -154.8 -219.79 0 0 1 -1 -0.003 0 0.003 -1 0 2780.dat
1 0 -60 -154.8 -219.79 0 0 1 -1 -0.003 0 0.003 -1 0 2780.dat
1 0 60 -164.86 -239.76 -1 0 0 0 -1 0.003 0 0.003 1 74695.dat
1 0 -60 -164.86 -239.76 -1 0 0 0 -1 0.003 0 0.003 1 74695.dat
1 0 20 -124.83 -229.88 0 0 1 -0.003 1 0 -1 -0.003 0 2780.dat
1 0 -20 -124.83 -229.88 0 0 1 -0.003 1 0 -1 -0.003 0 2780.dat
1 0 0 -164.8 -219.76 -1 0 0 0 0.003 1 0 1 -0.003 60484.dat
1 72 0 -164.89 -249.76 0 1 0 0.003 0 1 1 0 -0.003 87083.dat
1 0 0 -164.86 -239.76 1 0 0 0 -1 -0.003 0 0.003 -1 32270.dat
1 0 0 -124.53 -129.88 0 0 -1 -0.003 -1 0 -1 0.003 0 3706.dat
1 0 0 -124.71 -189.88 -1 0 0 0 -1 0.003 0 0.003 1 59443.dat
1 72 40 -225.199 -352.58 0 0 -1 0.003 1 0 1 -0.003 0 59426.dat
1 71 40 -225.34 -399.58 0 -1 0 1 0 0.003 -0.003 0 1 94925.dat
1 71 40 -225.115 -324.58 0 -1 0 1 0 0.003 -0.003 0 1 32123.dat
1 71 40 -225.004 -287.58 0 -0.94 0.342 0.871479 -0.168106 -0.460549 0.49039 0.298507 0.818389 62520.dat
1 71 40 -225.004 -287.58 1 0 0 0 -1 -0.003 0 0.003 -1 62520.dat
1 71 40 -225.004 -287.58 1 0 0 0 0.871479 -0.49039 0 0.49039 0.871479 62519.dat
1 0 0 -305.22 -359.34 0 0 -1 1 -0.003 0 -0.003 -1 0 32316.dat
1 1 -20 -304.8 -219.34 0 0 -1 -0.003 -1 0 -1 0.003 0 6558.dat
1 1 20 -304.8 -219.34 0 0 -1 -0.003 -1 0 -1 0.003 0 6558.dat
1 0 -20 -305.01 -289.34 0 0 -1 -0.003 -1 0 -1 0.003 0 2780.dat
1 0 20 -305.01 -289.34 0 0 -1 -0.003 -1 0 -1 0.003 0 2780.dat
1 71 0 -295.16 -339.37 0 0 -1 1 -0.003 0 -0.003 -1 0 4519.dat
1 4 0 -275.16 -339.43 0 -1 0 0.003 0 -1 1 0 0.003 3713.dat
1 71 0 -320.16 -339.295 0 -1 0 0.003 0 -1 1 0 0.003 32123.dat
1 71 0 -295.1 -319.37 0 0 -1 1 -0.003 0 -0.003 -1 0 4519.dat
1 4 0 -275.1 -319.43 0 -1 0 0.003 0 -1 1 0 0.003 3713.dat
1 71 0 -320.1 -319.295 0 -1 0 0.003 0 -1 1 0 0.003 32123.dat
1 71 0 -295.04 -299.37 0 0 -1 1 -0.003 0 -0.003 -1 0 4519.dat
1 4 0 -275.04 -299.43 0 -1 0 0.003 0 -1 1 0 0.003 3713.dat
1 71 0 -320.04 -299.295 0 -1 0 0.003 0 -1 1 0 0.003 32123.dat
1 71 0 -294.98 -279.37 0 0 -1 1 -0.003 0 -0.003 -1 0 4519.dat
1 4 0 -274.98 -279.43 0 -1 0 0.003 0 -1 1 0 0.003 3713.dat
1 71 0 -319.98 -279.295 0 -1 0 0.003 0 -1 1 0 0.003 32123.dat
1 71 0 -304.92 -259.34 0 0 -1 1 -0.003 0 -0.003 -1 0 4519.dat
1 4 0 -284.92 -259.4 0 -1 0 0.003 0 -1 1 0 0.003 3713.dat
1 71 0 -329.92 -259.265 0 -1 0 0.003 0 -1 1 0 0.003 32123.dat
1 71 0 -294.86 -239.37 0 0 -1 1 -0.003 0 -0.003 -1 0 4519.dat
1 4 0 -274.86 -239.43 0 -1 0 0.003 0 -1 1 0 0.003 3713.dat
1 71 0 -319.86 -239.295 0 -1 0 0.003 0 -1 1 0 0.003 32123.dat
1 1 40 -304.83 -229.34 0 1 0 -0.003 0 -1 -1 0 0.003 43093.dat
1 0 40 -304.92 -259.34 1 0 0 0 -1 -0.003 0 0.003 -1 32034.dat
1 4 40 -305.01 -289.34 0 0 -1 -0.003 -1 0 -1 0.003 0 32062.dat
1 0 40 -305.1 -319.34 1 0 0 0 -1 -0.003 0 0.003 -1 32034.dat
1 1 40 -305.19 -349.34 0 0 1 0.003 -1 0 1 0.003 0 43093.dat
1 1 -40 -304.83 -229.34 0 1 0 -0.003 0 -1 -1 0 0.003 43093.dat
1 0 -40 -304.92 -259.34 1 0 0 0 -1 -0.003 0 0.003 -1 32034.dat
1 4 -40 -305.01 -289.34 0 0 -1 -0.003 -1 0 -1 0.003 0 32062.dat
1 0 -40 -305.1 -319.34 1 0 0 0 -1 -0.003 0 0.003 -1 32034.dat
1 1 -40 -305.19 -349.34 0 0 1 0.003 -1 0 1 0.003 0 43093.dat
1 1 -20 -305.22 -359.34 0 1 0 -0.003 0 -1 -1 0 0.003 6558.dat
1 1 20 -305.22 -359.34 0 1 0 -0.003 0 -1 -1 0 0.003 6558.dat
1 0 0 -304.8 -219.34 0 0 -1 -1 0.003 0 0.003 1 0 40490.dat
1 0 0 -244.95 -269.52 0 0 -1 0.003 1 0 1 -0.003 0 3708.dat
1 4 0 -245.22 -359.52 1 0 0 0 -1 -0.003 0 0.003 -1 3713.dat
1 0 0 -245.16 -339.52 0 0 -1 -1 0.003 0 0.003 1 0 74695.dat
1 330 0 -245.1 -319.52 -1 0 0 0 0.003 1 0 1 -0.003 74695.dat
1 330 0 -244.98 -279.52 -1 0 0 0 0.003 1 0 1 -0.003 74695.dat
1 0 0 -245.04 -299.52 0 0 1 1 0.003 0 -0.003 1 0 74695.dat
1 0 0 -244.92 -259.52 1 0 0 0 0.003 -1 0 1 0.003 74695.dat
1 330 0 -244.86 -239.52 0 0 1 1 0.003 0 -0.003 1 0 74695.dat
1 4 0 -244.8 -219.52 1 0 0 0 -1 -0.003 0 0.003 -1 3713.dat
1 72 0 -244.74 -199.52 1 0 0 0 -1 -0.003 0 0.003 -1 32184.dat
1 71 0 -224.74 -199.58 1 0 0 0 -1 -0.003 0 0.003 -1 4519.dat
1 0 -20 -224.74 -199.58 0 -1 0 0.003 0 -1 1 0 0.003 74695.dat
1 0 20 -224.74 -199.58 0 -1 0 0.003 0 -1 1 0 0.003 74695.dat
1 71 0 -264.74 -199.46 1 0 0 0 -1 -0.003 0 0.003 -1 4519.dat
1 71 20 -284.74 -199.4 1 0 0 0 -1 -0.003 0 0.003 -1 42003.dat
1 71 -20 -284.74 -199.4 1 0 0 0 -1 -0.003 0 0.003 -1 42003.dat
1 71 0 -244.68 -179.52 1 0 0 0 -1 -0.003 0 0.003 -1 94925.dat
1 72 -12 -184.62 -159.7 -1 0 0 0 0.003 1 0 1 -0.003 55013.dat
1 72 -80 -184.62 -159.7 -1 0 0 0 1 -0.003 0 -0.003 -1 6536.dat
1 71 -60 -184.62 -159.7 0 1 0 -0.003 0 -1 -1 0 0.003 32140.dat
1 72 -40 -164.62 -159.76 1 0 0 0 1 0.003 0 -0.003 1 32184.dat
1 14 0 -144.62 -159.82 1 0 0 0 1 0.003 0 -0.003 1 32073.dat
1 1 -25 -124.62 -159.88 0 1 0 -0.003 0 -1 -1 0 0.003 41677.dat
1 1 -15 -124.62 -159.88 0 1 0 -0.003 0 -1 -1 0 0.003 41677.dat
1 1 15 -124.62 -159.88 0 1 0 -0.003 0 -1 -1 0 0.003 41677.dat
1 1 25 -124.62 -159.88 0 1 0 -0.003 0 -1 -1 0 0.003 41677.dat
1 4 0 -144.62 -159.82 0 0 1 -0.003 1 0 -1 -0.003 0 3713.dat
1 71 -10 -184.62 -159.7 1 0 0 0 0.003 -1 0 1 0.003 41678.dat
1 4 -10 -184.62 -159.7 -1 0 0 0 -1 0.003 0 0.003 1 32291.dat
1 1 -50 -224.62 -159.58 1 0 0 0 1 0.003 0 -0.003 1 43093.dat
1 0 -30 -224.62 -159.58 0 0 -1 1 -0.003 0 -0.003 -1 0 59443.dat
1 14 20 -224.62 -159.58 1 0 0 0 1 0.003 0 -0.003 1 32073.dat
1 71 0 -224.62 -159.58 1 0 0 0 -1 -0.003 0 0.003 -1 63869.dat
1 72 20 -204.62 -159.64 1 0 0 0 -1 -0.003 0 0.003 -1 32184.dat
1 4 40 -224.62 -159.58 0 0 1 0.003 -1 0 1 0.003 0 3713.dat
1 72 40 -164.62 -159.76 1 0 0 0 -1 -0.003 0 0.003 -1 32184.dat
1 71 60 -184.62 -159.7 0 1 0 -0.003 0 -1 -1 0 0.003 32140.dat
1 1 70 -204.62 -159.64 1 0 0 0 0.003 -1 0 1 0.003 43093.dat
1 72 80 -204.62 -159.64 -1 0 0 0 1 -0.003 0 -0.003 -1 6536.dat
1 14 60 -124.62 -159.88 1 0 0 0 1 0.003 0 -0.003 1 32073.dat
1 14 -60 -124.62 -159.88 1 0 0 0 1 0.003 0 -0.003 1 32073.dat
1 0 40 -164.59 -149.76 0 0 1 -0.003 1 0 -1 -0.003 0 3706.dat
1 0 0 -164.59 -149.76 0 0 1 -0.003 1 0 -1 -0.003 0 3706.dat
1 71 40 -164.68 -179.76 -1 0 0 0 1 -0.003 0 -0.003 -1 94925.dat
1 71 0 -164.68 -179.76 -1 0 0 0 1 -0.003 0 -0.003 -1 94925.dat
1 4 40 -164.56 -139.76 -1 0 0 0 1 -0.003 0 -0.003 -1 3713.dat
1 4 0 -164.56 -139.76 -1 0 0 0 1 -0.003 0 -0.003 -1 3713.dat
1 4 0 -164.5 -119.76 -1 0 0 0 1 -0.003 0 -0.003 -1 3713.dat
1 72 20 -204.53 -129.64 0 0 1 -0.003 1 0 -1 -0.003 0 87083.dat
1 72 -20 -204.53 -129.64 0 0 1 -0.003 1 0 -1 -0.003 0 87083.dat
1 19 0 -204.68 -179.64 0 0 1 -0.003 1 0 -1 -0.003 0 32556.dat
1 4 0 -204.68 -179.64 -0.966 -0.259 0 -0.259 0.966 -0.003 0.000777 -0.002898 -1 18946.dat
1 70 -40 -164.62 -159.76 0 0 1 -0.003 1 0 -1 -0.003 0 15462.dat
1 4 -40 -164.68 -179.76 -0.966 -0.259 0 -0.259 0.966 -0.003 0.000777 -0.002898 -1 18946.dat
1 71 -60 -164.74 -199.76 0 1 0 0.003 0 1 1 0 -0.003 48989.dat
1 71 20 -164.74 -199.76 0 1 0 0.003 0 1 1 0 -0.003 48989.dat
1 71 -20 -184.74 -199.7 0 0 1 -0.003 1 0 -1 -0.003 0 32524.dat
1 71 -20 -144.74 -199.82 0 0 1 -0.003 1 0 -1 -0.003 0 32524.dat
1 1 20 -194.74 -199.67 0 0 -1 -1 0.003 0 0.003 1 0 43093.dat
1 1 -20 -194.74 -199.67 0 0 -1 -1 0.003 0 0.003 1 0 43093.dat
1 72 0 -204.74 -199.64 0 1 0 -1 0 0.003 0.003 0 1 32184.dat
1 71 -40 -164.56 -139.76 -1 0 0 0 1 -0.003 0 -0.003 -1 94925.dat
1 0 -40 -164.47 -109.76 -1 0 0 0 1 -0.003 0 -0.003 -1 59443.dat
1 4 -40 -164.41 -89.76 0 0 -1 0.003 1 0 1 -0.003 0 32062.dat
1 4 20 -204.56 -139.64 -1 0 0 0 1 -0.003 0 -0.003 -1 3713.dat
1 4 20 -204.5 -119.64 -1 0 0 0 1 -0.003 0 -0.003 -1 18946.dat
1 15 20 -204.38 -79.64 -1 0 0 0 1 -0.003 0 -0.003 -1 18948.dat
1 72 60 -144.44 -99.82 0 0 1 -0.003 1 0 -1 -0.003 0 32013.dat
1 4 10 -144.44 -99.82 -1 0 0 0 1 -0.003 0 -0.003 -1 3705.dat
1 0 60 -144.41 -89.82 0 0 -1 0.003 1 0 1 -0.003 0 2780.dat
1 71 20 -144.44 -99.82 1 0 0 0 -1 -0.003 0 0.003 -1 63869.dat
1 72 0 -144.44 -99.82 1 0 0 0 1 0.003 0 -0.003 1 6536.dat
1 72 -40 -144.44 -99.82 0 0 -1 0.003 1 0 1 -0.003 0 32013.dat
1 0 0 -144.38 -79.82 0 0 -1 1 -0.003 0 -0.003 -1 0 41239.dat
1 1 40 -144.35 -69.82 0 0 -1 0.003 1 0 1 -0.003 0 43093.dat
1 4 -40 -144.38 -79.82 0 0 -1 0.003 1 0 1 -0.003 0 11214.dat
1 72 40 -144.32 -59.82 0 0 -1 0.003 1 0 1 -0.003 0 6536.dat
1 72 -40 -144.32 -59.82 0 0 -1 0.003 1 0 1 -0.003 0 6536.dat
1 0 -40 -164.35 -69.76 -1 0 0 0 1 -0.003 0 -0.003 -1 59443.dat
1 14 -40 -164.2 -19.76 0 0 1 -0.003 1 0 -1 -0.003 0 32073.dat
1 4 -40 -164.2 -19.76 -1 0 0 0 1 -0.003 0 -0.003 -1 3713.dat
1 14 -20 -204.5 -119.64 1 0 0 0 1 0.003 0 -0.003 1 35186.dat
1 15 -20 -204.38 -79.64 -1 0 0 0 1 -0.003 0 -0.003 -1 18948.dat
1 71 20 -204.14 0.36 0 0 -1 0.003 1 0 1 -0.003 0 44294.dat
1 4 -20 -204.23 -29.64 0 0 -1 0.003 1 0 1 -0.003 0 3705.dat
1 72 20 -204.38 -79.64 1 0 0 0 1 0.003 0 -0.003 1 18947.dat
1 72 -20 -204.38 -79.64 1 0 0 0 1 0.003 0 -0.003 1 18947.dat
1 4 -20 -204.26 -39.64 -1 0 0 0 1 -0.003 0 -0.003 -1 18946.dat
1 71 -20 -204.2 -19.64 -1 0 0 0 1 -0.003 0 -0.003 -1 94925.dat
1 14 20 -204.29 -49.64 -1 0 0 0 1 -0.003 0 -0.003 -1 35186.dat
1 4 20 -204.2 -19.64 -1 0 0 0 1 -0.003 0 -0.003 -1 18946.dat
1 4 -10 -184.14 0.3 -1 0 0 0 -1 0.003 0 0.003 1 3707.dat
1 72 -80 -164.14 0.24 -1 0 0 0 -1 0.003 0 0.003 1 32184.dat
1 72 -12 -144.14 0.18 -1 0 0 0 -1 0.003 0 0.003 1 55013.dat
1 4 -60 -184.14 0.3 0 0 1 0.003 -1 0 1 0.003 0 3713.dat
1 0 -60 -144.14 0.18 0 -1 0 -0.003 0 1 -1 0 -0.003 74695.dat
1 72 -40 -164.14 0.24 -1 0 0 0 -1 0.003 0 0.003 1 32184.dat
1 72 -20 -204.14 0.36 -1 0 0 0 -1 0.003 0 0.003 1 32184.dat
1 4 -20 -144.14 0.18 0 0 1 0.003 -1 0 1 0.003 0 3713.dat
1 72 0 -184.14 0.3 -1 0 0 0 1 -0.003 0 -0.003 -1 6536.dat
1 72 0 -144.14 0.18 -1 0 0 0 1 -0.003 0 -0.003 -1 6536.dat
1 72 20 -204.14 0.36 -1 0 0 0 -1 0.003 0 0.003 1 32184.dat
1 4 20 -144.14 0.18 0 0 1 0.003 -1 0 1 0.003 0 3713.dat
1 72 40 -164.14 0.24 -1 0 0 0 -1 0.003 0 0.003 1 32184.dat
1 0 60 -144.14 0.18 0 -1 0 -0.003 0 1 -1 0 -0.003 74695.dat
1 0 20 -204.08 20.36 1 0 0 0 0.003 -1 0 1 0.003 18654.dat
1 1 60 -244.68 -179.52 -1 0 0 0 1 -0.003 0 -0.003 -1 6558.dat
1 1 -60 -244.68 -179.52 1 0 0 0 1 0.003 0 -0.003 1 6558.dat
1 70 20 -244.56 -139.52 0 0 1 -0.003 1 0 -1 -0.003 0 24316.dat
1 70 -20 -244.56 -139.52 0 0 1 -0.003 1 0 -1 -0.003 0 24316.dat
1 72 0 -244.56 -139.52 0 -1 0 0.003 0 -1 1 0 0.003 32184.dat
1 71 0 -224.14 0.42 -1 0 0 0 0.003 1 0 1 -0.003 4519.dat
1 0 10 -244.44 -99.52 1 0 0 0 1 0.003 0 -0.003 1 3706.dat
1 71 20 -244.5 -119.52 1 0 0 0 -1 -0.003 0 0.003 -1 32039.dat
1 0 5 -244.44 -99.52 0 -1 0 1 0 0.003 -0.003 0 1 6632.dat
1 0 -5 -244.44 -99.52 0 -1 0 1 0 0.003 -0.003 0 1 6632.dat
1 70 30 -244.38 -79.52 -1 0 0 0 -1 0.003 0 0.003 1 24316.dat
1 70 -30 -244.38 -79.52 1 0 0 0 1 0.003 0 -0.003 1 24316.dat
1 71 -20 -244.5 -119.52 1 0 0 0 -1 -0.003 0 0.003 -1 32039.dat
1 0 -20 -244.32 -59.52 1 0 0 0 -1 -0.003 0 0.003 -1 18651.dat
1 71 -15 -244.32 -59.52 0 0 1 -0.003 1 0 -1 -0.003 0 32123.dat
1 71 -25 -244.32 -59.52 0 0 1 -0.003 1 0 -1 -0.003 0 32123.dat
1 4 -20 -264.38 -79.46 -1 0 0 0 -0.003 -1 0 -1 0.003 6641.dat
1 72 -40 -244.32 -59.52 0 -1 0 1 0 0.003 -0.003 0 1 32278.dat
1 71 -60 -244.56 -139.52 1 0 0 0 0.003 -1 0 1 0.003 87082.dat
1 0 -30 -244.08 20.48 1 0 0 0 0.003 -1 0 1 0.003 2780.dat
1 71 -20 -244.08 20.48 0 1 0 -0.003 0 -1 -1 0 0.003 15100.dat
1 71 0 -224.14 0.42 -1 0 0 0 -1 0.003 0 0.003 1 63869.dat
1 71 20 -244.08 20.48 0 1 0 -0.003 0 -1 -1 0 0.003 15100.dat
1 0 30 -244.08 20.48 1 0 0 0 0.003 -1 0 1 0.003 2780.dat
1 72 40 -244.32 -59.52 0 -1 0 1 0 0.003 -0.003 0 1 32278.dat
1 4 20 -264.38 -79.46 -1 0 0 0 -0.003 -1 0 -1 0.003 6641.dat
1 71 60 -244.56 -139.52 1 0 0 0 0.003 -1 0 1 0.003 87082.dat
1 0 30 -244.32 -59.52 1 0 0 0 0.003 -1 0 1 0.003 2780.dat
1 0 20 -244.32 -59.52 0 1 0 -1 0 0.003 0.003 0 1 18654.dat
1 71 20 -284.38 -79.4 0 1 0 -1 0 0.003 0.003 0 1 4519.dat
1 72 20 -304.38 -79.34 0 0 -1 -1 0.003 0 0.003 1 0 6536.dat
1 4 -20 -274.38 -79.43 0 0 -1 -1 0.003 0 0.003 1 0 32062.dat
1 0 -20 -284.38 -79.4 -1 0 0 0 0.003 1 0 1 -0.003 32270.dat
1 0 0 -244.05 30.48 0 0.707 -0.707 0.003 0.707 0.707 1 -0.002121 -0.002121 3706.dat
1 0 0 -244.194 -17.52 0.707 0 0.707 0.707 0.003 -0.707 -0.002121 1 0.002121 4032.dat
1 0 0 -244.266 -41.52 -0.707 0 -0.707 -0.707 0.003 0.707 0.002121 1 -0.002121 92947.dat
1 0 0 -244.29 -49.52 -0.707 0 -0.707 -0.707 0.003 0.707 0.002121 1 -0.002121 14769.dat
1 71 -40 -244.74 -199.52 1 0 0 0 -1 -0.003 0 0.003 -1 32054.dat
1 4 -80 -244.74 -199.52 1 0 0 0 -1 -0.003 0 0.003 -1 11214.dat
1 4 78 -244.74 -199.52 -1 0 0 0 -1 0.003 0 0.003 1 11214.dat
1 71 38 -244.74 -199.52 -1 0 0 0 -1 0.003 0 0.003 1 32054.dat
1 0 0 -124.32 -59.88 -1 0 0 0 1 -0.003 0 -0.003 -1 32034.dat
1 0 -60 -124.56 -139.88 0 -1 0 1 0 0.003 -0.003 0 1 40490.dat
1 71 -60 -124.8 -219.88 1 0 0 0 1 0.003 0 -0.003 1 32054.dat
1 71 -60 -124.74 -199.88 1 0 0 0 1 0.003 0 -0.003 1 32054.dat
1 0 -70 -124.44 -99.88 1 0 0 0 1 0.003 0 -0.003 1 2780.dat
1 71 -60 -124.56 -139.88 1 0 0 0 1 0.003 0 -0.003 1 32054.dat
1 1 -90 -124.56 -139.88 1 0 0 0 1 0.003 0 -0.003 1 43093.dat
1 0 -80 -124.5 -119.88 0 -1 0 1 0 0.003 -0.003 0 1 18654.dat
1 1 -80 -124.5 -119.88 -1 0 0 0 -1 0.003 0 0.003 1 6558.dat
1 1 -60 -124.32 -59.88 1 0 0 0 1 0.003 0 -0.003 1 6558.dat
1 0 -40 -124.62 -159.88 0 -1 0 1 0 0.003 -0.003 0 1 74695.dat
1 0 60 -124.56 -139.88 0 1 0 -1 0 0.003 0.003 0 1 40490.dat
1 71 60 -124.8 -219.88 -1 0 0 0 -1 0.003 0 0.003 1 32054.dat
1 71 60 -124.74 -199.88 -1 0 0 0 -1 0.003 0 0.003 1 32054.dat
1 0 70 -124.44 -99.88 -1 0 0 0 -1 0.003 0 0.003 1 2780.dat
1 71 60 -124.56 -139.88 -1 0 0 0 -1 0.003 0 0.003 1 32054.dat
1 1 90 -124.56 -139.88 -1 0 0 0 -1 0.003 0 0.003 1 43093.dat
1 0 80 -124.5 -119.88 0 1 0 -1 0 0.003 0.003 0 1 18654.dat
1 1 80 -124.5 -119.88 1 0 0 0 1 0.003 0 -0.003 1 6558.dat
1 1 60 -124.32 -59.88 -1 0 0 0 -1 0.003 0 0.003 1 6558.dat
1 0 40 -124.62 -159.88 0 1 0 -1 0 0.003 0.003 0 1 74695.dat
1 4 80 -124.62 -159.88 0 0 -1 -1 0.003 0 0.003 1 0 3713.dat
1 4 -80 -124.62 -159.88 0 0 1 -1 -0.003 0 0.003 -1 0 3713.dat
1 19 -80 -164.65 -169.76 0 0 1 0.003 -1 0 1 0.003 0 99008.dat
1 71 -80 -164.68 -179.76 -1 0 0 0 1 -0.003 0 -0.003 -1 94925.dat
1 0 -80 -164.53 -129.76 -1 0 0 0 1 -0.003 0 -0.003 -1 59443.dat
1 4 -80 -164.29 -49.76 0 0 -1 0.003 1 0 1 -0.003 0 3707.dat
1 71 0 -123.3 280.12 -1 0 0 0 -1 0.003 0 0.003 1 64178.dat
1 1 40 -123.48 220.12 0 1 0 -1 0 0.003 0.003 0 1 6558.dat
1 1 40 -123.12 340.12 0 1 0 -1 0 0.003 0.003 0 1 6558.dat
1 1 -40 -123.48 220.12 0 1 0 -1 0 0.003 0.003 0 1 6558.dat
1 1 -40 -123.12 340.12 0 1 0 -1 0 0.003 0.003 0 1 6558.dat
1 19 0 -123.09 350.12 0 1 0 -0.003 0 -1 -1 0 0.003 99008.dat
1 72 0 -123.06 360.12 0 1 0 -1 0 0.003 0.003 0 1 10928.dat
1 0 -50 -123.06 360.12 1 0 0 0 1 0.003 0 -0.003 1 2780.dat
1 0 50 -123.06 360.12 1 0 0 0 1 0.003 0 -0.003 1 2780.dat
1 71 40 -123.3 280.12 1 0 0 0 1 0.003 0 -0.003 1 4519.dat
1 71 -40 -123.3 280.12 1 0 0 0 1 0.003 0 -0.003 1 4519.dat
1 72 0 -123.3 280.12 0 0 1 -1 -0.003 0 0.003 -1 0 62821.dat
1 19 -17 -123.3 280.12 0 0 1 -1 -0.003 0 0.003 -1 0 6589.dat
1 19 17 -123.3 280.12 0 0 -1 -1 0.003 0 0.003 1 0 6589.dat
1 19 0 -123.249 297.12 0 -1 0 -1 0 -0.003 0.003 0 -1 6589.dat
1 71 80 -123.3 280.12 0 0.208 0.978 0.003 -0.978 0.208 1 0.002934 -0.000624 62520.dat
1 71 80 -123.3 280.12 0 0 -1 1 -0.003 0 -0.003 -1 0 62520.dat
1 71 80 -123.3 280.12 0 0 1 0.003 -1 0 1 0.003 0 62519.dat
1 71 -80 -123.3 280.12 0 0 1 0.003 -1 0 1 0.003 0 62520.dat
1 71 -80 -123.3 280.12 0.208 0 -0.978 0.978 -0.003 0.208 -0.002934 -1 -0.000624 62520.dat
1 71 -80 -123.3 280.12 0 -0.208 0.978 0.003 -0.978 -0.208 1 0.002934 0.000624 62519.dat
1 71 -119.124 -114.975 280.095 -0.978 0 0.208 0.208 0.003 0.978 -0.000624 1 -0.002934 4519.dat
1 71 119.124 -114.975 280.095 -0.978 0 -0.208 -0.208 0.003 0.978 0.000624 1 -0.002934 4519.dat
1 4 119.124 -114.975 280.095 0 0.208 0.978 0.003 -0.978 0.208 1 0.002934 -0.000624 3713.dat
1 4 -119.124 -114.975 280.095 0 -0.208 -0.978 -0.003 -0.978 0.208 -1 0.002934 -0.000624 3713.dat
1 1 -40 -103.24 300.06 0 -1 0 1 0 0.003 -0.003 0 1 6558.dat
1 1 -40 -103.36 260.06 0 -1 0 1 0 0.003 -0.003 0 1 6558.dat
1 1 40 -103.36 260.06 0 -1 0 1 0 0.003 -0.003 0 1 6558.dat
1 1 40 -103.24 300.06 0 -1 0 1 0 0.003 -0.003 0 1 6558.dat
1 0 -80 -103.42 240.06 0 0 1 -0.003 1 0 -1 -0.003 0 60484.dat
1 0 -80 -103.18 320.06 0 0 1 -0.003 1 0 -1 -0.003 0 60484.dat
1 0 80 -103.42 240.06 0 0 -1 0.003 1 0 1 -0.003 0 60484.dat
1 0 80 -103.18 320.06 0 0 -1 0.003 1 0 1 -0.003 0 60484.dat
1 72 -60 -83.36 260 0 1 0 0.003 0 1 1 0 -0.003 6536.dat
1 72 -60 -83.24 300 0 1 0 0.003 0 1 1 0 -0.003 6536.dat
1 14 -60 -83.3 280 0 1 0 0.003 0 1 1 0 -0.003 32073.dat
1 0 -60 -83.3 280 0 0 -1 -1 0.003 0 0.003 1 0 74695.dat
1 71 -80 -83.3 280 0 -1 0 0.003 0 -1 1 0 0.003 44294.dat
1 72 -80 -83.3 280 0 -0.208 0.978 0.003 -0.978 -0.208 1 0.002934 0.000624 57515.dat
1 0 -80 -123.225 305.12 -1 0 0 0 0.003 1 0 1 -0.003 11478.dat
1 0 -80 -123.375 255.12 1 0 0 0 -0.003 1 0 -1 -0.003 11478.dat
1 72 60 -83.24 300 0 -1 0 -0.003 0 1 -1 0 -0.003 6536.dat
1 72 60 -83.36 260 0 -1 0 -0.003 0 1 -1 0 -0.003 6536.dat
1 14 60 -83.3 280 0 -1 0 -0.003 0 1 -1 0 -0.003 32073.dat
1 0 60 -83.3 280 0 0 1 -1 -0.003 0 0.003 -1 0 74695.dat
1 71 80 -83.3 280 0 1 0 -0.003 0 -1 -1 0 0.003 44294.dat
1 72 80 -83.3 280 0 0.208 -0.978 -0.003 -0.978 -0.208 -1 0.002934 0.000624 57515.dat
1 0 80 -123.375 255.12 -1 0 0 0 -0.003 -1 0 -1 0.003 11478.dat
1 0 80 -123.225 305.12 1 0 0 0 0.003 -1 0 1 0.003 11478.dat
1 0 0 -83.18 320 0 0 -1 1 -0.003 0 -0.003 -1 0 40490.dat
1 0 0 -83.42 240 0 0 -1 1 -0.003 0 -0.003 -1 0 40490.dat
1 1 0 -83.21 310 0 0 -1 -0.003 -1 0 -1 0.003 0 43093.dat
1 1 0 -83.39 250 0 0 1 0.003 -1 0 1 0.003 0 43093.dat
1 4 0 -83.3 280 -1 0 0 0 1 -0.003 0 -0.003 -1 26287.dat
1 4 40 -143.3 280.18 -1 0 0 0 1 -0.003 0 -0.003 -1 32524.dat
1 4 -40 -143.3 280.18 -1 0 0 0 1 -0.003 0 -0.003 -1 32524.dat
1 0 -50 -123.42 240.12 1 0 0 0 1 0.003 0 -0.003 1 2780.dat
1 0 -50 -123.6 180.12 1 0 0 0 1 0.003 0 -0.003 1 2780.dat
1 72 -60 -123.72 140.12 0 -1 0 1 0 0.003 -0.003 0 1 32525.dat
1 1 -50 -123.66 160.12 1 0 0 0 1 0.003 0 -0.003 1 43093.dat
1 70 -40 -123.78 120.12 -1 0 0 0 -1 0.003 0 0.003 1 24316.dat
1 72 -40 -123.72 140.12 -1 0 0 0 0.003 1 0 1 -0.003 32184.dat
1 0 50 -123.42 240.12 -1 0 0 0 -1 0.003 0 0.003 1 2780.dat
1 0 50 -123.6 180.12 -1 0 0 0 -1 0.003 0 0.003 1 2780.dat
1 72 60 -123.72 140.12 0 1 0 -1 0 0.003 0.003 0 1 32525.dat
1 4 80 -113.42 240.09 0 -1 0 1 0 0.003 -0.003 0 1 6628.dat
1 4 80 -113.18 320.09 0 -1 0 1 0 0.003 -0.003 0 1 6628.dat
1 4 -80 -113.18 320.09 0 -1 0 1 0 0.003 -0.003 0 1 6628.dat
1 4 -80 -113.42 240.09 0 -1 0 1 0 0.003 -0.003 0 1 6628.dat
1 72 80 -123.18 320.12 0 -0.208 0.978 -0.003 0.978 0.208 -1 -0.002934 -0.000624 2739.dat
1 72 80 -123.42 240.12 0 -0.208 0.978 -0.003 0.978 0.208 -1 -0.002934 -0.000624 2739.dat
1 72 -80 -123.18 320.12 0 -0.208 -0.978 -0.003 -0.978 0.208 -1 0.002934 -0.000624 2739.dat
1 72 -80 -123.42 240.12 0 -0.208 -0.978 -0.003 -0.978 0.208 -1 0.002934 -0.000624 2739.dat
1 0 -40 -153.24 300.21 0 1 0 -1 0 0.003 0.003 0 1 2780.dat
1 0 40 -153.24 300.21 0 1 0 -1 0 0.003 0.003 0 1 2780.dat
1 72 60 -163.24 300.24 0 -1 0 -0.003 0 1 -1 0 -0.003 6536.dat
1 72 -60 -163.24 300.24 0 1 0 0.003 0 1 1 0 -0.003 6536.dat
1 70 60 -163.3 280.24 0 1 0 -0.003 0 -1 -1 0 0.003 15462.dat
1 70 -60 -163.3 280.24 0 1 0 -0.003 0 -1 -1 0 0.003 15462.dat
1 0 -60 -163.3 280.24 0 0 -1 -1 0.003 0 0.003 1 0 74695.dat
1 0 60 -163.3 280.24 0 0 1 1 0.003 0 -0.003 1 0 74695.dat
1 72 60 -163.36 260.24 0 -1 0 -0.003 0 1 -1 0 -0.003 6536.dat
1 72 -60 -163.36 260.24 0 1 0 0.003 0 1 1 0 -0.003 6536.dat
1 0 0 -163.42 240.24 0 0 1 -1 -0.003 0 0.003 -1 0 40490.dat
1 1 -40 -163.36 260.24 0 -1 0 1 0 0.003 -0.003 0 1 6558.dat
1 1 40 -163.36 260.24 0 -1 0 1 0 0.003 -0.003 0 1 6558.dat
1 71 80 -163.3 280.24 0 1 0 -0.003 0 -1 -1 0 0.003 44294.dat
1 72 80 -163.3 280.24 0 -0.208 -0.978 0.003 0.978 -0.208 1 -0.002934 0.000624 57515.dat
1 4 177.81 -132.488 280.1476 0 -1 0 1 0 0.003 -0.003 0 1 6628.dat
1 4 177.81 -72.488 279.9676 0 1 0 -1 0 0.003 0.003 0 1 6628.dat
1 71 177.81 -102.488 280.0576 0.208 0 -0.978 -0.978 0.003 -0.208 0.002934 1 0.000624 32494.dat
1 71 177.81 -90.608 240.0216 0 0 -1 1 -0.003 0 -0.003 -1 0 2736.dat
1 71 177.81 -92.368 320.0276 0 0 -1 1 -0.003 0 -0.003 -1 0 2736.dat
1 4 -177.81 -132.488 280.1476 0 1 0 1 0 -0.003 -0.003 0 -1 6628.dat
1 4 -177.81 -72.488 279.9676 0 -1 0 -1 0 -0.003 0.003 0 -1 6628.dat
1 71 -177.81 -102.488 280.0576 -0.208 0 0.978 -0.978 -0.003 -0.208 0.002934 -1 0.000624 32494.dat
1 71 -177.81 -90.368 320.0216 0 0 1 1 0.003 0 -0.003 1 0 2736.dat
1 71 -177.81 -92.608 240.0276 0 0 1 1 0.003 0 -0.003 1 0 2736.dat
1 71 -80 -163.3 280.24 0 -1 0 0.003 0 -1 1 0 0.003 44294.dat
1 72 -80 -163.3 280.24 0 0.208 0.978 -0.003 0.978 -0.208 -1 -0.002934 0.000624 57515.dat
1 71 158.248 -146.65 280.1901 0 -1 0 0.003 0 -1 1 0 0.003 4519.dat
1 71 158.248 -66.65 279.95 0 -1 0 0.003 0 -1 1 0 0.003 4519.dat
1 71 -158.248 -66.65 279.95 0 -1 0 0.003 0 -1 1 0 0.003 4519.dat
1 71 -158.248 -146.65 280.1901 0 -1 0 0.003 0 -1 1 0 0.003 4519.dat
1 0 158.248 -106.605 295.07 1 0 0 0 0.003 -1 0 1 0.003 11478.dat
1 0 158.248 -106.695 265.07 -1 0 0 0 -0.003 -1 0 -1 0.003 11478.dat
1 0 -158.248 -106.605 295.07 1 0 0 0 0.003 -1 0 1 0.003 11478.dat
1 0 -158.248 -106.695 265.07 -1 0 0 0 -0.003 -1 0 -1 0.003 11478.dat
1 71 80 -103.48 220.06 0 0 1 0.003 -1 0 1 0.003 0 42003.dat
1 71 -80 -103.48 220.06 0 0 1 0.003 -1 0 1 0.003 0 42003.dat
1 1 -80 -123.48 220.12 1 0 0 0 -1 -0.003 0 0.003 -1 6558.dat
1 1 80 -123.48 220.12 -1 0 0 0 -1 0.003 0 0.003 1 6558.dat
1 71 80 -103.12 340.06 0 0 1 0.003 -1 0 1 0.003 0 42003.dat
1 71 -80 -103.12 340.06 0 0 1 0.003 -1 0 1 0.003 0 42003.dat
1 0 90 -103.12 340.06 1 0 0 0 1 0.003 0 -0.003 1 2780.dat
1 0 -90 -103.12 340.06 1 0 0 0 1 0.003 0 -0.003 1 2780.dat
1 1 90 -123.12 340.12 1 0 0 0 -1 -0.003 0 0.003 -1 43093.dat
1 1 -90 -123.12 340.12 -1 0 0 0 -1 0.003 0 0.003 1 43093.dat
1 0 0 -163.18 320.24 0 0 1 -1 -0.003 0 0.003 -1 0 40490.dat
1 72 80 -163.12 340.24 0 0 1 -0.003 1 0 -1 -0.003 0 6536.dat
1 72 -80 -163.12 340.24 0 0 1 -0.003 1 0 -1 -0.003 0 6536.dat
1 0 90 -143.12 340.18 1 0 0 0 1 0.003 0 -0.003 1 2780.dat
1 0 -90 -143.12 340.18 1 0 0 0 1 0.003 0 -0.003 1 2780.dat
1 0 -40 -163.15 330.24 0 -1 0 -0.003 0 1 -1 0 -0.003 2780.dat
1 0 -20 -163.15 330.24 0 -1 0 -0.003 0 1 -1 0 -0.003 2780.dat
1 15 -20 -163.12 340.24 0 0 -1 -1 0.003 0 0.003 1 0 32523.dat
1 1 -40 -123 380.12 1 0 0 0 0.003 -1 0 1 0.003 6558.dat
1 1 40 -123 380.12 -1 0 0 0 0.003 1 0 1 -0.003 6558.dat
1 71 0 -223 380.42 -1 0 0 0 -1 0.003 0 0.003 1 44294.dat
1 71 80 -223 380.42 1 0 0 0 -1 -0.003 0 0.003 -1 32054.dat
1 72 40 -203 380.36 1 0 0 0 -1 -0.003 0 0.003 -1 32184.dat
1 71 0 -183 380.3 -1 0 0 0 -1 0.003 0 0.003 1 44294.dat
1 71 20 -223 380.42 -1 0 0 0 -1 0.003 0 0.003 1 63869.dat
1 71 20 -183 380.3 0 1 0 0.003 0 1 1 0 -0.003 32140.dat
1 71 0 -163 380.24 -1 0 0 0 0.003 1 0 1 -0.003 87082.dat
1 72 0 -203 380.36 1 0 0 0 -1 -0.003 0 0.003 -1 32184.dat
1 71 -20 -183 380.3 0 -1 0 -0.003 0 1 -1 0 -0.003 32524.dat
1 71 -40 -223 380.42 0 0 1 0.003 -1 0 1 0.003 0 48989.dat
1 71 -80 -223 380.42 -1 0 0 0 -1 0.003 0 0.003 1 32054.dat
1 4 -40 -183 380.3 0 0 -1 -0.003 -1 0 -1 0.003 0 3713.dat
1 72 40 -243.09 350.48 0 0 1 0.003 -1 0 1 0.003 0 87083.dat
1 71 40 -243.06 360.48 -1 0 0 0 -1 0.003 0 0.003 1 94925.dat
1 72 40 -243.12 340.48 -1 0 0 0 -1 0.003 0 0.003 1 10928.dat
1 0 40 -243.21 310.48 -1 0 0 0 -1 0.003 0 0.003 1 59443.dat
1 71 40 -243.3 280.48 0 0 -1 -0.003 -1 0 -1 0.003 0 4519.dat
1 70 0 -243.06 360.48 0 0.156 0.988 0.003 -0.988 0.156 1 0.002964 -0.000468 24316.dat
1 4 0 -243.06 360.48 -0.97 0.242 0 -0.242 -0.97 0.003 0.000726 0.00291 1 18946.dat
1 4 0 -243.18 320.48 -0.988 0.156 0 -0.156 -0.988 0.003 0.000468 0.002964 1 26287.dat
1 72 0 -243.15 330.48 -0.988 0.156 0 -0.156 -0.988 0.003 0.000468 0.002964 1 18947.dat
1 72 -40 -243.21 310.48 0 0 1 0.003 -1 0 1 0.003 0 55013.dat
1 4 -40 -243.06 360.48 -1 0 0 0 -1 0.003 0 0.003 1 18946.dat
1 4 -40 -243.12 340.48 1 0 0 0 -1 -0.003 0 0.003 -1 3713.dat
1 4 0 -243.33 270.48 0 0.156 -0.988 -0.003 -0.988 -0.156 -1 0.002964 0.000468 3705.dat
1 4 -40 -243.24 300.48 1 0 0 0 -1 -0.003 0 0.003 -1 3713.dat
1 72 40 -203.09 350.36 0 0 1 0.003 -1 0 1 0.003 0 87083.dat
1 0 40 -203.06 360.36 0 0 1 1 0.003 0 -0.003 1 0 18654.dat
1 72 40 -203.12 340.36 1 0 0 0 1 0.003 0 -0.003 1 3648.dat
1 0 40 -203.21 310.36 0 -1 0 1 0 0.003 -0.003 0 1 59443.dat
1 70 0 -203.054 362.36 0 0 1 0.003 -1 0 1 0.003 0 15462.dat
1 71 0 -202.94 400.36 -1 0 0 0 -1 0.003 0 0.003 1 94925.dat
1 4 0 -203.06 360.36 1 0 0 0 -1 -0.003 0 0.003 -1 3713.dat
1 4 0 -203.12 340.36 1 0 0 0 -1 -0.003 0 0.003 -1 3713.dat
1 72 -40 -203.024 372.36 0 -0.225 0.974 0.003 -0.974 -0.225 1 0.002922 0.000675 87083.dat
1 71 -40 -202.94 400.36 -0.974 -0.225 0 0.225 -0.974 0.003 -0.000675 0.002922 1 94925.dat
1 4 -40 -203.06 360.36 -0.97 0.242 0 -0.242 -0.97 0.003 0.000726 0.00291 1 18946.dat
1 4 -40 -203.18 320.36 -0.974 -0.225 0 0.225 -0.974 0.003 -0.000675 0.002922 1 26287.dat
1 71 -40 -203.3 280.36 0 -0.225 -0.974 -0.003 -0.974 0.225 -1 0.002922 -0.000675 4519.dat
1 72 -40 -203.18 320.36 -1 0 0 0 -1 0.003 0 0.003 1 18947.dat
1 4 40 -203.45 230.36 0 0 -1 -0.003 -1 0 -1 0.003 0 3707.dat
1 71 40 -203.3 280.36 -1 0 0 0 -1 0.003 0 0.003 1 94925.dat
1 71 -40 -203.3 280.36 0 -0.225 -0.974 -0.003 -0.974 0.225 -1 0.002922 -0.000675 4519.dat
1 14 0 -203.24 300.36 0 -1 0 1 0 0.003 -0.003 0 1 32034.dat
1 14 0 -203.414 242.36 0 -1 0 -0.003 0 1 -1 0 -0.003 32073.dat
1 4 -40 -243.3 280.48 -1 0 0 0 -1 0.003 0 0.003 1 18946.dat
1 4 0 -243.3 280.48 -0.97 0.242 0 -0.242 -0.97 0.003 0.000726 0.00291 1 18946.dat
1 4 40 -243.3 280.48 -1 0 0 0 -1 0.003 0 0.003 1 18946.dat
1 4 -40 -203.3 280.36 -0.97 0.242 0 -0.242 -0.97 0.003 0.000726 0.00291 1 18946.dat
1 71 0 -223.36 260.42 1 0 0 0 -1 -0.003 0 0.003 -1 23948.dat
1 72 60 -203.36 260.36 1 0 0 0 -1 -0.003 0 0.003 -1 32184.dat
1 72 40 -223.36 260.42 1 0 0 0 -1 -0.003 0 0.003 -1 6536.dat
1 71 20 -223.36 260.42 1 0 0 0 1 0.003 0 -0.003 1 63869.dat
1 4 0 -223.36 260.42 0 0 -1 0.003 1 0 1 -0.003 0 3713.dat
1 71 -20 -223.36 260.42 1 0 0 0 -1 -0.003 0 0.003 -1 63869.dat
1 72 -40 -223.36 260.42 1 0 0 0 1 0.003 0 -0.003 1 6536.dat
1 72 40 -183.36 260.3 1 0 0 0 1 0.003 0 -0.003 1 27940.dat
1 4 0 -183.36 260.3 0 0 -1 0.003 1 0 1 -0.003 0 26287.dat
1 72 -40 -183.36 260.3 1 0 0 0 1 0.003 0 -0.003 1 27940.dat
1 72 -60 -203.36 260.36 1 0 0 0 -1 -0.003 0 0.003 -1 32184.dat
1 0 0 -203.42 240.36 -1 0 0 0 -1 0.003 0 0.003 1 32270.dat
1 1 -60 -203.39 250.36 0 0 -1 -0.003 -1 0 -1 0.003 0 43093.dat
1 4 -60 -203.42 240.36 1 0 0 0 -1 -0.003 0 0.003 -1 3713.dat
1 71 0 -163.3 280.24 0 0 1 -0.003 1 0 -1 -0.003 0 23948.dat
1 72 0 -163.06 360.24 1 0 0 0 1 0.003 0 -0.003 1 3648.dat
