0 Main
0 Name: 8270 - Rough Terrain Crane - Rough Terrain Crane.mpd
0 Author: LTRON
1 14 -45 -20 0 0 -1 0 0 0 -1 1 0 0 2905.dat
1 0 0 -20 40 1 0 0 0 0 -1 0 1 0 3706.dat
1 0 10 -20 -40 1 0 0 0 0 -1 0 1 0 3706.dat
1 14 -30 -20 40 0 -1 0 0 0 -1 1 0 0 32348.dat
1 71 -35 -20 -40 0 0 -1 0 1 0 1 0 0 32123.dat
1 0 -20 -20 -20 -1 0 0 0 0 1 0 1 0 42003.dat
1 71 -20 -20 100 0 1 0 1 0 0 0 0 -1 2825.dat
1 14 -50 -30 100 0 0 1 0 1 0 -1 0 0 32064.dat
1 0 0 -20 100 1 0 0 0 1 0 0 0 1 3706.dat
1 71 -35 -20 100 0 0 1 0 1 0 -1 0 0 32123.dat
1 71 0 -40 0 0 -0.122 0.993 0 -0.993 -0.122 1 0 0 44294.dat
1 71 0 -40 70 -0.993 -0.122 0 0.122 -0.993 0 0 0 1 6538.dat
1 14 0 -20 40 -1 0 0 0 -1 0 0 0 1 6536.dat
1 71 0 -40 25 0.993 0.122 0 -0.122 0.993 0 0 0 1 32123.dat
1 0 0 -40 0 0.993 0.122 0 -0.122 0.993 0 0 0 1 4716.dat
1 71 0 -40 -25 0.993 0.122 0 -0.122 0.993 0 0 0 1 32123.dat
1 14 0 -20 -40 -1 0 0 0 -1 0 0 0 1 6536.dat
1 71 0 -40 -60 -0.993 0.122 0 0.122 0.993 0 0 0 -1 3713.dat
1 14 0 -20 100 -1 0 0 0 -1 0 0 0 1 6536.dat
1 0 20 -20 -20 -1 0 0 0 0 1 0 1 0 42003.dat
1 71 20 -20 100 0 -1 0 -1 0 0 0 0 -1 2825.dat
1 71 35 -20 100 0 0 -1 -1 0 0 0 1 0 32123.dat
1 72 0 -40 125 0 0.122 0.993 0 0.993 -0.122 -1 0 0 59426.dat
1 0 0 -60 0 -1 0 0 0 -0.997 0.076 0 0.076 0.997 3706.dat
1 71 0 -60 0 0 0 -1 -0.076 -0.997 0 -0.997 0.076 0 3647.dat
1 71 10 -64.56 -59.82 0 1 0 -0.997 0 0.076 0.076 0 0.997 2825.dat
1 0 0 -64.56 -59.82 -1 0 0 0 -0.997 0.076 0 0.076 0.997 32062.dat
1 71 -10 -64.56 -59.82 0 -1 0 0.997 0 0.076 -0.076 0 0.997 2825.dat
1 71 30 -60 0 0 0 1 0.997 0.076 0 -0.076 0.997 0 3713.dat
1 71 -30 -60 0 0 0 -1 0.997 -0.076 0 -0.076 -0.997 0 3713.dat
1 14 0 -108.651 -98.214 0 0 1 -0.076 0.997 0 -0.997 -0.076 0 57779.dat
1 0 0 -80 40 -1 0 0 0 0.997 -0.076 0 -0.076 -0.997 3705.dat
1 0 0 -104 72 -1 0 0 0 0.6 -0.8 0 -0.8 -0.6 3706.dat
1 71 -50 -104 72 0 0 -1 0.8 0.6 0 0.6 -0.8 0 32270.dat
1 71 0 -104 72 1 0 0 0 0.6 0.8 0 -0.8 0.6 2585.dat
1 14 30 -20 40 0 -1 0 0 0 -1 1 0 0 32348.dat
1 14 50 -30 100 0 0 1 0 1 0 -1 0 0 32064.dat
1 14 35 -20 -40 0 1 0 0 0 -1 -1 0 0 32249.dat
1 71 50 -104 72 0 0 -1 -0.8 -0.6 0 -0.6 0.8 0 3647.dat
1 71 0 -40 172 -0.122 -0.993 0 -0.993 0.122 0 0 0 -1 32270.dat
1 14 45 -20 0 0 -1 0 0 0 -1 1 0 0 2905.dat
1 0 50 -20 -80 1 0 0 0 0 -1 0 1 0 32062.dat
1 71 50 -20 -80 0 0 1 1 0 0 0 1 0 3713.dat
1 1 40 -92 56 1 0 0 0 0.509 -0.86 0 0.86 0.509 43093.dat
1 71 50 -92 56 0 0 -1 -0.509 -0.86 0 -0.86 0.509 0 3647.dat
1 0 50 -60 -40 1 0 0 0 0 -1 0 1 0 32062.dat
1 71 55 -20 -40 0 0 1 1 0 0 0 1 0 32123.dat
1 14 65 -20 -40 0 1 0 0 0 -1 -1 0 0 32249.dat
1 14 40 -38 100 0 0 -1 0 1 0 1 0 0 51739.dat
1 14 -40 -38 100 0 0 1 0 1 0 -1 0 0 51739.dat
1 14 -15 -113.632 -398.711 0 -1 0 0.997 0 0.076 -0.076 0 0.997 6632.dat
1 0 0 -110.592 -358.831 -1 0 0 0 -0.997 0.076 0 0.076 0.997 32062.dat
1 0 0 -113.632 -398.711 -1 0 0 0 -0.997 0.076 0 0.076 0.997 32062.dat
1 0 0 -112.112 -378.771 1 0 0 0 -0.997 -0.076 0 0.076 -0.997 6558.dat
1 14 0 -113.632 -398.711 1 0 0 0 -0.997 -0.076 0 0.076 -0.997 6536.dat
1 0 0 -101.472 -239.191 0 1 0 0.997 0 -0.076 -0.076 0 -0.997 32278.dat
1 14 15 -113.632 -398.711 0 -1 0 0.997 0 0.076 -0.076 0 0.997 6632.dat
1 1 20 -10 0 0 0 1 1 0 0 0 1 0 43093.dat
1 1 -20 -10 0 0 0 1 1 0 0 0 1 0 43093.dat
1 0 0 0 0 0 1 0 0 0 1 1 0 0 32498.dat
1 71 0 20 1 1 0 0 0 0 -1 0 1 0 32184.dat
1 0 0 20 21 1 0 0 0 0 -1 0 1 0 3706.dat
1 0 0 20 -19 1 0 0 0 0 -1 0 1 0 3706.dat
1 0 -20 21.954 40.904 0 1 0 -0.995 0 0.098 0.098 0 0.995 32523.dat
1 0 -20 21.954 -38.904 0 1 0 -0.995 0 -0.098 -0.098 0 0.995 32523.dat
1 0 0 23.907 -58.809 1 0 0 0 0.995 -0.098 0 0.098 0.995 6558.dat
1 0 0 23.907 60.809 1 0 0 0 0.995 0.098 0 -0.098 0.995 6558.dat
1 71 0 27.815 -98.617 0 1 0 -0.995 0 -0.098 -0.098 0 0.995 32316.dat
1 71 0 27.815 100.617 0 1 0 -0.995 0 0.098 0.098 0 0.995 32316.dat
1 0 20 21.954 -38.904 0 1 0 -0.995 0 -0.098 -0.098 0 0.995 32523.dat
1 0 20 21.954 40.904 0 1 0 -0.995 0 0.098 0.098 0 0.995 32523.dat
1 0 0 31.722 140.426 -1 0 0 0 -0.995 0.098 0 0.098 0.995 3707.dat
1 0 -20 31.722 140.426 0 -1 0 -0.99 0 0.138 -0.138 0 -0.99 32140.dat
1 0 0 31.722 -138.426 -1 0 0 0 -0.995 -0.098 0 -0.098 0.995 3707.dat
1 0 -20 31.722 -138.426 0 1 0 -0.99 0 0.138 0.138 0 0.99 32140.dat
1 0 20 31.722 -138.426 0 1 0 -0.99 0 0.138 0.138 0 0.99 32140.dat
1 0 20 31.722 140.426 0 -1 0 -0.99 0 0.138 -0.138 0 -0.99 32140.dat
1 14 40 20 21 0 -1 0 1 0 0 0 0 1 32140.dat
1 14 -40 20 21 0 -1 0 1 0 0 0 0 1 32140.dat
1 14 -40 20 -19 0 1 0 1 0 0 0 0 -1 32140.dat
1 14 40 20 -19 0 1 0 1 0 0 0 0 -1 32140.dat
1 14 -55 20 21 0 1 0 1 0 0 0 0 -1 6632.dat
1 14 55 20 21 0 1 0 1 0 0 0 0 -1 6632.dat
1 71 75 31.722 -138.426 0 0 1 0.995 -0.098 0 0.098 0.995 0 32123.dat
1 71 -75 31.722 -138.426 0 0 1 0.995 -0.098 0 0.098 0.995 0 32123.dat
1 71 -75 31.722 140.426 0 0 1 0.995 0.098 0 -0.098 0.995 0 32123.dat
1 71 75 31.722 140.426 0 0 1 0.995 0.098 0 -0.098 0.995 0 32123.dat
1 71 -40 40 81 1 0 0 0 0 -1 0 1 0 32556.dat
1 71 -40 40 -79 1 0 0 0 0 -1 0 1 0 32556.dat
1 71 40 40 -79 -1 0 0 0 0 -1 0 -1 0 32556.dat
1 71 40 40 81 -1 0 0 0 0 -1 0 -1 0 32556.dat
1 1 0 10 1 0 0 1 -1 0 0 0 -1 0 43093.dat
1 71 -70 40 -79 0 0 1 0 1 0 -1 0 0 55981.dat
1 71 -70 40 81 0 0 1 0 1 0 -1 0 0 55981.dat
1 71 70 40 81 0 0 -1 0 1 0 1 0 0 55981.dat
1 71 70 40 -79 0 0 -1 0 1 0 1 0 0 55981.dat
1 256 -70 40 -79 0 0 1 0 1 0 -1 0 0 30391.dat
1 256 -70 40 81 0 0 1 0 1 0 -1 0 0 30391.dat
1 256 70 40 -79 0 0 -1 0 1 0 1 0 0 30391.dat
1 256 70 40 81 0 0 -1 0 1 0 1 0 0 30391.dat
