0 
0 Name: New Model.ldr
0 Author: 
1 7 -254 -64 110 1 0 0 0 1 0 0 0 1 32073.dat
1 6 -268 -64 110 0 1 0 0 0 1 1 0 0 4032.dat
1 0 -328 -64 110 0 0 1 0 1 0 -1 0 0 30360.dat
1 0 -220 -64 110 0 0 -1 0 1 0 1 0 0 4868.dat
1 6 -372 -64 110 0 1 0 0 0 1 1 0 0 4032.dat
1 7 -328 -78 90 1 0 0 0 1 0 0 0 1 44728.dat
1 6 -328 -78 110 1 0 0 0 1 0 0 0 1 3023.dat
1 7 -328 -78 130 -1 0 0 0 1 0 0 0 -1 44728.dat
1 0 -338 -58 68 0 0 -1 -1 0 0 0 1 0 44661.dat
1 0 -338 -58 152 0 0 -1 1 0 0 0 -1 0 44661.dat
1 0 -318 -58 68 0 0 -1 -1 0 0 0 1 0 2412.dat
1 0 -318 -58 152 0 0 -1 1 0 0 0 -1 0 2412.dat
1 8 -338 -86 90 0 0 -1 0 1 0 1 0 0 3070.dat
1 8 -338 -86 120 0 0 -1 0 1 0 1 0 0 3794.dat
1 8 -318 -86 100 0 0 -1 0 1 0 1 0 0 3794.dat
1 8 -318 -86 130 0 0 -1 0 1 0 1 0 0 3070.dat
1 7 -358 -94 110 0 0 -1 0 1 0 1 0 0 54200.dat
1 7 -220 -98 100 1 0 0 0 1 0 0 0 1 44728.dat
1 7 -220 -98 120 -1 0 0 0 1 0 0 0 -1 44728.dat
1 0 -210 -78 78 1 0 0 0 0 -1 0 1 0 3021.dat
1 0 -210 -78 142 1 0 0 0 0 1 0 -1 0 3021.dat
1 7 -220 -78 54 0 0 1 1 0 0 0 1 0 44675.dat
1 7 -220 -78 166 0 0 1 -1 0 0 0 -1 0 44675.dat
1 0 -190 -78 70 0 0 1 1 0 0 0 1 0 44661.dat
1 0 -190 -78 150 0 0 1 -1 0 0 0 -1 0 44661.dat
1 8 -230 -106 110 0 0 1 0 1 0 -1 0 0 2540.dat
1 7 -210 -98 100 0 0 -1 0 1 0 1 0 0 54200.dat
1 8 -210 -102 120 0 0 -1 0 1 0 1 0 0 30162.dat
1 0 -250 -104 110 0 -1 0 0 0 1 -1 0 0 30377.dat
1 0 -239.411 -121.085 130 0 0.793353 0.608761 0 0.608761 -0.793353 -1 0 0 4081.dat
1 8 -288.202 -116.045 110 0 0.707107 -0.707107 0 0.707107 0.707107 1 0 0 30031.dat
1 8 -245.759 -125.955 130 0 0.793353 -0.608761 0 0.608761 0.793353 1 0 0 3070.dat
1 0 -230 -114 100 0 0 -1 0 1 0 1 0 0 2555.dat
1 0 -156 -120 100 0 1 0 0 0 1 1 0 0 63965.dat
1 42 -140 -120 100 0 -1 0 0 0 -1 1 0 0 4589.dat
