0 Main
0 Name: 6852-1 - Sonar Security.mpd
0 Author: LTRON
1 0 0 0 0 1 0 0 0 1 0 0 0 1 4732.dat
1 0 0 8 -70 1 0 0 0 1 0 0 0 1 3747.dat
1 0 0 8 60 1 0 0 0 1 0 0 0 1 3003.dat
1 0 0 32 60 1 0 0 0 1 0 0 0 1 2817.dat
1 7 -20 42 60 1 0 0 0 1 0 0 0 1 3673.dat
1 7 20 42 60 1 0 0 0 1 0 0 0 1 3673.dat
1 0 0 32 0 1 0 0 0 1 0 0 0 1 2817.dat
1 7 -20 42 0 1 0 0 0 1 0 0 0 1 3673.dat
1 7 20 42 0 1 0 0 0 1 0 0 0 1 3673.dat
1 0 0 32 -60 1 0 0 0 1 0 0 0 1 2817.dat
1 7 -20 42 -60 1 0 0 0 1 0 0 0 1 3673.dat
1 7 20 42 -60 1 0 0 0 1 0 0 0 1 3673.dat
1 0 0 16 -30 1 0 0 0 1 0 0 0 1 3829.dat
1 7 0 -8 60 -1 0 0 0 1 0 0 0 -1 3729.dat
1 7 0 0 -100 1 0 0 0 1 0 0 0 1 4859.dat
1 0 0 -8 -80 1 0 0 0 1 0 0 0 1 3068.dat
1 7 0 -8 -50 1 0 0 0 1 0 0 0 1 3023.dat
1 0 -10 -16 60 0 0 -1 0 1 0 1 0 0 3475.dat
1 0 10 -16 60 0 0 1 0 1 0 -1 0 0 3475.dat
1 7 0 -24 60 1 0 0 0 1 0 0 0 1 3956.dat
1 0 0 -34 40 1 0 0 0 0 -1 0 1 0 3023.dat
1 0 10 -54 40 0 0 -1 -1 0 0 0 1 0 6019.dat
1 0 -10 -54 40 0 0 1 1 0 0 0 1 0 6019.dat
1 0 0 -32 -50 1 0 0 0 1 0 0 0 1 3937.dat
1 0 0 -44 48 1 0 0 0 0 -1 0 1 0 6143.dat
1 4 -30 -50 42 1 0 0 0 1 0 0 0 1 2569.dat
1 15 30 -67 42 1 0 0 0 1 0 0 0 1 4349.dat
1 0 0 -29.3134 -56.8204 -1 0 0 0 0.731343 0.682039 0 0.682039 -0.731343 3938.dat
1 34 0 -35.1642 -62.2767 -1 0 0 0 0.731343 0.682039 0 0.682039 -0.731343 6070.dat
1 0 30 42 -60 0 0 -1 0 1 0 -1 0 0 6118.dat
1 0 30 42 0 0 0 -1 0 1 0 -1 0 0 6118.dat
1 0 30 42 60 0 0 -1 0 1 0 -1 0 0 6118.dat
1 0 -30 42 60 0 0 1 0 1 0 1 0 0 6118.dat
1 0 -30 42 0 0 0 1 0 1 0 1 0 0 6118.dat
1 0 -30 42 -60 0 0 1 0 1 0 1 0 0 6118.dat
1 0 26.789 8 164.673 0.3827 0 -0.9239 0 1 0 0.9239 0 0.3827 3001.dat
1 0 -0.928 0 176.154 -0.3827 0 0.9239 0 1 0 -0.9239 0 -0.3827 2419.dat
1 0 54.506 0 153.192 0.3827 0 -0.9239 0 1 0 0.9239 0 0.3827 2419.dat
1 7 45.924 -8 210.868 0.9239 0 0.3827 0 1 0 -0.3827 0 0.9239 2412.dat
1 0 30.616 -8 173.912 0.9239 0 0.3827 0 1 0 -0.3827 0 0.9239 3794.dat
1 7 11.481 -8 127.717 0.9239 0 0.3827 0 1 0 -0.3827 0 0.9239 3730.dat
1 0 26.789 32 164.673 0.9239 0 0.3827 0 1 0 -0.3827 0 0.9239 2817.dat
1 7 8.311 42 172.327 0.9239 0 0.3827 0 1 0 -0.3827 0 0.9239 3673.dat
1 7 45.267 42 157.019 0.9239 0 0.3827 0 1 0 -0.3827 0 0.9239 3673.dat
1 0 -0.928 42 176.154 -0.3827 0 0.9239 0 1 0 -0.9239 0 -0.3827 6118.dat
1 0 54.506 42 153.192 0.3827 0 -0.9239 0 1 0 0.9239 0 0.3827 6118.dat
1 7 30.616 -56 173.912 -0.3827 0 0.9239 0 1 0 -0.9239 0 -0.3827 4591.dat
1 4 21.377 -64 177.739 -0.3827 0 0.9239 0 1 0 -0.9239 0 -0.3827 2540.dat
1 4 39.855 -64 170.085 0.3827 0 -0.9239 0 1 0 0.9239 0 0.3827 2540.dat
1 7 30.616 -112 173.912 0.3827 0 -0.9239 0 1 0 0.9239 0 0.3827 3942.dat
1 0 30.616 -120 173.912 -0.9239 0 -0.3827 0 1 0 0.3827 0 -0.9239 4592.dat
1 0 30.616 -120 173.912 -0.9239 0 -0.3827 0 1 0 0.3827 0 -0.9239 4593.dat
1 0 -21.7018 -33.716 199.9129 0.65329 -0.3827 -0.65329 0.7071 0 0.7071 -0.270607 -0.9239 0.270607 4735.dat
1 34 -27.825 -33.716 185.1305 0.65329 -0.3827 -0.65329 0.7071 0 0.7071 -0.270607 -0.9239 0.270607 4740.dat
1 0 85.9954 -33.716 155.3023 0.65329 -0.3827 0.65329 -0.7071 0 0.7071 -0.270607 -0.9239 -0.270607 4735.dat
1 34 79.8722 -33.716 140.5199 0.65329 -0.3827 0.65329 -0.7071 0 0.7071 -0.270607 -0.9239 -0.270607 4740.dat
