0 Main
0 Name: 9095-1 - Nitro Predator.mpd
0 Author: LTRON
1 10 -10 74.24 94.83 0 1 0 0.179 0 -0.984 -0.984 0 -0.179 32526.dat
1 0 0 74.24 94.83 1 0 0 0 0.984 -0.179 0 0.179 0.984 3708.dat
1 0 0 54.56 91.25 1 0 0 0 0.984 -0.179 0 0.179 0.984 3673.dat
1 0 0 -4.48 80.51 1 0 0 0 0.984 -0.179 0 0.179 0.984 3673.dat
1 0 -20 -0.9 60.83 1 0 0 0 0.984 -0.179 0 0.179 0.984 3673.dat
1 9 -30 2.68 41.15 -1 0 0 0 0.984 0.179 0 0.179 -0.984 32556.dat
1 4 -40 74.24 94.83 1 0 0 0 0.984 -0.179 0 0.179 0.984 62462.dat
1 4 -30 0 0 0 0 1 0.179 0.984 0 -0.984 0.179 0 3702.dat
1 10 10 74.24 94.83 0 1 0 0.179 0 -0.984 -0.984 0 -0.179 32526.dat
1 0 20 -0.9 60.83 1 0 0 0 0.984 -0.179 0 0.179 0.984 3673.dat
1 0 0 9.84 1.79 1 0 0 0 0.984 -0.179 0 0.179 0.984 3705.dat
1 19 -20 13.42 -17.89 1 0 0 0 0.984 -0.179 0 0.179 0.984 3749.dat
1 0 -40 20.58 -57.25 1 0 0 0 0.984 -0.179 0 0.179 0.984 3673.dat
1 4 40 74.24 94.83 1 0 0 0 0.984 -0.179 0 0.179 0.984 62462.dat
1 7 0 33.1 -14.31 1 0 0 0 -0.984 0.179 0 -0.179 -0.984 92907.dat
1 19 20 13.42 -17.89 -1 0 0 0 0.984 0.179 0 0.179 -0.984 3749.dat
1 4 70 74.24 94.83 0 0 -1 -0.179 0.984 0 0.984 0.179 0 3713.dat
1 4 -70 74.24 94.83 0 0 1 0.179 0.984 0 -0.984 0.179 0 3713.dat
1 4 30 0 0 0 0 1 0.179 0.984 0 -0.984 0.179 0 3702.dat
1 9 30 2.68 41.15 -1 0 0 0 0.984 0.179 0 0.179 -0.984 32556.dat
1 0 40 20.58 -57.25 1 0 0 0 0.984 -0.179 0 0.179 0.984 3673.dat
1 10 -50 2.68 41.15 0 1 0 0.984 0 0.179 0.179 0 -0.984 64451.dat
1 10 50 2.68 41.15 0 1 0 0.984 0 0.179 0.179 0 -0.984 64451.dat
1 0 0 74.256 -84.082 1 0 0 0 0.984 -0.179 0 0.179 0.984 3708.dat
1 4 -20 74.256 -84.082 1 0 0 0 0.984 -0.179 0 0.179 0.984 62462.dat
1 4 20 74.256 -84.082 1 0 0 0 0.984 -0.179 0 0.179 0.984 62462.dat
1 4 -70 74.256 -84.082 0 0 1 0.179 0.984 0 -0.984 0.179 0 3713.dat
1 4 70 74.256 -84.082 0 0 -1 -0.179 0.984 0 0.984 0.179 0 3713.dat
1 0 -30 -15.032 37.928 0 0 1 0.179 0.984 0 -0.984 0.179 0 3710.dat
1 0 30 -15.032 37.928 0 0 1 0.179 0.984 0 -0.984 0.179 0 3710.dat
1 0 0 -0.712 -40.792 1 0 0 0 0.984 -0.179 0 0.179 0.984 3031.dat
1 0 0 -26.484 56.176 1 0 0 0 0.984 -0.179 0 0.179 0.984 3020.dat
1 2 -30 -19.324 16.816 0 0 1 0.179 0.984 0 -0.984 0.179 0 48336.dat
1 2 30 -19.324 16.816 0 0 -1 -0.179 0.984 0 0.984 0.179 0 48336.dat
1 2 -30 -12.164 -22.544 0 0 1 0.179 0.984 0 -0.984 0.179 0 48336.dat
1 2 30 -12.164 -22.544 0 0 -1 -0.179 0.984 0 0.984 0.179 0 48336.dat
1 9 0 -8.584 -42.224 1 0 0 0 0.984 -0.179 0 0.179 0.984 3022.dat
1 4 0 -3.214 -71.744 1 0 0 0 0.984 -0.179 0 0.179 0.984 2436.dat
1 34 -30 9.132 -83.73 0 0 -1 -0.984 -0.179 0 -0.179 0.984 0 54200.dat
1 8 0 10.564 -91.602 1 0 0 0 -0.179 -0.984 0 0.984 -0.179 2412.dat
1 34 30 9.132 -83.73 0 0 1 0.984 -0.179 0 0.179 0.984 0 54200.dat
1 9 0 -34.356 54.744 1 0 0 0 0.984 -0.179 0 0.179 0.984 3022.dat
1 4 -30 -28.986 25.224 1 0 0 0 0.984 -0.179 0 0.179 0.984 3024.dat
1 4 30 -28.986 25.224 1 0 0 0 0.984 -0.179 0 0.179 0.984 3024.dat
1 8 -30 -23.616 -4.296 0 0 1 0.179 0.984 0 -0.984 0.179 0 2412.dat
1 8 30 -23.616 -4.296 0 0 1 0.179 0.984 0 -0.984 0.179 0 2412.dat
1 10 0 -18.246 -33.816 1 0 0 0 0.984 -0.179 0 0.179 0.984 3710.dat
1 10 0 -20.748 -64.768 1 0 0 0 0.984 -0.179 0 0.179 0.984 3788.dat
1 10 0 -50.1 51.88 1 0 0 0 0.984 -0.179 0 0.179 0.984 3788.dat
1 10 0 -36.858 23.792 1 0 0 0 0.984 -0.179 0 0.179 0.984 3710.dat
1 39 0 -41.862 -38.112 -1 0 0 0 0.984 0.179 0 0.179 -0.984 4865.dat
1 10 -30 -12.876 -63.336 -1 0 0 0 0.984 0.179 0 0.179 -0.984 93273.dat
1 8 0 -44.364 -69.064 -1 0 0 0 0.984 0.179 0 0.179 -0.984 50943.dat
1 10 30 -12.876 -63.336 -1 0 0 0 0.984 0.179 0 0.179 -0.984 93273.dat
1 10 -30 -42.228 53.312 -1 0 0 0 0.984 0.179 0 0.179 -0.984 93273.dat
1 10 30 -42.228 53.312 -1 0 0 0 0.984 0.179 0 0.179 -0.984 93273.dat
1 0 0 -52.602 20.928 -1 0 0 0 0.984 0.179 0 0.179 -0.984 47456.dat
1 8 0 -84.09 15.2 -1 0 0 0 0.984 0.179 0 0.179 -0.984 2432.dat
1 0 -100 74.24 94.83 0 0 -1 -0.179 0.984 0 0.984 0.179 0 56145.dat
1 0 100 74.24 94.83 0 0 1 0.179 0.984 0 -0.984 0.179 0 56145.dat
1 0 -100 74.256 -84.082 0 0 -1 -0.179 0.984 0 0.984 0.179 0 56145.dat
1 0 100 74.256 -84.082 0 0 1 0.179 0.984 0 -0.984 0.179 0 56145.dat
1 256 -100 74.24 94.83 0 0 1 0.179 0.984 0 -0.984 0.179 0 61481.dat
1 256 100 74.24 94.83 0 0 1 0.179 0.984 0 -0.984 0.179 0 61481.dat
1 256 -100 74.256 -84.082 0 0 1 0.179 0.984 0 -0.984 0.179 0 61481.dat
1 256 100 74.256 -84.082 0 0 1 0.179 0.984 0 -0.984 0.179 0 61481.dat
1 4 -110 74.24 94.83 0 0 1 0.179 0.984 0 -0.984 0.179 0 3713.dat
1 4 110 74.24 94.83 0 0 -1 -0.179 0.984 0 0.984 0.179 0 3713.dat
1 4 -110 74.256 -84.082 0 0 1 0.179 0.984 0 -0.984 0.179 0 3713.dat
1 4 110 74.256 -84.082 0 0 -1 -0.179 0.984 0 0.984 0.179 0 3713.dat
1 4 0 16.099 23.259 0 0 1 -0.984 0.179 0 -0.179 -0.984 0 32291.dat
1 9 10 29.519 5.369 1 0 0 0 0.984 -0.179 0 0.179 0.984 4274.dat
1 19 0 6.259 21.469 0 -1 0 0.984 0 -0.179 0.179 0 0.984 3749.dat
1 7 0 47.405 -93.02 1 0 0 0 0.984 -0.179 0 0.179 0.984 32034.dat
1 8 0 42.035 -63.5 1 0 0 0 -0.179 -0.984 0 0.984 -0.179 90258.dat
1 4 0 52.775 -122.54 0 0 1 0.179 0.984 0 -0.984 0.179 0 32062.dat
1 8 0 38.455 -43.82 0 0 -1 -0.179 0.984 0 0.984 0.179 0 87083.dat
1 8 0 57.071 -146.156 1 0 0 0 -0.179 -0.984 0 0.984 -0.179 90258.dat
1 10 0 65.479 -136.494 0 0 1 0.984 -0.179 0 0.179 0.984 0 93273.dat
1 10 0 45.799 -140.074 0 0 1 0.984 -0.179 0 0.179 0.984 0 93273.dat
1 8 -30 55.639 -138.284 0 0 1 0.984 -0.179 0 0.179 0.984 0 3023.dat
1 8 30 55.639 -138.284 0 0 1 0.984 -0.179 0 0.179 0.984 0 3023.dat
