0 Main
0 Name: 7667-1 - Imperial Dropship.mpd
0 Author: LTRON
1 0 -30 0 125.674 0 0 1 0 1 0 -1 0 0 3034.dat
1 72 10 0 145.674 -1 0 0 0 1 0 0 0 -1 3022.dat
1 72 -70 0 145.674 -1 0 0 0 1 0 0 0 -1 3022.dat
1 72 -30 -24 175.674 -1 0 0 0 1 0 0 0 -1 3039.dat
1 0 -30 -8 155.674 -1 0 0 0 1 0 0 0 -1 3666.dat
1 0 -30 -8 135.674 -1 0 0 0 1 0 0 0 -1 3710.dat
1 0 -80 -8 135.674 0 0 1 0 1 0 -1 0 0 4081.dat
1 0 20 -8 135.674 0 0 -1 0 1 0 1 0 0 4081.dat
1 0 -30 -8 55.674 1 0 0 0 1 0 0 0 1 60470.dat
1 1 -40 -32 145.674 0 0 1 0 1 0 -1 0 0 3298.dat
1 1 -20 -32 145.674 0 0 -1 0 1 0 1 0 0 3298.dat
1 1 -30 -32 175.674 1 0 0 0 1 0 0 0 1 3023.dat
1 72 -30 -24 115.674 1 0 0 0 1 0 0 0 1 30136.dat
1 0 -30 -56 175.674 1 0 0 0 1 0 0 0 1 2877.dat
1 0 -20 -80 145.674 0 0 -1 0 1 0 1 0 0 4864.dat
1 0 -40 -80 145.674 0 0 1 0 1 0 -1 0 0 4864.dat
1 0 -30 -80 175.674 -1 0 0 0 1 0 0 0 -1 3747.dat
1 36 40 -6 107.674 -1 0 0 0 0 1 0 1 0 4589.dat
1 36 -100 -6 107.674 -1 0 0 0 0 1 0 1 0 4589.dat
1 72 -30 -104 155.674 1 0 0 0 1 0 0 0 1 3039.dat
1 71 -40 -104 185.674 0 0 1 0 1 0 -1 0 0 3660.dat
1 71 -20 -104 185.674 0 0 -1 0 1 0 1 0 0 3660.dat
1 1 -30 -112 175.674 0 0 1 0 1 0 -1 0 0 3021.dat
1 72 -30 -104 215.674 1 0 0 0 1 0 0 0 1 32064.dat
1 71 -30 -96 235.674 0 0 1 0 1 0 -1 0 0 4519.dat
1 71 -30 -96 235.674 -1 0 0 0 1 0 0 0 -1 3713.dat
1 72 -30 -112 245.674 0 0 1 0 1 0 -1 0 0 3020.dat
1 1 -30 -136 255.674 -1 0 0 0 1 0 0 0 -1 3039.dat
1 1 -20 -136 235.674 0 0 1 0 1 0 -1 0 0 6541.dat
1 1 -40 -136 235.674 0 0 1 0 1 0 -1 0 0 6541.dat
1 1 -30 -136 215.674 1 0 0 0 1 0 0 0 1 30363.dat
1 1 -30 -144 225.674 1 0 0 0 1 0 0 0 1 3068.dat
1 72 -30 -144 255.674 1 0 0 0 1 0 0 0 1 2412.dat
1 71 -30 -90.892 119.899 -1 0 0 0 0.669131 0.743144 0 0.743144 -0.669131 2540.dat
1 0 -30 -96.244 113.955 -1 0 0 0 0.669131 0.743144 0 0.743144 -0.669131 3710.dat
1 40 -30 -59.087 80.497 1 0 0 0 0.669131 -0.743144 0 0.743144 0.669131 41883.dat
1 0 -30 -21.93 47.039 1 0 0 0 0.669131 -0.743144 0 0.743144 0.669131 48336.dat
1 71 -30 -126 295 1 0 0 0 1 0 0 0 1 44294.dat
1 71 -35 -126 295 0 -1 0 0 0 1 -1 0 0 6632.dat
1 71 -25 -126 295 0 -1 0 0 0 1 -1 0 0 6632.dat
1 0 -50 -126 295 0 -1 0 -1 0 0 0 0 -1 2825.dat
1 1 -54 -126 235 -1 0 0 0 1 0 0 0 -1 43093.dat
1 0 -10 -126 295 0 1 0 1 0 0 0 0 -1 2825.dat
1 1 -6 -126 235 1 0 0 0 -1 0 0 0 -1 43093.dat
1 72 -100 -126 295 0 1 0 0 0 1 1 0 0 6232.dat
1 71 -90 -126 325 0 1 0 1 0 0 0 0 -1 42610.dat
1 72 40 -126 295 0 -1 0 0 0 -1 1 0 0 6232.dat
1 71 30 -126 325 0 -1 0 -1 0 0 0 0 -1 42610.dat
1 0 -108 -126 285 0 1 0 -1 0 0 0 0 1 2419.dat
1 0 48 -126 285 0 -1 0 1 0 0 0 0 1 2419.dat
1 0 -0.177 -125 175.343 0.984808 0 -0.173648 0 1 0 0.173648 0 0.984808 57899.dat
1 0 -60.19 -125 175.93 0.984808 0 0.173648 0 1 0 -0.173648 0 0.984808 57899.dat
1 0 -30 -8 246 1 0 0 0 1 0 0 0 1 3032.dat
1 0 -30 -8 296 1 0 0 0 1 0 0 0 1 3666.dat
1 1 -30 -16 276 0 0 1 0 1 0 -1 0 0 3021.dat
1 72 -70 0 286 1 0 0 0 1 0 0 0 1 2654.dat
1 72 10 0 286 1 0 0 0 1 0 0 0 1 2654.dat
1 72 -30 0 226 1 0 0 0 1 0 0 0 1 2654.dat
1 0 -30 -64 266 0 0 1 0 1 0 -1 0 0 3940.dat
1 72 -30 -72 276 -1 0 0 0 1 0 0 0 -1 32530.dat
1 0 -30 -74 266 0 0 -1 0 1 0 1 0 0 3673.dat
1 72 -30 -72 256 -1 0 0 0 1 0 0 0 -1 32530.dat
1 15 -70 -85 234 1 0 0 0 1 0 0 0 1 30408.dat
1 0 -70 -85 234 1 0 0 0 1 0 0 0 1 3626.dat
1 15 -70 -61 234 1 0 0 0 1 0 0 0 1 973.dat
1 0 -94.6826 -29.6578 214.7453 0.985 -0.087498 0.14567 0.17 0.506976 -0.844031 0 0.856884 0.514696 58247.dat
1 15 -70 -85 294 1 0 0 0 1 0 0 0 1 30408.dat
1 0 -70 -85 294 1 0 0 0 1 0 0 0 1 3626.dat
1 15 -70 -61 294 1 0 0 0 1 0 0 0 1 973.dat
1 0 -94.6826 -29.6578 274.7453 0.985 -0.087498 0.14567 0.17 0.506976 -0.844031 0 0.856884 0.514696 58247.dat
1 15 10 -85 294 1 0 0 0 1 0 0 0 1 30408.dat
1 0 10 -85 294 1 0 0 0 1 0 0 0 1 3626.dat
1 15 10 -61 294 1 0 0 0 1 0 0 0 1 973.dat
