0 Main
0 Name: 8419 - Excavator - Excavator.mpd
0 Author: LTRON
1 0 0 0 0 0 -1 0 1 0 0 0 0 1 41239.dat
1 72 10 0 100 1 0 0 0 1 0 0 0 1 32002.dat
1 72 10 0 -100 1 0 0 0 1 0 0 0 1 32002.dat
1 1 10 0 40 1 0 0 0 1 0 0 0 1 43093.dat
1 1 10 0 -40 1 0 0 0 1 0 0 0 1 43093.dat
1 0 15 0 40 0 1 0 -1 0 0 0 0 1 32250.dat
1 0 15 0 -40 0 -1 0 -1 0 0 0 0 -1 32250.dat
1 0 25 0 40 0 -1 0 0 0 -1 1 0 0 6632.dat
1 0 25 0 -40 0 -1 0 0 0 -1 1 0 0 6632.dat
1 0 20 -20 40 -1 0 0 0 1 0 0 0 -1 6558.dat
1 0 20 -20 -40 -1 0 0 0 1 0 0 0 -1 6558.dat
1 0 40 -40 40 0 0 -1 0 1 0 1 0 0 6536.dat
1 0 40 -40 -40 0 0 -1 0 1 0 1 0 0 6536.dat
1 0 0 -40 40 0 0 -1 0 1 0 1 0 0 6536.dat
1 0 0 -40 -40 0 0 -1 0 1 0 1 0 0 6536.dat
1 0 -15 0 -120 1 0 0 0 1 0 0 0 1 32209.dat
1 14 -40 0 -120 0 0 1 1 0 0 0 1 0 32007.dat
1 71 -20 0 -120 0 0 -1 0 1 0 1 0 0 3713.dat
1 0 -15 0 120 1 0 0 0 1 0 0 0 1 32209.dat
1 14 -40 0 120 0 0 1 1 0 0 0 1 0 32007.dat
1 71 -20 0 120 0 0 -1 0 1 0 1 0 0 3713.dat
1 0 40 0 -120 0 0 -1 0 1 0 1 0 0 6538.dat
1 0 40 0 120 0 0 -1 0 1 0 1 0 0 6538.dat
1 0 120 0 -120 0 0 -1 0 1 0 1 0 0 6538.dat
1 0 120 0 120 0 0 -1 0 1 0 1 0 0 6538.dat
1 0 80 0 -120 1 0 0 0 1 0 0 0 1 3705.dat
1 0 80 0 120 1 0 0 0 1 0 0 0 1 3705.dat
1 0 160 0 0 0 1 0 1 0 0 0 0 -1 41239.dat
1 72 150 0 -100 -1 0 0 0 1 0 0 0 -1 32002.dat
1 72 150 0 100 -1 0 0 0 1 0 0 0 -1 32002.dat
1 1 150 0 -40 -1 0 0 0 1 0 0 0 -1 43093.dat
1 1 150 0 40 -1 0 0 0 1 0 0 0 -1 43093.dat
1 0 145 0 -40 0 -1 0 -1 0 0 0 0 -1 32250.dat
1 0 145 0 40 0 1 0 -1 0 0 0 0 1 32250.dat
1 0 135 0 -40 0 1 0 0 0 -1 -1 0 0 6632.dat
1 0 135 0 40 0 1 0 0 0 -1 -1 0 0 6632.dat
1 0 140 -20 -40 1 0 0 0 1 0 0 0 1 6558.dat
1 0 140 -20 40 1 0 0 0 1 0 0 0 1 6558.dat
1 0 120 -40 -40 0 0 1 0 1 0 -1 0 0 6536.dat
1 0 120 -40 40 0 0 1 0 1 0 -1 0 0 6536.dat
1 0 175 0 120 -1 0 0 0 1 0 0 0 -1 32209.dat
1 14 200 0 120 0 0 -1 -1 0 0 0 1 0 32007.dat
1 71 180 0 120 0 0 1 0 1 0 -1 0 0 3713.dat
1 0 175 0 -120 -1 0 0 0 1 0 0 0 -1 32209.dat
1 14 200 0 -120 0 0 -1 -1 0 0 0 1 0 32007.dat
1 71 180 0 -120 0 0 1 0 1 0 -1 0 0 3713.dat
1 71 80 -40 20 0 0 1 -1 0 0 0 -1 0 40490.dat
1 0 20 -40 0 0 0 1 0 1 0 -1 0 0 6558.dat
1 0 140 -40 0 0 0 1 0 1 0 -1 0 0 6558.dat
1 71 80 -40 0 0 0 1 -1 0 0 0 -1 0 32524.dat
1 71 80 -40 -20 0 0 1 -1 0 0 0 -1 0 40490.dat
1 71 160 -40 0 0 0 1 0 1 0 -1 0 0 32073.dat
1 0 160 -40 40 0 0 1 0 1 0 -1 0 0 6536.dat
1 0 160 -40 -40 0 0 1 0 1 0 -1 0 0 6536.dat
1 71 120 -40 0 0 0 1 0 1 0 -1 0 0 32073.dat
1 71 40 -40 0 0 0 1 0 1 0 -1 0 0 32073.dat
1 71 0 -40 0 0 0 1 0 1 0 -1 0 0 32073.dat
1 0 80 -80 0 0 0 1 0 -1 0 1 0 0 48168.dat
1 72 80 -80 0 1 0 0 0 -1 0 0 0 -1 48452.dat
1 71 100 -40 -40 0 0 1 0 -1 0 1 0 0 32054.dat
1 71 60 -40 -40 0 0 1 0 -1 0 1 0 0 32054.dat
1 71 100 -40 40 0 0 -1 0 -1 0 -1 0 0 32054.dat
1 71 60 -40 40 0 0 -1 0 -1 0 -1 0 0 32054.dat
1 0 40 -80 20 1 0 0 0 -1 0 0 0 -1 32054.dat
1 0 40 -80 -20 1 0 0 0 -1 0 0 0 -1 32054.dat
1 71 80 -80 -40 -1 0 0 0 1 0 0 0 -1 32073.dat
1 0 80 -80 -40 -1 0 0 0 0 1 0 1 0 6536.dat
1 0 60 -80 -40 0 1 0 -1 0 0 0 0 1 32140.dat
1 0 100 -80 -40 0 1 0 -1 0 0 0 0 1 32140.dat
1 256 200 0 0 0 0 -1 0 1 0 1 0 0 71372c01.dat
1 256 -40 0 0 0 0 -1 0 1 0 1 0 0 71372c01.dat
1 71 80 -140 60 -1 0 0 0 1 0 0 0 -1 4519.dat
1 71 75 -160 60 0 -1 0 0 0 1 -1 0 0 41677.dat
1 71 85 -160 60 0 -1 0 0 0 1 -1 0 0 41677.dat
1 71 80 -160 60 -1 0 0 0 1 0 0 0 -1 44294.dat
1 0 100 -160 60 0 0 -1 0 1 0 1 0 0 3713.dat
1 0 60 -160 60 0 0 1 0 1 0 -1 0 0 3713.dat
1 0 80 -80 40 1 0 0 0 1 0 0 0 1 6558.dat
1 0 80 -80 60 1 0 0 0 1 0 0 0 1 6558.dat
1 0 60 -140 60 0 -1 0 0 0 1 -1 0 0 32140.dat
1 71 80 -80 0 0 1 0 -1 0 0 0 0 1 32140.dat
1 0 100 -140 60 0 -1 0 0 0 1 -1 0 0 32140.dat
1 0 120 -140 60 1 0 0 0 -1 0 0 0 -1 32184.dat
1 0 40 -140 60 1 0 0 0 -1 0 0 0 -1 32184.dat
1 1 110 -120 60 1 0 0 0 -1 0 0 0 -1 43093.dat
1 1 50 -120 60 -1 0 0 0 -1 0 0 0 1 43093.dat
1 0 135 -160 80 0 -1 0 -1 0 0 0 0 -1 41677.dat
1 0 145 -160 80 0 -1 0 -1 0 0 0 0 -1 41677.dat
1 0 25 -160 80 0 -1 0 -1 0 0 0 0 -1 41677.dat
1 0 15 -160 80 0 -1 0 -1 0 0 0 0 -1 41677.dat
1 1 150 -160 80 -1 0 0 0 -1 0 0 0 1 43093.dat
1 1 10 -160 80 1 0 0 0 -1 0 0 0 -1 43093.dat
1 71 80 -80 0 -1 0 0 0 1 0 0 0 -1 32073.dat
1 71 80 -100 20 -1 0 0 0 1 0 0 0 -1 32073.dat
1 71 80 -120 70 0.707 -0.707 0 -0.707 -0.707 0 0 0 -1 6538.dat
1 71 80 -120 40 0.707 -0.707 0 -0.707 -0.707 0 0 0 -1 3713.dat
1 0 80 -120 30 0 -0.707 0.707 0 -0.707 -0.707 1 0 0 3705.dat
1 14 80 -100 20 -1 0 0 0 -1 0 0 0 1 6536.dat
1 71 80 -120 7 -0.707 -0.707 0 0.707 -0.707 0 0 0 1 32198.dat
1 71 80 -93 -20 0 -1 0 0 0 1 -1 0 0 32198.dat
1 71 80 -90 -20 0 -1 0 -1 0 0 0 0 -1 4519.dat
1 71 80 -110 -20 1 0 0 0 0 1 0 -1 0 3712.dat
1 71 80 -140 -20 0 -1 0 -0.707107 0 -0.707107 0.707107 0 -0.707107 3326.dat
1 71 80 -161.213 -41.213 0 -1 0 -0.707107 0 -0.707107 0.707107 0 -0.707107 3712.dat
1 71 80 -100 60 -1 0 0 0 1 0 0 0 -1 44294.dat
1 0 115 -100 60 0 -1 0 -1 0 0 0 0 -1 6632.dat
1 0 125 -100 60 0 -1 0 -1 0 0 0 0 -1 6632.dat
1 0 130 -100 40 -1 0 0 0 1 0 0 0 -1 4459.dat
1 0 35 -100 60 0 -1 0 -1 0 0 0 0 -1 6632.dat
1 0 45 -100 60 0 -1 0 -1 0 0 0 0 -1 6632.dat
1 0 30 -100 40 -1 0 0 0 1 0 0 0 -1 4459.dat
1 14 85 -189.497 -97.782 0 1 0 -0.707 0 0.707 0.707 0 0.707 32449.dat
1 14 75 -189.497 -97.782 0 1 0 -0.707 0 0.707 0.707 0 0.707 32449.dat
1 71 80 -168.284 -76.569 -1 0 0 0 0.707 -0.707 0 -0.707 -0.707 4519.dat
1 71 80 -210.711 -118.995 -1 0 0 0 0.707 -0.707 0 -0.707 -0.707 4519.dat
1 14 100 -168.284 -76.569 0 1 0 -0.707 0 0.707 0.707 0 0.707 32140.dat
1 14 60 -168.284 -76.569 0 1 0 -0.707 0 0.707 0.707 0 0.707 32140.dat
1 14 65 -210.711 -118.995 0 -1 0 -0.707 0 -0.707 0.707 0 -0.707 32250.dat
1 71 110 -140 -20 -1 0 0 0 0.707 -0.707 0 -0.707 -0.707 3673.dat
1 71 50 -140 -20 -1 0 0 0 0.707 -0.707 0 -0.707 -0.707 3673.dat
1 71 80 -238.995 -90.711 -1 0 0 0 0.707 -0.707 0 -0.707 -0.707 4519.dat
1 0 80 -267.279 -175.563 -1 0 0 0 0.707 -0.707 0 -0.707 -0.707 32062.dat
1 0 80 -224.853 -133.137 1 0 0 0 0.707 0.707 0 -0.707 0.707 6558.dat
1 0 80 -168.291 -48.295 0 0 1 0.707 -0.707 0 0.707 0.707 0 32062.dat
1 71 80 -182.4289 -62.4329 1 0 0 0 -0.707 -0.707 0 0.707 -0.707 6538.dat
1 0 80 -238.9804 -118.9844 0 0 1 0.707 -0.707 0 0.707 0.707 0 3707.dat
1 71 80 -203.636 -83.6401 -1 0 0 0 -0.707 0.707 0 0.707 0.707 3713.dat
1 71 80 -214.2389 -94.2429 -1 0 0 0 -0.707 0.707 0 0.707 0.707 32123.dat
1 14 80 -238.9811 -90.7093 -1 0 0 0 0.707 -0.707 0 -0.707 -0.707 6536.dat
1 0 80 -246.0497 -126.0537 1 0 0 0 0.707 0.707 0 -0.707 0.707 4716.dat
1 14 80 -253.1183 -161.398 -1 0 0 0 -0.707 0.707 0 0.707 0.707 6536.dat
1 0 80 -253.1183 -161.398 -1 0 0 0 0.707 -0.707 0 -0.707 -0.707 32062.dat
1 71 80 -281.394 -161.398 -1 0 0 0 -0.707 0.707 0 0.707 0.707 3713.dat
1 14 80 -295.563 -316.985 0 -1 0 0.99 0 -0.139 0.139 0 0.99 6629.dat
1 0 80 -238.995 -147.279 -1 0 0 0 -0.883 0.469 0 0.469 0.883 3705.dat
1 71 80 -238.995 -147.279 0 0 -1 -0.469 -0.883 0 -0.883 0.469 0 3647.dat
1 14 95 -210.711 -118.995 0 -1 0 -0.707 0 -0.707 0.707 0 -0.707 32250.dat
1 14 105 -217.782 -111.924 0 -1 0 0.707 0 -0.707 0.707 0 0.707 32449.dat
1 0 120 -80 -40 0 -1 0 0 0 -1 1 0 0 32140.dat
1 0 40 -80 -40 0 -1 0 0 0 -1 1 0 0 32140.dat
1 0 130 -100 -40 -1 0 0 0 1 0 0 0 -1 4459.dat
1 0 30 -100 -40 -1 0 0 0 1 0 0 0 -1 4459.dat
1 71 80 -100 -60 -1 0 0 0 0.999 0.044 0 0.044 -0.999 4519.dat
1 71 110 -100 -60 0 0 -1 -0.044 0.999 0 0.999 0.044 0 6538.dat
1 71 75 -98.691 -89.971 0 -1 0 -0.999 0 0.044 -0.044 0 -0.999 32449.dat
1 71 85 -98.691 -89.971 0 -1 0 -0.999 0 0.044 -0.044 0 -0.999 32449.dat
1 71 50 -100 -60 0 0 -1 -0.044 0.999 0 0.999 0.044 0 6538.dat
1 0 80 -97.4 -120 -1 0 0 0 0.999 0.044 0 0.044 -0.999 3705.dat
1 71 95 -147.029 -126.579 0 -1 0 0.131 0 0.991 -0.991 0 0.131 32063.dat
1 71 105 -97.403 -120.032 0 0 -1 -0.044 0.999 0 0.999 0.044 0 32123.dat
1 71 80 -196.539 -133.1 0 0 -1 -0.713 0.701 0 0.701 0.713 0 3713.dat
1 0 80 -196.564 -133.109 -1 0 0 0 -0.701 -0.713 0 -0.713 0.701 3705.dat
1 71 65 -147.029 -126.579 0 -1 0 0.131 0 0.991 -0.991 0 0.131 32063.dat
1 71 55 -97.403 -120.032 0 0 -1 -0.044 0.999 0 0.999 0.044 0 32123.dat
1 71 20 -100 -60 -1 0 0 0 0.999 0.044 0 0.044 -0.999 4519.dat
1 19 130 -100 -60 -1 0 0 0 0.999 0.044 0 0.044 -0.999 3749.dat
1 0 20 -100 40 0 -1 0 -1 0 0 0 0 -1 32525.dat
1 71 0 -100 -60 0 1 0 0.044 0 -0.999 -0.999 0 -0.044 33299.dat
1 71 20 -100 120 -1 0 0 0 0.834 0.552 0 0.552 -0.834 4519.dat
1 71 50 -100 120 0 0 -1 -0.552 0.834 0 0.834 0.552 0 6538.dat
1 71 0 -100 120 0 1 0 0.552 0 -0.834 -0.834 0 -0.552 33299.dat
1 71 20 -136.845 17.999 0 -1 0 -0.999 0 -0.044 0.044 0 -0.999 40490.dat
1 14 55 -217.782 -111.924 0 -1 0 0.707107 0 -0.707107 0.707107 0 0.707107 32449.dat
1 1 10 -80 -20 1 0 0 0 -1 0 0 0 -1 43093.dat
1 71 0 -80 20 1 0 0 0 -1 0 0 0 -1 4519.dat
1 0 -10 -80 0 1 0 0 0 -1 0 0 0 -1 2780.dat
1 0 -10 -80 -40 1 0 0 0 -1 0 0 0 -1 2780.dat
1 14 -20 -80 -20 0 -1 0 -1 0 0 0 0 -1 32523.dat
1 0 0 -80 -20 0 -1 0 -1 0 0 0 0 -1 32316.dat
1 71 90 -100 120 0 0 -1 -0.551937 0.833886 0 0.833886 0.551937 0 6538.dat
1 71 120 -100 120 -1 0 0 0 0.833886 0.551937 0 0.551937 -0.833886 4519.dat
1 0 60 -100 120 -1 0 0 0 0.833886 0.551937 0 0.551937 -0.833886 32062.dat
1 71 120 -100 120 0 0 1 -0.833886 0.551937 0 -0.551937 -0.833886 0 3648.dat
1 71 80 -120 100 0 -0.707107 0.707107 0 -0.707107 -0.707107 1 0 0 4519.dat
1 71 80 -120 130 0.707107 -0.707107 0 -0.707107 -0.707107 0 0 0 -1 6538.dat
1 71 80 -120 160 0 -0.707107 0.707107 0 -0.707107 -0.707107 1 0 0 4519.dat
1 71 80 -120 160 0.707107 0.707107 0 0.707107 -0.707107 0 0 0 -1 4019.dat
1 0 120 -140 120 0 0.700909 0.71325 0 0.71325 -0.700909 -1 0 0 3737.dat
1 71 120 -140 75 -0.71325 0.700909 0 0.700909 0.71325 0 0 0 -1 32123.dat
1 71 120 -140 90 -0.71325 -0.700909 0 0.700909 -0.71325 0 0 0 1 3713.dat
1 0 120 -140 120 -0.71325 0.700909 0 0.700909 0.71325 0 0 0 -1 4716.dat
1 71 120 -140 165 -0.71325 -0.700909 0 0.700909 -0.71325 0 0 0 1 32123.dat
1 71 120 -140 149.999 -0.71325 0.700909 0 0.700909 0.71325 0 0 0 -1 3713.dat
1 19 40 -140 70 0 0.052336 0.99863 0 -0.99863 0.052336 1 0 0 3749.dat
1 71 40 -140 90 -0.99863 0.052336 0 -0.052336 -0.99863 0 0 0 1 6538.dat
1 0 40 -140 110 0 0.052336 0.99863 0 -0.99863 0.052336 1 0 0 32062.dat
1 71 40 -140 130 -0.99863 0.052336 0 -0.052336 -0.99863 0 0 0 1 6538.dat
1 71 40 -140 180 0 0.052336 0.99863 0 -0.99863 0.052336 1 0 0 32073.dat
1 71 40 -140 160 -0.99863 0.052336 0 -0.052336 -0.99863 0 0 0 1 32269.dat
1 71 140 -160 180 -1 0 0 0 -1 0 0 0 1 32073.dat
1 71 140 -120 180 -1 0 0 0 -1 0 0 0 1 32073.dat
1 0 120 -140 180 1 0 0 0 -1 0 0 0 -1 32184.dat
1 0 140 -140 180 1 0 0 0 -1 0 0 0 -1 32184.dat
1 0 80 -160 180 0 0 1 0 -1 0 1 0 0 32034.dat
1 0 80 -120 180 0 0 1 0 -1 0 1 0 0 32034.dat
1 71 20 -160 180 -1 0 0 0 -1 0 0 0 1 32073.dat
1 71 20 -120 180 -1 0 0 0 -1 0 0 0 1 32073.dat
1 0 40 -140 180 1 0 0 0 -1 0 0 0 -1 32184.dat
1 0 20 -140 180 1 0 0 0 -1 0 0 0 -1 32184.dat
1 0 160 -120 180 0 0 -1 0 -1 0 -1 0 0 3713.dat
1 0 0 -120 180 0 0 1 0 -1 0 1 0 0 3713.dat
1 72 140 -140 180 0 0 -1 0 -1 0 -1 0 0 32002.dat
1 72 20 -140 180 0 0 -1 0 -1 0 -1 0 0 32002.dat
1 0 80 -140 195 0 0 -1 -1 0 0 0 1 0 32065.dat
1 71 40 -140 210 -0.99863 0.052336 0 -0.052336 -0.99863 0 0 0 1 32269.dat
1 71 120 -140 209.999 -0.71325 0.700909 0 0.700909 0.71325 0 0 0 -1 32269.dat
1 14 160 -160 120 0 1 0 1 0 0 0 0 -1 32524.dat
1 14 0 -160 120 0 1 0 1 0 0 0 0 -1 32524.dat
1 1 -10 -160 100 -1 0 0 0 -1 0 0 0 1 43093.dat
1 1 -10 -80 -60 -1 0 0 0 -1 0 0 0 1 43093.dat
1 0 -10 -160 60 -1 0 0 0 -1 0 0 0 1 4459.dat
1 14 -20 -160 -60 0 1 0 1 0 0 0 0 -1 32009.dat
1 14 -20 -80 180 0 1 0 -1 0 0 0 0 1 32009.dat
1 0 0 -80 80 0 1 0 -1 0 0 0 0 1 32140.dat
1 0 -10 -80 140 -1 0 0 0 -1 0 0 0 1 4459.dat
1 0 10 -100 140 -1 0 0 0 -1 0 0 0 1 4459.dat
1 19 -10 -80 80 1 0 0 0 -1 0 0 0 -1 3749.dat
1 0 140 -100 40 0 1 0 -1 0 0 0 0 1 32525.dat
1 14 205 -80 40 0 -1 0 -1 0 0 0 0 -1 32056.dat
1 71 180 -120 40 -1 0 0 0 1 0 0 0 -1 4519.dat
1 71 180 -80 40 -1 0 0 0 1 0 0 0 -1 4519.dat
1 71 180 -80 0 -1 0 0 0 1 0 0 0 -1 4519.dat
1 14 195 -80 40 0 -1 0 -1 0 0 0 0 -1 32056.dat
1 14 185 -80 -30 0 -1 0 -1 0 0 0 0 -1 32449.dat
1 14 175 -80 -30 0 -1 0 -1 0 0 0 0 -1 32449.dat
1 0 180 -80 -40 1 0 0 0 1 0 0 0 1 6558.dat
1 14 200 -80 -20 0 -1 0 -1 0 0 0 0 -1 32140.dat
1 71 180 -80 -60 -1 0 0 0 1 0 0 0 -1 4519.dat
1 0 170 -80 -20 -1 0 0 0 1 0 0 0 -1 3705.dat
1 0 185 -130 40 0 0 -1 0 -1 0 -1 0 0 6575.dat
1 0 175 -130 40 0 0 -1 0 -1 0 -1 0 0 6575.dat
1 14 180 -80 180 0 1 0 -1 0 0 0 0 1 32009.dat
1 14 160 -80 -20 0 -1 0 -1 0 0 0 0 -1 32140.dat
1 0 180 -150 40 -1 0 0 0 1 0 0 0 -1 3705.dat
1 0 170 -80 20 -1 0 0 0 1 0 0 0 -1 3705.dat
1 14 155 -80 40 0 -1 0 -1 0 0 0 0 -1 32056.dat
1 14 165 -80 40 0 -1 0 -1 0 0 0 0 -1 32056.dat
1 19 170 -80 80 -1 0 0 0 -1 0 0 0 1 3749.dat
1 0 170 -80 140 -1 0 0 0 -1 0 0 0 1 4459.dat
1 0 160 -80 80 0 1 0 -1 0 0 0 0 1 32140.dat
1 0 190 -210 40 0 1 0 0 0 1 1 0 0 2825.dat
1 0 170 -210 40 0 -1 0 0 0 1 -1 0 0 2825.dat
1 72 160 -170 40 1 0 0 0 -1 0 0 0 -1 32002.dat
1 72 200 -170 40 -1 0 0 0 -1 0 0 0 1 32002.dat
1 1 200 -210 40 -1 0 0 0 -0.999 0.044 0 0.044 0.999 43093.dat
1 1 160 -210 40 1 0 0 0 -0.999 -0.044 0 0.044 -0.999 43093.dat
1 0 150 -100 140 -1 0 0 0 -1 0 0 0 1 4459.dat
1 0 205 -211.745 0.04 0 1 0 -0.999 0 0.044 0.044 0 0.999 32017.dat
1 72 210 -100 -80 1 0 0 0 -0.943 -0.334 0 0.334 -0.943 32002.dat
1 72 150 -100 -80 -1 0 0 0 -0.943 0.334 0 0.334 0.943 32002.dat
1 1 200 -213.49 -39.925 -1 0 0 0 -0.999 0.044 0 0.044 0.999 43093.dat
1 1 160 -213.49 -39.925 1 0 0 0 -0.999 -0.044 0 0.044 -0.999 43093.dat
1 0 180 -213.49 -39.925 0 0 -1 -0.044 -0.999 0 -0.999 0.044 0 6538.dat
1 0 155 -211.745 0.04 0 1 0 -0.999 0 0.044 0.044 0 0.999 32017.dat
1 0 215 -156.557 -59.972 0 1 0 -0.334 0 -0.943 -0.943 0 0.334 32065.dat
1 0 145 -156.557 -59.972 0 1 0 -0.334 0 -0.943 -0.943 0 0.334 32065.dat
1 14 215 -170 40 0 1 0 0 0 1 1 0 0 32017.dat
1 14 145 -170 40 0 1 0 0 0 1 1 0 0 32017.dat
1 0 120 -80 -20 -1 0 0 0 -1 0 0 0 1 32054.dat
1 0 120 -80 20 -1 0 0 0 -1 0 0 0 1 32054.dat
1 71 80 -291.949 -119.117 -1 0 0 0 -0.883 0.469 0 0.469 0.883 4519.dat
1 71 100 -291.972 -119.11 0 1 0 0.469 0 0.883 0.883 0 -0.469 2825.dat
1 71 60 -309.5134 -217.9765 0 -1 0 0.114817 0 -0.99347 0.99347 0 0.114817 2825.dat
1 71 80 -369.1114 -211.0632 -1 0 0 0 -0.107284 -0.994575 0 -0.994575 0.107284 4519.dat
1 71 65 -369.1114 -211.0632 0 1 0 0.994575 0 -0.107284 -0.107284 0 -0.994575 41677.dat
1 0 80 -330.5142 -165.0808 0 1 0 0.765747 0 -0.642491 -0.642491 0 -0.765747 32524.dat
1 71 95 -369.1114 -211.0632 0 1 0 0.994575 0 -0.107284 -0.107284 0 -0.994575 41677.dat
1 71 100 -309.5134 -217.9765 0 1 0 -0.114817 0 -0.99347 -0.99347 0 0.114817 2825.dat
1 71 60 -291.949 -119.117 0 -1 0 -0.469 0 0.883 -0.883 0 -0.469 2825.dat
1 71 80 -309.48 -217.958 1 0 0 0 0.995 0.098 0 -0.098 0.995 4519.dat
1 71 80 -295.563 -316.985 1 0 0 0 0.99 -0.139 0 0.139 0.99 4519.dat
1 14 60 -295.563 -316.985 0 1 0 0.99 0 0.139 0.139 0 -0.99 32140.dat
1 0 80 -292.783 -336.785 1 0 0 0 -0.99 0.139 0 -0.139 -0.99 6558.dat
1 0 80 -287.223 -376.385 1 0 0 0 -0.99 0.139 0 -0.139 -0.99 6558.dat
1 14 80 -287.223 -376.385 0 1 0 0.99 0 0.139 0.139 0 -0.99 32316.dat
1 71 80 -281.663 -415.985 -1 0 0 0 0.997194 0.073382 0 0.073382 -0.997194 32556.dat
1 14 100 -295.563 -316.985 0 1 0 0.99 0 0.139 0.139 0 -0.99 32140.dat
1 71 80 -267.407 -373.618 1 0 0 0 0.851 0.525 0 -0.525 0.851 4519.dat
1 71 80.003 -267.407 -373.618 0 1 0 0.525 0 0.85 0.851 0 -0.525 32271.dat
1 14 100 -223.015 -403.335 0 1 0 -0.211 0 0.977 0.977 0 0.211 32525.dat
1 0 80.006 -320.729 -424.46 -1 0 0 0 -0.073 0.997 0 0.997 0.073 6558.dat
1 0 80 -346.006 -327.706 0 1 0 -0.968 0 -0.253 -0.253 0 0.968 32525.dat
1 14 60 -223.015 -403.335 0 1 0 -0.211 0 0.977 0.977 0 0.211 32525.dat
1 0 80 -371.257 -230.947 1 0 0 0 0.994 0.108 0 -0.108 0.994 32062.dat
1 0 80 -125.475 -382.063 -1 0 0 0 0.659 -0.751 0 -0.751 -0.659 2950.dat
1 0 80 -128.194 -421.924 -1 0 0 0 0.364 -0.93 0 -0.93 -0.364 32062.dat
1 0 78 -125.475 -382.063 -1 0 0 0 0.346 -0.938 0 -0.938 -0.346 3706.dat
1 71 125 -125.475 -382.063 0 0 1 -0.938 0.346 0 -0.346 -0.938 0 32123.dat
1 71 35 -125.475 -382.063 0 0 1 -0.938 0.346 0 -0.346 -0.938 0 32123.dat
