0 Main
0 Name: 7181 - TIE Interceptor - UCS.mpd
0 Author: LTRON
1 0 10 -24 40 0 0 1 0 1 0 -1 0 0 2465.dat
1 0 -10 -24 40 0 0 1 0 1 0 -1 0 0 2465.dat
1 0 0 -24 210 -1 0 0 0 1 0 0 0 -1 3298.dat
1 0 0 -48 170 -1 0 0 0 1 0 0 0 -1 3298.dat
1 0 -10 -48 120 0 0 1 0 1 0 -1 0 0 3700.dat
1 0 10 -48 120 0 0 1 0 1 0 -1 0 0 3700.dat
1 0 0 -48 60 0 0 1 0 1 0 -1 0 0 3001.dat
1 0 0 -48 150 1 0 0 0 1 0 0 0 1 3004.dat
1 0 80 -24 0 -1 0 0 0 1 0 0 0 -1 2456.dat
1 0 -80 -24 0 -1 0 0 0 1 0 0 0 -1 2456.dat
1 0 110 -48 0 0 0 -1 0 1 0 1 0 0 3298.dat
1 0 150 -24 0 0 0 -1 0 1 0 1 0 0 3298.dat
1 0 0 -48 -90 1 0 0 0 1 0 0 0 1 3298.dat
1 0 0 -24 -130 1 0 0 0 1 0 0 0 1 3298.dat
1 0 -110 -48 0 0 0 1 0 1 0 -1 0 0 3298.dat
1 0 -150 -24 0 0 0 1 0 1 0 -1 0 0 3298.dat
1 0 0 -48 0 -1 0 0 0 1 0 0 0 -1 3006.dat
1 0 0 -48 -70 1 0 0 0 1 0 0 0 1 3004.dat
1 0 0 -48 -30 1 0 0 0 1 0 0 0 1 3004.dat
1 0 10 -48 -50 0 0 -1 0 1 0 1 0 0 6541.dat
1 0 -10 -48 -50 0 0 -1 0 1 0 1 0 0 6541.dat
1 0 20 -38 -50 1 0 0 0 1 0 0 0 1 2780.dat
1 0 -20 -38 -50 1 0 0 0 1 0 0 0 1 2780.dat
1 8 30 -56 0 0 0 -1 0 1 0 1 0 0 2412.dat
1 8 -30 -56 0 0 0 -1 0 1 0 1 0 0 2412.dat
1 0 80 -56 0 1 0 0 0 1 0 0 0 1 3020.dat
1 0 -80 -56 0 1 0 0 0 1 0 0 0 1 3020.dat
1 0 0 -56 -20 0 0 1 0 1 0 -1 0 0 3034.dat
1 0 0 -56 120 0 0 1 0 1 0 -1 0 0 3795.dat
1 8 0 0 220 0 0 1 0 1 0 -1 0 0 3020.dat
1 8 0 0 -140 0 0 1 0 1 0 -1 0 0 3020.dat
1 8 160 0 0 1 0 0 0 1 0 0 0 1 3020.dat
1 8 -160 0 0 1 0 0 0 1 0 0 0 1 3020.dat
1 8 0 0 0 1 0 0 0 1 0 0 0 1 3020.dat
1 0 -30 -136.79 -31.7 0 0 -1 -0.96 0.279 0 0.279 0.96 0 3895.dat
1 0 -20 -210.8 0.22 1 0 0 0 0.279 -0.96 0 0.96 0.279 2780.dat
1 0 -20 -230 5.8 1 0 0 0 0.279 -0.96 0 0.96 0.279 2780.dat
1 0 -10 -271.19 7.36 0 0 -1 -0.96 0.279 0 0.279 0.96 0 3702.dat
1 0 0 -331.022 16.42 0 0 -1 -0.96 0.279 0 0.279 0.96 0 3068.dat
1 0 10 -271.19 7.36 0 0 -1 -0.96 0.279 0 0.279 0.96 0 3702.dat
1 0 20 -210.8 0.22 1 0 0 0 0.279 -0.96 0 0.96 0.279 2780.dat
1 0 20 -230 5.8 1 0 0 0 0.279 -0.96 0 0.96 0.279 2780.dat
1 0 0 -249.2 11.38 1 0 0 0 0.279 -0.96 0 0.96 0.279 2780.dat
1 0 0 -326 33.7 1 0 0 0 0.279 -0.96 0 0.96 0.279 2780.dat
1 0 0 -322.094 47.14 1 0 0 0 0.279 -0.96 0 0.96 0.279 3022.dat
1 0 30 -136.79 -31.7 0 0 -1 -0.96 0.279 0 0.279 0.96 0 3895.dat
1 0 0 -206.894 13.66 -1 0 0 0 0.279 0.96 0 0.96 -0.279 3020.dat
1 0 0 -215.822 -17.06 -1 0 0 0 0.279 0.96 0 0.96 -0.279 3029.dat
1 0 0 -139.022 -39.38 -1 0 0 0 0.279 0.96 0 0.96 -0.279 3029.dat
1 0 -110 -179.654 -35.9 0 0 -1 -0.96 0.279 0 0.279 0.96 0 4162.dat
1 0 -90 -179.654 -35.9 0 0 -1 -0.96 0.279 0 0.279 0.96 0 4162.dat
1 0 -50 -179.654 -35.9 0 0 -1 -0.96 0.279 0 0.279 0.96 0 4162.dat
1 0 -70 -179.654 -35.9 0 0 -1 -0.96 0.279 0 0.279 0.96 0 4162.dat
1 0 30 -179.654 -35.9 0 0 -1 -0.96 0.279 0 0.279 0.96 0 4162.dat
1 0 10 -179.654 -35.9 0 0 -1 -0.96 0.279 0 0.279 0.96 0 4162.dat
1 0 -30 -179.654 -35.9 0 0 -1 -0.96 0.279 0 0.279 0.96 0 4162.dat
1 0 -10 -179.654 -35.9 0 0 -1 -0.96 0.279 0 0.279 0.96 0 4162.dat
1 0 110 -179.654 -35.9 0 0 -1 -0.96 0.279 0 0.279 0.96 0 4162.dat
1 0 90 -179.654 -35.9 0 0 -1 -0.96 0.279 0 0.279 0.96 0 4162.dat
1 0 50 -179.654 -35.9 0 0 -1 -0.96 0.279 0 0.279 0.96 0 4162.dat
1 0 70 -179.654 -35.9 0 0 -1 -0.96 0.279 0 0.279 0.96 0 4162.dat
1 0 20 -306.8 28.12 1 0 0 0 0.279 -0.96 0 0.96 0.279 2780.dat
1 0 -20 -306.8 28.12 1 0 0 0 0.279 -0.96 0 0.96 0.279 2780.dat
1 0 0 -38 120 1 0 0 0 0.654 0.756 0 -0.756 0.654 3705.dat
1 0 30 -38 120 0 1 0 0.654 0 -0.756 -0.756 0 -0.654 6629.dat
1 0 -30 -38 120 0 1 0 0.654 0 -0.756 -0.756 0 -0.654 6629.dat
1 0 0 -109.424 -5.232 1 0 0 0 0.0696 0.9972 0 -0.9972 0.0696 3705.dat
1 0 -10 -172.437 -10.926 0 1 0 0.23 0 0.973 0.973 0 -0.23 32140.dat
1 0 0 -172.437 -10.926 1 0 0 0 0.973 0.23 0 -0.23 0.973 3705.dat
1 0 10 -172.437 -10.926 0 1 0 0.23 0 0.973 0.973 0 -0.23 32140.dat
1 8 -40 -327.214 15.299 0 0 1 -0.279 0.96 0 -0.96 -0.279 0 3020.dat
1 8 40 -327.214 15.299 0 0 1 -0.279 0.96 0 -0.96 -0.279 0 3020.dat
1 8 0 -332.794 -3.901 0 0 1 -0.279 0.96 0 -0.96 -0.279 0 3022.dat
1 8 0 -313.264 63.299 1 0 0 0 0.96 0.279 0 -0.279 0.96 3710.dat
1 7 0 -344.674 41.195 0 0 -1 0.279 0.96 0 0.96 -0.279 0 32324.dat
1 1 0 -358.624 -6.805 1 0 0 0 0.96 0.279 0 -0.279 0.96 30414.dat
1 8 -50 -344.674 41.195 0 0 1 -0.279 0.96 0 -0.96 -0.279 0 3660.dat
1 8 -50 -355.834 2.795 0 0 1 -0.279 0.96 0 -0.96 -0.279 0 3660.dat
1 8 50 -355.834 2.795 0 0 -1 0.279 0.96 0 0.96 -0.279 0 3660.dat
1 8 50 -344.674 41.195 0 0 -1 0.279 0.96 0 0.96 -0.279 0 3660.dat
1 0 0 -357.934 24.227 0 0 -1 0.279 0.96 0 0.96 -0.279 0 3795.dat
1 4 -30 -349.564 53.027 0 0 -1 0.279 0.96 0 0.96 -0.279 0 2420.dat
1 4 30 -349.564 53.027 1 0 0 0 0.96 0.279 0 -0.279 0.96 2420.dat
1 14 0 -357.244 55.259 1 0 0 0 0.96 0.279 0 -0.279 0.96 3023.dat
1 7 -30 -354.454 64.859 0 0 -1 0.279 0.96 0 0.96 -0.279 0 4276.dat
1 7 0 -365.8245 111.5021 1 0 0 0 0.51796 -0.855078 0 0.855078 0.51796 3020.dat
1 0 0 -400.0276 132.2205 1 0 0 0 0.51796 -0.855078 0 0.855078 0.51796 3022.dat
1 1 0 -421.2729 135.739 -1 0 0 0 0.51796 0.855078 0 0.855078 -0.51796 4859.dat
1 0 0 -378.519 109.8411 0 0 1 0.855078 0.51796 0 -0.51796 0.855078 0 3021.dat
1 1 -30 -369.9682 104.6615 0 0 1 0.855078 0.51796 0 -0.51796 0.855078 0 4275.dat
1 1 30 -369.9682 104.6615 0 0 1 0.855078 0.51796 0 -0.51796 0.855078 0 4275.dat
1 1 -30 -374.1119 97.8208 0 0 1 0.855078 0.51796 0 -0.51796 0.855078 0 3069.dat
1 1 30 -374.1119 97.8208 0 0 1 0.855078 0.51796 0 -0.51796 0.855078 0 3069.dat
1 8 -10 -374.1119 97.8208 0 0 1 0.855078 0.51796 0 -0.51796 0.855078 0 2412.dat
1 8 10 -374.1119 97.8208 0 0 1 0.855078 0.51796 0 -0.51796 0.855078 0 2412.dat
1 8 10 -408.315 118.5392 0 0 1 0.855078 0.51796 0 -0.51796 0.855078 0 2412.dat
1 8 -10 -408.315 118.5392 0 0 1 0.855078 0.51796 0 -0.51796 0.855078 0 2412.dat
1 7 30 -354.454 64.859 0 0 -1 0.279 0.96 0 0.96 -0.279 0 4276.dat
1 1 0 -362.134 67.091 1 0 0 0 0.96 0.279 0 -0.279 0.96 3795.dat
1 1 50 -376.084 19.091 0 0 1 -0.279 0.96 0 -0.96 -0.279 0 3038.dat
1 1 -50 -376.084 19.091 0 0 -1 0.279 0.96 0 0.96 -0.279 0 3038.dat
1 8 -70 -381.664 -0.109 0 0 1 -0.279 0.96 0 -0.96 -0.279 0 3665.dat
1 8 -70 -364.924 57.491 0 0 1 -0.279 0.96 0 -0.96 -0.279 0 3665.dat
1 8 70 -364.924 57.491 0 0 -1 0.279 0.96 0 0.96 -0.279 0 3665.dat
1 8 70 -381.664 -0.109 0 0 -1 0.279 0.96 0 0.96 -0.279 0 3665.dat
1 8 -70 -373.294 28.691 0 0 1 -0.279 0.96 0 -0.96 -0.279 0 3747.dat
1 8 70 -373.294 28.691 0 0 -1 0.279 0.96 0 0.96 -0.279 0 3747.dat
1 1 -30 -369.814 69.323 0 0 -1 0.279 0.96 0 0.96 -0.279 0 3069.dat
1 1 30 -369.814 69.323 0 0 -1 0.279 0.96 0 0.96 -0.279 0 3069.dat
1 8 -10 -369.814 69.323 0 0 -1 0.279 0.96 0 0.96 -0.279 0 2412.dat
1 8 10 -369.814 69.323 0 0 -1 0.279 0.96 0 0.96 -0.279 0 2412.dat
1 8 0 -371.194 7.259 0 0 -1 0.279 0.96 0 0.96 -0.279 0 3022.dat
1 1 -70 -404.704 6.587 0 0 -1 0.279 0.96 0 0.96 -0.279 0 3040.dat
1 1 70 -404.704 6.587 0 0 1 -0.279 0.96 0 -0.96 -0.279 0 3040.dat
1 0 -70 -399.124 25.787 0 0 -1 0.279 0.96 0 0.96 -0.279 0 3040.dat
1 7 -70 -390.754 54.587 0 0 -1 0.279 0.96 0 0.96 -0.279 0 3039.dat
1 7 70 -390.754 54.587 0 0 1 -0.279 0.96 0 -0.96 -0.279 0 3039.dat
1 8 70 -399.124 25.787 0 0 1 -0.279 0.96 0 -0.96 -0.279 0 3040.dat
1 8 -90 -396.334 35.387 0 0 1 -0.279 0.96 0 -0.96 -0.279 0 3010.dat
1 8 90 -396.334 35.387 0 0 1 -0.279 0.96 0 -0.96 -0.279 0 3010.dat
1 8 -110 -396.334 35.387 0 0 1 -0.279 0.96 0 -0.96 -0.279 0 3747.dat
1 0 -80 -404.014 37.619 0 0 -1 0.279 0.96 0 0.96 -0.279 0 3020.dat
1 1 -90 -403.324 68.651 -1 0 0 0 0.96 -0.279 0 -0.279 -0.96 3623.dat
1 0 -110 -411.004 70.883 -1 0 0 0 0.96 -0.279 0 -0.279 -0.96 4085.dat
1 0 -110 -426.364 75.347 -1 0 0 0 0.96 -0.279 0 -0.279 -0.96 4085.dat
1 1 -110 -418.684 73.115 -1 0 0 0 0.96 -0.279 0 -0.279 -0.96 3024.dat
1 8 -90 -435.424 15.515 -1 0 0 0 0.96 -0.279 0 -0.279 -0.96 3062.dat
1 1 -70 -435.424 15.515 0 0 -1 0.279 0.96 0 0.96 -0.279 0 2921.dat
1 7 -80 -426.364 75.347 -1 0 0 0 0.96 -0.279 0 -0.279 -0.96 3004.dat
1 1 -90 -443.104 17.747 -1 0 0 0 0.96 -0.279 0 -0.279 -0.96 6141.dat
1 0 -70 -443.104 17.747 1 0 0 0 0.96 0.279 0 -0.279 0.96 4081.dat
1 8 -80 -450.784 19.979 1 0 0 0 0.96 0.279 0 -0.279 0.96 3023.dat
1 1 -90 -434.044 77.579 1 0 0 0 0.96 0.279 0 -0.279 0.96 3623.dat
1 8 110 -396.334 35.387 0 0 -1 0.279 0.96 0 0.96 -0.279 0 3747.dat
1 0 0 -434.884 -47.107 0 0 -1 0.96 -0.279 0 -0.279 -0.96 0 3020.dat
1 1 0 -403.852 -47.797 1 0 0 0 -0.279 0.96 0 -0.96 -0.279 3794.dat
1 1 0 -423.052 -42.217 1 0 0 0 -0.279 0.96 0 -0.96 -0.279 3794.dat
1 0 0 -437.788 -21.277 1 0 0 0 -0.279 0.96 0 -0.96 -0.279 3039.dat
1 0 0 -408.988 -29.647 0 0 -1 0.96 -0.279 0 -0.279 -0.96 0 4531.dat
1 7 10 -435.556 -13.597 0 0 -1 0.96 -0.279 0 -0.279 -0.96 0 4085.dat
1 7 -10 -435.556 -13.597 0 0 1 -0.96 -0.279 0 0.279 -0.96 0 4085.dat
1 8 30 -432.208 -2.077 0 0 1 -0.96 -0.279 0 0.279 -0.96 0 30154.dat
1 8 -30 -432.208 -2.077 0 0 1 -0.96 -0.279 0 0.279 -0.96 0 30154.dat
1 0 0 -379.564 -21.541 1 0 0 0 0.96 0.279 0 -0.279 0.96 2452.dat
1 8 -140 -404.014 37.619 1 0 0 0 0.96 0.279 0 -0.279 0.96 3020.dat
1 8 140 -404.014 37.619 1 0 0 0 0.96 0.279 0 -0.279 0.96 3020.dat
1 0 80 -404.014 37.619 0 0 1 -0.279 0.96 0 -0.96 -0.279 0 3020.dat
1 1 90 -403.324 68.651 -1 0 0 0 0.96 -0.279 0 -0.279 -0.96 3623.dat
1 0 110 -411.004 70.883 -1 0 0 0 0.96 -0.279 0 -0.279 -0.96 4085.dat
1 0 110 -426.364 75.347 -1 0 0 0 0.96 -0.279 0 -0.279 -0.96 4085.dat
1 1 110 -418.684 73.115 -1 0 0 0 0.96 -0.279 0 -0.279 -0.96 3024.dat
1 8 90 -435.424 15.515 -1 0 0 0 0.96 -0.279 0 -0.279 -0.96 3062.dat
1 1 70 -435.424 15.515 0 0 1 -0.279 0.96 0 -0.96 -0.279 0 2921.dat
1 7 80 -426.364 75.347 -1 0 0 0 0.96 -0.279 0 -0.279 -0.96 3004.dat
1 1 90 -443.104 17.747 -1 0 0 0 0.96 -0.279 0 -0.279 -0.96 6141.dat
1 0 70 -443.104 17.747 1 0 0 0 0.96 0.279 0 -0.279 0.96 4081.dat
1 8 80 -450.784 19.979 1 0 0 0 0.96 0.279 0 -0.279 0.96 3023.dat
1 1 90 -434.044 77.579 1 0 0 0 0.96 0.279 0 -0.279 0.96 3623.dat
1 8 180 -411.694 39.851 -1 0 0 0 0.96 -0.279 0 -0.279 -0.96 2445.dat
1 0 70 -437.524 36.947 0 0 1 -0.279 0.96 0 -0.96 -0.279 0 4070.dat
1 0 70 -431.944 56.147 0 0 1 -0.279 0.96 0 -0.96 -0.279 0 4070.dat
1 0 270 -434.734 46.547 0 0 1 -0.279 0.96 0 -0.96 -0.279 0 32000.dat
1 0 290 -434.734 46.547 0 0 1 -0.279 0.96 0 -0.96 -0.279 0 32000.dat
1 0 290 -427.924 34.157 1 0 0 0 0.96 0.279 0 -0.279 0.96 6558.dat
1 0 290 -422.344 53.357 1 0 0 0 0.96 0.279 0 -0.279 0.96 6558.dat
1 1 180 -437.524 36.947 1 0 0 0 0.96 0.279 0 -0.279 0.96 30414.dat
1 1 180 -431.944 56.147 -1 0 0 0 0.96 -0.279 0 -0.279 -0.96 30414.dat
1 8 240 -434.734 46.547 -1 0 0 0 0.96 -0.279 0 -0.279 -0.96 3003.dat
1 7 110 -434.734 46.547 -1 0 0 0 0.96 -0.279 0 -0.279 -0.96 3002.dat
1 7 280 -442.414 48.779 -1 0 0 0 0.96 -0.279 0 -0.279 -0.96 3022.dat
1 8 140 -442.414 48.779 -1 0 0 0 0.96 -0.279 0 -0.279 -0.96 3034.dat
1 8 56 -425.134 43.757 0 1 0 0.279 0 0.96 0.96 0 -0.279 2412.dat
1 8 240 -442.414 48.779 0 0 1 -0.279 0.96 0 -0.96 -0.279 0 4859.dat
1 8 270 -404.014 37.619 0 0 1 -0.279 0.96 0 -0.96 -0.279 0 3747.dat
1 8 200 -450.094 51.011 -1 0 0 0 0.96 -0.279 0 -0.279 -0.96 3832.dat
1 8 -180 -411.694 39.851 1 0 0 0 0.96 0.279 0 -0.279 0.96 2445.dat
1 0 -70 -431.944 56.147 0 0 -1 0.279 0.96 0 0.96 -0.279 0 4070.dat
1 0 -70 -437.524 36.947 0 0 -1 0.279 0.96 0 0.96 -0.279 0 4070.dat
1 0 -270 -434.734 46.547 0 0 -1 0.279 0.96 0 0.96 -0.279 0 32000.dat
1 0 -290 -434.734 46.547 0 0 -1 0.279 0.96 0 0.96 -0.279 0 32000.dat
1 0 -290 -422.344 53.357 -1 0 0 0 0.96 -0.279 0 -0.279 -0.96 6558.dat
1 0 -290 -427.924 34.157 -1 0 0 0 0.96 -0.279 0 -0.279 -0.96 6558.dat
1 1 -180 -431.944 56.147 -1 0 0 0 0.96 -0.279 0 -0.279 -0.96 30414.dat
1 1 -180 -437.524 36.947 1 0 0 0 0.96 0.279 0 -0.279 0.96 30414.dat
1 8 -240 -434.734 46.547 1 0 0 0 0.96 0.279 0 -0.279 0.96 3003.dat
1 7 -110 -434.734 46.547 1 0 0 0 0.96 0.279 0 -0.279 0.96 3002.dat
1 7 -280 -442.414 48.779 1 0 0 0 0.96 0.279 0 -0.279 0.96 3022.dat
1 8 -140 -442.414 48.779 1 0 0 0 0.96 0.279 0 -0.279 0.96 3034.dat
1 8 -56 -425.134 43.757 0 -1 0 -0.279 0 0.96 -0.96 0 -0.279 2412.dat
1 8 -240 -442.414 48.779 0 0 -1 0.279 0.96 0 0.96 -0.279 0 4859.dat
1 8 -270 -404.014 37.619 0 0 -1 0.279 0.96 0 0.96 -0.279 0 3747.dat
1 8 -200 -450.094 51.011 1 0 0 0 0.96 0.279 0 -0.279 0.96 3832.dat
1 8 -90 -465.454 55.475 0 0 -1 0.279 0.96 0 0.96 -0.279 0 3010.dat
1 8 90 -465.454 55.475 0 0 -1 0.279 0.96 0 0.96 -0.279 0 3010.dat
1 1 -70 -459.874 74.675 0 0 -1 0.279 0.96 0 0.96 -0.279 0 3660.dat
1 1 -70 -471.034 36.275 0 0 -1 0.279 0.96 0 0.96 -0.279 0 3660.dat
1 1 70 -471.034 36.275 0 0 1 -0.279 0.96 0 -0.96 -0.279 0 3660.dat
1 1 70 -459.874 74.675 0 0 1 -0.279 0.96 0 -0.96 -0.279 0 3660.dat
1 8 270 -473.134 57.707 0 0 1 -0.279 0.96 0 -0.96 -0.279 0 3298.dat
1 8 110 -473.134 57.707 0 0 -1 0.279 0.96 0 0.96 -0.279 0 3298.dat
1 8 -270 -473.134 57.707 0 0 -1 0.279 0.96 0 0.96 -0.279 0 3298.dat
1 8 -110 -473.134 57.707 0 0 1 -0.279 0.96 0 -0.96 -0.279 0 3298.dat
1 1 -70 -473.134 57.707 -1 0 0 0 0.96 -0.279 0 -0.279 -0.96 3021.dat
1 1 70 -473.134 57.707 -1 0 0 0 0.96 -0.279 0 -0.279 -0.96 3021.dat
1 7 -60 -481.504 28.907 1 0 0 0 0.96 0.279 0 -0.279 0.96 2540.dat
1 7 60 -481.504 28.907 1 0 0 0 0.96 0.279 0 -0.279 0.96 2540.dat
1 1 -90 -481.504 28.907 1 0 0 0 0.96 0.279 0 -0.279 0.96 6141.dat
1 1 90 -481.504 28.907 1 0 0 0 0.96 0.279 0 -0.279 0.96 6141.dat
1 0 -70 -464.764 86.507 -1 0 0 0 0.96 -0.279 0 -0.279 -0.96 3623.dat
1 0 70 -464.764 86.507 -1 0 0 0 0.96 -0.279 0 -0.279 -0.96 3623.dat
1 1 50 -501.754 45.203 0 0 1 -0.279 0.96 0 -0.96 -0.279 0 3660.dat
1 1 50 -490.594 83.603 0 0 1 -0.279 0.96 0 -0.96 -0.279 0 3660.dat
1 1 -50 -490.594 83.603 0 0 -1 0.279 0.96 0 0.96 -0.279 0 3660.dat
1 1 -50 -501.754 45.203 0 0 -1 0.279 0.96 0 0.96 -0.279 0 3660.dat
1 8 70 -504.544 35.603 0 0 -1 0.279 0.96 0 0.96 -0.279 0 3040.dat
1 8 70 -487.804 93.203 0 0 -1 0.279 0.96 0 0.96 -0.279 0 3040.dat
1 8 -70 -487.804 93.203 0 0 1 -0.279 0.96 0 -0.96 -0.279 0 3040.dat
1 8 -70 -504.544 35.603 0 0 1 -0.279 0.96 0 -0.96 -0.279 0 3040.dat
1 8 70 -496.174 64.403 0 0 -1 0.279 0.96 0 0.96 -0.279 0 3298.dat
1 8 -70 -496.174 64.403 0 0 1 -0.279 0.96 0 -0.96 -0.279 0 3298.dat
1 8 50 -519.214 71.099 0 0 -1 0.279 0.96 0 0.96 -0.279 0 3037.dat
1 8 -50 -519.214 71.099 0 0 1 -0.279 0.96 0 -0.96 -0.279 0 3037.dat
1 7 -30 -513.634 90.299 0 0 1 -0.279 0.96 0 -0.96 -0.279 0 3010.dat
1 7 30 -513.634 90.299 0 0 1 -0.279 0.96 0 -0.96 -0.279 0 3010.dat
1 8 0 -527.584 42.299 -1 0 0 0 0.96 -0.279 0 -0.279 -0.96 3010.dat
1 8 180 -432.946 16.877 -1 0 0 0 0.279 0.96 0 0.96 -0.279 3460.dat
1 8 -180 -432.946 16.877 -1 0 0 0 0.279 0.96 0 0.96 -0.279 3460.dat
1 8 110 -439.642 -6.163 0 0 -1 -0.96 0.279 0 0.279 0.96 0 4286.dat
1 8 -270 -439.642 -6.163 0 0 -1 -0.96 0.279 0 0.279 0.96 0 4286.dat
1 8 -110 -439.642 -6.163 0 0 1 0.96 0.279 0 -0.279 0.96 0 4286.dat
1 8 270 -439.642 -6.163 0 0 1 0.96 0.279 0 -0.279 0.96 0 4286.dat
1 8 -50 -526.894 73.331 0 0 1 -0.279 0.96 0 -0.96 -0.279 0 2412.dat
1 8 50 -526.894 73.331 0 0 1 -0.279 0.96 0 -0.96 -0.279 0 2412.dat
1 8 0 -518.524 102.131 -1 0 0 0 0.96 -0.279 0 -0.279 -0.96 2431.dat
1 8 0 -512.944 121.331 -1 0 0 0 0.96 -0.279 0 -0.279 -0.96 2431.dat
1 8 0 -535.264 44.531 -1 0 0 0 0.96 -0.279 0 -0.279 -0.96 6636.dat
1 8 0 -526.894 73.331 -1 0 0 0 0.96 -0.279 0 -0.279 -0.96 3020.dat
1 8 0 -542.254 77.795 1 0 0 0 0.96 0.279 0 -0.279 0.96 3960.dat
1 0 -20 -358.51 -42.235 1 0 0 0 0.279 -0.96 0 0.96 0.279 3937.dat
1 0 20 -358.51 -42.235 1 0 0 0 0.279 -0.96 0 0.96 0.279 3937.dat
1 40 0 -464.998 -86.245 -1 0 0 0 0.279 0.96 0 0.96 -0.279 2598.dat
1 8 0 -405.358 104.639 0 0 1 0.96 0.279 0 -0.279 0.96 0 2618.dat
1 8 0 -449.566 167.459 0 0 1 0.96 0.279 0 -0.279 0.96 0 2654.dat
1 8 0 -334.366 133.979 0 0 1 0.96 0.279 0 -0.279 0.96 0 2654.dat
1 8 -50 -391.966 150.719 0 0 1 0.96 0.279 0 -0.279 0.96 0 3660.dat
1 8 50 -391.966 150.719 0 0 -1 -0.96 0.279 0 0.279 0.96 0 3660.dat
1 0 40 -385.27 173.759 0 0 -1 -0.96 0.279 0 0.279 0.96 0 4859.dat
1 0 -40 -385.27 173.759 0 0 1 0.96 0.279 0 -0.279 0.96 0 4859.dat
1 0 90 -407.59 96.959 0 0 -1 -0.96 0.279 0 0.279 0.96 0 3710.dat
1 0 -90 -407.59 96.959 0 0 -1 -0.96 0.279 0 0.279 0.96 0 3710.dat
1 7 -90 -409.822 89.279 0 0 -1 -0.96 0.279 0 0.279 0.96 0 3023.dat
1 7 90 -409.822 89.279 0 0 -1 -0.96 0.279 0 0.279 0.96 0 3023.dat
1 1 90 -438.622 97.649 0 0 -1 -0.96 0.279 0 0.279 0.96 0 4081.dat
1 1 90 -381.022 80.909 0 0 -1 -0.96 0.279 0 0.279 0.96 0 4081.dat
1 1 -90 -381.022 80.909 0 0 1 0.96 0.279 0 -0.279 0.96 0 4081.dat
1 1 -90 -438.622 97.649 0 0 1 0.96 0.279 0 -0.279 0.96 0 4081.dat
1 8 -90 -412.054 81.599 0 0 1 0.96 0.279 0 -0.279 0.96 0 2431.dat
1 8 90 -412.054 81.599 0 0 1 0.96 0.279 0 -0.279 0.96 0 2431.dat
1 8 -110 -370.864 80.039 -1 0 0 0 -0.96 0.279 0 0.279 0.96 30374.dat
1 8 110 -370.864 80.039 -1 0 0 0 -0.96 0.279 0 0.279 0.96 30374.dat
1 0 110 -428.464 96.779 0.906 0 -0.423 0.118017 0.96 0.252774 0.40608 -0.279 0.86976 2335.dat
1 0 -110 -428.464 96.779 0.906 0 0.423 -0.118017 0.96 0.252774 -0.40608 -0.279 0.86976 2335.dat
1 8 -200 -417.322 70.637 1 0 0 0 -0.279 0.96 0 -0.96 -0.279 3460.dat
1 8 -130 -410.626 93.677 0 0 1 -0.96 -0.279 0 0.279 -0.96 0 4286.dat
1 8 -270 -410.626 93.677 0 0 -1 0.96 -0.279 0 -0.279 -0.96 0 4286.dat
1 8 200 -417.322 70.637 -1 0 0 0 -0.279 -0.96 0 -0.96 0.279 3460.dat
1 8 130 -410.626 93.677 0 0 -1 0.96 -0.279 0 -0.279 -0.96 0 4286.dat
1 8 270 -410.626 93.677 0 0 1 -0.96 -0.279 0 0.279 -0.96 0 4286.dat
1 36 130 -408.394 101.357 0 0 1 -0.96 -0.279 0 0.279 -0.96 0 6141.dat
1 36 -130 -408.394 101.357 0 0 1 -0.96 -0.279 0 0.279 -0.96 0 6141.dat
1 0 -40 -325.114 -6.133 0 0 1 -0.279 0.96 0 -0.96 -0.279 0 2444.dat
1 7 -40 -321.094 -28.123 0 0 1 -0.279 0.96 0 -0.96 -0.279 0 4274.dat
1 7 -40 -327.79 -51.163 0 0 1 0.96 0.279 0 -0.279 0.96 0 4589.dat
1 36 -40 -330.022 -58.843 0 0 1 0.96 0.279 0 -0.279 0.96 0 6141.dat
1 0 40 -325.114 -6.133 0 0 1 -0.279 0.96 0 -0.96 -0.279 0 2444.dat
1 7 40 -321.094 -28.123 0 0 1 -0.279 0.96 0 -0.96 -0.279 0 4274.dat
1 7 40 -327.79 -51.163 0 0 1 0.96 0.279 0 -0.279 0.96 0 4589.dat
1 36 40 -330.022 -58.843 0 0 1 0.96 0.279 0 -0.279 0.96 0 6141.dat
1 8 296 -441.874 -13.843 0 -1 0 0.96 0 0.279 -0.279 0 0.96 32059.dat
1 8 296 -408.394 101.357 0 -1 0 -0.96 0 -0.279 0.279 0 -0.96 32059.dat
1 0 320 -416.764 72.557 0 -1 0 -0.96 0 -0.279 0.279 0 -0.96 3701.dat
1 0 320 -433.504 14.957 0 -1 0 -0.96 0 -0.279 0.279 0 -0.96 3701.dat
1 0 310 -444.334 49.337 0 -1 0 -0.279 0 0.96 -0.96 0 -0.279 3705.dat
1 0 310 -405.934 38.177 0 -1 0 -0.279 0 0.96 -0.96 0 -0.279 3705.dat
1 4 310 -422.344 53.357 0 0 -1 -0.279 -0.96 0 -0.96 0.279 0 32184.dat
1 4 310 -427.924 34.157 0 0 -1 -0.279 -0.96 0 -0.96 0.279 0 32184.dat
1 8 296 -473.134 57.707 0 -1 0 -0.279 0 0.96 -0.96 0 -0.279 3023.dat
1 8 296 -377.134 29.807 0 -1 0 -0.279 0 0.96 -0.96 0 -0.279 3023.dat
1 8 296 -492.334 63.287 0 -1 0 -0.279 0 0.96 -0.96 0 -0.279 3710.dat
1 8 296 -357.934 24.227 0 -1 0 -0.279 0 0.96 -0.96 0 -0.279 3710.dat
1 8 320 -474.364 89.297 0 -1 0 -0.96 0 -0.279 0.279 0 -0.96 30365.dat
1 8 320 -479.944 70.097 0 -1 0 -0.96 0 -0.279 0.279 0 -0.96 30365.dat
1 8 320 -485.524 50.897 0 -1 0 -0.96 0 -0.279 0.279 0 -0.96 30365.dat
1 8 320 -491.104 31.697 0 -1 0 -0.96 0 -0.279 0.279 0 -0.96 30365.dat
1 8 320 -375.904 -1.783 0 -1 0 0.96 0 0.279 -0.279 0 0.96 30365.dat
1 8 320 -370.324 17.417 0 -1 0 0.96 0 0.279 -0.279 0 0.96 30365.dat
1 8 320 -364.744 36.617 0 -1 0 0.96 0 0.279 -0.279 0 0.96 30365.dat
1 8 320 -359.164 55.817 0 -1 0 0.96 0 0.279 -0.279 0 0.96 30365.dat
1 8 296.1508 -529.6381 105.361 0.707107 -0.707107 0 0.678823 0.678823 0.279 -0.197283 -0.197283 0.96 30364.dat
1 8 296.1508 -535.2181 86.161 0.707107 -0.707107 0 0.678823 0.678823 0.279 -0.197283 -0.197283 0.96 30364.dat
1 8 296.1508 -540.7981 66.961 0.707107 -0.707107 0 0.678823 0.678823 0.279 -0.197283 -0.197283 0.96 30364.dat
1 8 296.1508 -546.3781 47.761 0.707107 -0.707107 0 0.678823 0.678823 0.279 -0.197283 -0.197283 0.96 30364.dat
1 8 286.2513 -514.9281 69.8534 0 -0.707107 0.707107 -0.279 0.678823 0.678823 -0.96 -0.197283 -0.197283 3710.dat
1 8 272.1091 -531.2946 64.1991 -0.707107 -0.707107 0 -0.678823 0.678823 -0.279 0.197283 -0.197283 -0.96 2420.dat
1 8 272.1091 -525.7145 83.3991 0 -0.707107 -0.707107 0.279 0.678823 -0.678823 0.96 -0.197283 0.197283 2420.dat
1 8 274.9375 -558.3727 82.4795 0 -0.707107 0.707107 -0.279 0.678823 0.678823 -0.96 -0.197283 -0.197283 3747.dat
1 0 245.239 -625.6445 -2.0781 0.707107 -0.707107 0 0.678823 0.678823 0.279 -0.197283 -0.197283 0.96 4151.dat
1 0 245.239 -581.0045 151.5219 0.707107 -0.707107 0 0.678823 0.678823 0.279 -0.197283 -0.197283 0.96 4151.dat
1 0 250.8959 -608.7551 76.3002 0.707107 -0.707107 0 0.678823 0.678823 0.279 -0.197283 -0.197283 0.96 3795.dat
1 0 250.8959 -564.1151 229.9002 0.707107 -0.707107 0 0.678823 0.678823 0.279 -0.197283 -0.197283 0.96 3795.dat
1 0 250.8959 -653.3951 -77.2998 0.707107 -0.707107 0 0.678823 0.678823 0.279 -0.197283 -0.197283 0.96 3832.dat
1 0 307.4645 -582.3492 -35.4824 0 -0.707107 -0.707107 0.279 0.678823 -0.678823 0.96 -0.197283 0.197283 3020.dat
1 0 194.3273 -657.4809 111.2828 0 -0.707107 -0.707107 0.279 0.678823 -0.678823 0.96 -0.197283 0.197283 4282.dat
1 0 307.4645 -526.5493 156.5176 0 -0.707107 -0.707107 0.279 0.678823 -0.678823 0.96 -0.197283 0.197283 4282.dat
1 0 273.5233 -648.7115 -182.7694 0 -0.707107 -0.707107 0.279 0.678823 -0.678823 0.96 -0.197283 0.197283 3030.dat
1 0 231.0969 -669.9109 -103.7324 0 -0.707107 -0.707107 0.279 0.678823 -0.678823 0.96 -0.197283 0.197283 3021.dat
1 0 202.8126 -697.0638 -95.8411 0 -0.707107 -0.707107 0.279 0.678823 -0.678823 0.96 -0.197283 0.197283 3021.dat
1 0 294.7365 -488.8469 291.3121 -0.707107 -0.707107 0 -0.678823 0.678823 -0.279 0.197283 -0.197283 -0.96 3021.dat
1 0 294.7365 -502.7969 243.3121 0 -0.707107 -0.707107 0.279 0.678823 -0.678823 0.96 -0.197283 0.197283 3623.dat
1 0 308.8787 -503.1704 191.3665 0 -0.707107 -0.707107 0.279 0.678823 -0.678823 0.96 -0.197283 0.197283 3460.dat
1 0 308.8787 -547.8104 37.7665 0 -0.707107 -0.707107 0.279 0.678823 -0.678823 0.96 -0.197283 0.197283 3460.dat
1 0 308.8787 -592.4504 -115.8335 0 -0.707107 -0.707107 0.279 0.678823 -0.678823 0.96 -0.197283 0.197283 3460.dat
1 0 181.5994 -642.0985 169.2774 0 -0.707107 -0.707107 0.279 0.678823 -0.678823 0.96 -0.197283 0.197283 3460.dat
1 0 181.5994 -697.8986 -22.7226 0 -0.707107 -0.707107 0.279 0.678823 -0.678823 0.96 -0.197283 0.197283 3460.dat
1 0 181.5994 -669.9985 73.2774 0 -0.707107 -0.707107 0.279 0.678823 -0.678823 0.96 -0.197283 0.197283 3023.dat
1 0 231.0969 -561.101 270.6676 0 -0.707107 0.707107 -0.279 0.678823 0.678823 -0.96 -0.197283 -0.197283 3934.dat
1 0 236.7538 -560.9515 291.4458 0 -0.707107 0.707107 -0.279 0.678823 0.678823 -0.96 -0.197283 -0.197283 3934.dat
1 0 208.4695 -722.0244 -161.4628 0.707107 -0.707107 0 0.678823 0.678823 0.279 -0.197283 -0.197283 0.96 3934.dat
1 0 250.8959 -720.355 -307.6998 0.707107 -0.707107 0 0.678823 0.678823 0.279 -0.197283 -0.197283 0.96 3934.dat
1 0 286.2513 -505.0639 306.436 0.707107 -0.707107 0 0.678823 0.678823 0.279 -0.197283 -0.197283 0.96 3024.dat
1 0 187.2563 -722.8591 -88.3444 0.707107 -0.707107 0 0.678823 0.678823 0.279 -0.197283 -0.197283 0.96 3024.dat
1 0 279.1802 -648.5621 -161.9911 0.707107 -0.707107 0 0.678823 0.678823 0.279 -0.197283 -0.197283 0.96 3958.dat
1 0 307.4645 -660.4692 -304.2824 0 -0.707107 -0.707107 0.279 0.678823 -0.678823 0.96 -0.197283 0.197283 3034.dat
1 0 286.2513 -680.8339 -298.364 0 -0.707107 -0.707107 0.279 0.678823 -0.678823 0.96 -0.197283 0.197283 3460.dat
1 0 257.967 -688.4568 -223.2726 0.707107 -0.707107 0 0.678823 0.678823 0.279 -0.197283 -0.197283 0.96 3623.dat
1 0 216.9548 -714.1774 -205.3868 0.707107 -0.707107 0 0.678823 0.678823 0.279 -0.197283 -0.197283 0.96 3934.dat
1 0 259.3812 -712.5081 -351.6237 0.707107 -0.707107 0 0.678823 0.678823 0.279 -0.197283 -0.197283 0.96 3934.dat
1 0 294.7365 -678.5669 -361.4879 0 -0.707107 0.707107 -0.279 0.678823 0.678823 -0.96 -0.197283 -0.197283 3460.dat
1 0 308.8787 -637.0905 -269.4335 0 -0.707107 0.707107 -0.279 0.678823 0.678823 -0.96 -0.197283 -0.197283 3460.dat
1 0 308.8787 -681.7305 -423.0335 0 -0.707107 0.707107 -0.279 0.678823 0.678823 -0.96 -0.197283 -0.197283 3460.dat
1 0 293.3223 -718.6857 -453.9368 0.707107 -0.707107 0 0.678823 0.678823 0.279 -0.197283 -0.197283 0.96 3934.dat
1 1 192.9131 -708.7597 -19.5661 0 -0.707107 -0.707107 0.279 0.678823 -0.678823 0.96 -0.197283 0.197283 4162.dat
1 1 192.9131 -641.7997 210.8339 0 -0.707107 -0.707107 0.279 0.678823 -0.678823 0.96 -0.197283 0.197283 4162.dat
1 1 192.9131 -675.2797 95.6339 0 -0.707107 -0.707107 0.279 0.678823 -0.678823 0.96 -0.197283 0.197283 2431.dat
1 1 214.1263 -649.335 108.9154 0 -0.707107 -0.707107 0.279 0.678823 -0.678823 0.96 -0.197283 0.197283 3022.dat
1 1 320.1924 -502.8716 232.923 0 -0.707107 -0.707107 0.279 0.678823 -0.678823 0.96 -0.197283 0.197283 3460.dat
1 1 320.1924 -558.6716 40.923 0 -0.707107 -0.707107 0.279 0.678823 -0.678823 0.96 -0.197283 0.197283 3460.dat
1 1 320.1924 -603.3116 -112.677 0 -0.707107 -0.707107 0.279 0.678823 -0.678823 0.96 -0.197283 0.197283 3460.dat
1 1 320.1924 -647.9516 -266.277 0 -0.707107 -0.707107 0.279 0.678823 -0.678823 0.96 -0.197283 0.197283 3460.dat
1 1 320.1924 -530.7716 136.923 0 -0.707107 -0.707107 0.279 0.678823 -0.678823 0.96 -0.197283 0.197283 2412.dat
1 8 269.2807 -607.248 96.6839 0 -0.707107 0.707107 -0.279 0.678823 0.678823 -0.96 -0.197283 -0.197283 2413.dat
1 1 320.1924 -720.4916 -515.877 0 -0.707107 -0.707107 0.279 0.678823 -0.678823 0.96 -0.197283 0.197283 2412.dat
1 1 320.1924 -692.5916 -419.877 0 -0.707107 -0.707107 0.279 0.678823 -0.678823 0.96 -0.197283 0.197283 3460.dat
1 0 207.0553 -706.3433 -61.9118 0 -0.707107 -0.707107 0.279 0.678823 -0.678823 0.96 -0.197283 0.197283 2431.dat
1 0 306.0503 -611.308 -89.5313 0 -0.707107 -0.707107 0.279 0.678823 -0.678823 0.96 -0.197283 0.197283 2431.dat
1 0 207.0553 -731.4532 -148.3118 -0.649831 -0.707107 0.2786 -0.733764 0.678823 0.011055 -0.196937 -0.197283 -0.959969 2555.dat
1 0 249.4817 -729.7839 -294.5487 0.649831 -0.707107 -0.2786 0.733764 0.678823 -0.011055 0.196937 -0.197283 0.959969 2555.dat
1 0 291.9081 -728.1145 -440.7857 0.649831 -0.707107 -0.2786 0.733764 0.678823 -0.011055 0.196937 -0.197283 0.959969 2555.dat
1 0 221.1974 -589.5368 289.3426 -0.2786 -0.707107 -0.649831 -0.011055 0.678823 -0.733764 0.959969 -0.197283 -0.196937 2555.dat
1 0 291.9081 -510.4945 308.0143 -0.265165 -0.707107 -0.655488 0.004074 0.678823 -0.733894 0.963901 -0.197283 -0.177119 2555.dat
0 !LEOCAD SYNTH BEGIN
0 !LEOCAD SYNTH CONTROL_POINT 0 120 0 1 0 0 0 1 0 0 0 1 12
0 !LEOCAD SYNTH CONTROL_POINT 0 0 0 1 0 0 0 1 0 0 0 1 12
1 1 204.3216 -735.8201 -123.1487 -0.707107 0.8358 -0.649831 0.678823 0.033165 -0.733764 -0.197283 -2.879908 -0.196937 76279.dat
0 !LEOCAD SYNTH END
1 1 293.5288 -517.5036 308.4876 -0.265165 0.655488 -0.707107 0.004074 0.733894 0.678823 0.963901 0.177119 -0.197283 4095.dat
1 1 282.0086 -603.1003 105.8893 -0.707107 -0.707107 0 -0.678823 0.678823 -0.279 0.197283 -0.197283 -0.96 4162.dat
1 8 297.565 -695.9792 -512.5901 0 -0.707107 -0.707107 0.279 0.678823 -0.678823 0.96 -0.197283 0.197283 6019.dat
1 8 297.565 -690.3993 -493.39 0 -0.707107 -0.707107 0.279 0.678823 -0.678823 0.96 -0.197283 0.197283 6019.dat
1 8 308.8787 -712.4205 -528.6335 0 -0.707107 -0.707107 0.279 0.678823 -0.678823 0.96 -0.197283 0.197283 6019.dat
1 8 308.8787 -706.8405 -509.4335 0 -0.707107 -0.707107 0.279 0.678823 -0.678823 0.96 -0.197283 0.197283 6019.dat
1 8 321.6066 -711.4363 -580.9738 0.707107 0 -0.707107 -0.678823 0.279 -0.678823 0.197283 0.96 0.197283 30374.dat
1 8 303.2218 -698.6199 -501.4118 0 -0.707107 -0.707107 0.279 0.678823 -0.678823 0.96 -0.197283 0.197283 3710.dat
1 8 310.2929 -670.7222 -481.4103 -0.382545 -0.825194 0.417193 0.887221 -0.202042 0.414501 -0.257849 0.528248 0.808183 30088.dat
1 8 295.854 -303.2085 39.5549 0.707 -0.707 0 -0.67872 -0.67872 -0.279 0.197253 0.197253 -0.96 30364.dat
1 8 295.854 -308.7885 20.3549 0.707 -0.707 0 -0.67872 -0.67872 -0.279 0.197253 0.197253 -0.96 30364.dat
1 8 295.854 -314.3685 1.1549 0.707 -0.707 0 -0.67872 -0.67872 -0.279 0.197253 0.197253 -0.96 30364.dat
1 8 295.854 -319.9485 -18.0451 0.707 -0.707 0 -0.67872 -0.67872 -0.279 0.197253 0.197253 -0.96 30364.dat
1 8 285.956 -334.655 17.4615 0 -0.707 0.707 0.279 -0.67872 -0.67872 0.96 0.197253 0.197253 3710.dat
1 8 271.816 -323.8706 3.9165 0 -0.707 -0.707 -0.279 -0.67872 0.67872 -0.96 0.197253 -0.197253 2420.dat
1 8 271.816 -318.2906 23.1165 -0.707 -0.707 0 0.67872 -0.67872 0.279 -0.197253 0.197253 0.96 2420.dat
1 8 274.644 -291.2169 4.8373 0 -0.707 0.707 0.279 -0.67872 -0.67872 0.96 0.197253 0.197253 3747.dat
1 0 244.95 -279.7511 -102.6033 -0.707 -0.707 0 0.67872 -0.67872 0.279 -0.197253 0.197253 0.96 4151.dat
1 0 244.95 -235.1111 50.9967 -0.707 -0.707 0 0.67872 -0.67872 0.279 -0.197253 0.197253 0.96 4151.dat
1 0 250.606 -252.0014 -27.3814 -0.707 -0.707 0 0.67872 -0.67872 0.279 -0.197253 0.197253 0.96 3795.dat
1 0 250.606 -207.3614 126.2186 -0.707 -0.707 0 0.67872 -0.67872 0.279 -0.197253 0.197253 0.96 3795.dat
1 0 250.606 -296.6414 -180.9814 -0.707 -0.707 0 0.67872 -0.67872 0.279 -0.197253 0.197253 0.96 3832.dat
1 0 307.166 -334.199 -107.6011 0 -0.707 -0.707 -0.279 -0.67872 0.67872 -0.96 0.197253 -0.197253 3020.dat
1 0 194.046 -192.1238 -23.9616 0 -0.707 -0.707 -0.279 -0.67872 0.67872 -0.96 0.197253 -0.197253 4282.dat
1 0 307.166 -278.399 84.3989 0 -0.707 -0.707 -0.279 -0.67872 0.67872 -0.96 0.197253 -0.197253 4282.dat
1 0 273.23 -357.1199 -267.5132 0 -0.707 -0.707 -0.279 -0.67872 0.67872 -0.96 0.197253 -0.197253 3030.dat
1 0 230.81 -296.8667 -212.1484 0 -0.707 -0.707 -0.279 -0.67872 0.67872 -0.96 0.197253 -0.197253 3021.dat
1 0 202.53 -269.7179 -220.0385 0 -0.707 -0.707 -0.279 -0.67872 0.67872 -0.96 0.197253 -0.197253 3021.dat
1 0 294.44 -237.9815 218.4044 0.707 -0.707 0 -0.67872 -0.67872 -0.279 0.197253 0.197253 -0.96 3021.dat
1 0 294.44 -251.9315 170.4044 0 -0.707 -0.707 -0.279 -0.67872 0.67872 -0.96 0.197253 -0.197253 3623.dat
1 0 308.58 -279.4559 126.3494 0 -0.707 -0.707 -0.279 -0.67872 0.67872 -0.96 0.197253 -0.197253 3460.dat
1 0 308.58 -324.0959 -27.2506 0 -0.707 -0.707 -0.279 -0.67872 0.67872 -0.96 0.197253 -0.197253 3460.dat
1 0 308.58 -368.7359 -180.8506 0 -0.707 -0.707 -0.279 -0.67872 0.67872 -0.96 0.197253 -0.197253 3460.dat
1 0 181.32 -174.0263 33.2439 0 -0.707 -0.707 -0.279 -0.67872 0.67872 -0.96 0.197253 -0.197253 3460.dat
1 0 181.32 -229.8263 -158.7561 0 -0.707 -0.707 -0.279 -0.67872 0.67872 -0.96 0.197253 -0.197253 3460.dat
1 0 181.32 -201.9263 -62.7561 0 -0.707 -0.707 -0.279 -0.67872 0.67872 -0.96 0.197253 -0.197253 3023.dat
1 0 230.81 -188.0567 162.2516 0 -0.707 0.707 0.279 -0.67872 -0.67872 0.96 0.197253 0.197253 3933.dat
1 0 236.466 -177.047 179.8736 0 -0.707 0.707 0.279 -0.67872 -0.67872 0.96 0.197253 0.197253 3933.dat
1 0 208.186 -283.8181 -288.8165 -0.707 -0.707 0 0.67872 -0.67872 0.279 -0.197253 0.197253 0.96 3933.dat
1 0 250.606 -363.6013 -411.3813 -0.707 -0.707 0 0.67872 -0.67872 0.279 -0.197253 0.197253 0.96 3933.dat
1 0 285.956 -216.1874 222.4813 -0.707 -0.707 0 0.67872 -0.67872 0.279 -0.197253 0.197253 0.96 3024.dat
1 0 186.976 -243.9266 -227.5341 -0.707 -0.707 0 0.67872 -0.67872 0.279 -0.197253 0.197253 0.96 3024.dat
1 0 278.886 -346.1102 -249.8912 -0.707 -0.707 0 0.67872 -0.67872 0.279 -0.197253 0.197253 0.96 3958.dat
1 0 307.166 -412.319 -376.4011 0 -0.707 -0.707 -0.279 -0.67872 0.67872 -0.96 0.197253 -0.197253 3034.dat
1 0 285.956 -391.9574 -382.3187 0 -0.707 -0.707 -0.279 -0.67872 0.67872 -0.96 0.197253 -0.197253 3460.dat
1 0 257.676 -345.2786 -323.0088 -0.707 -0.707 0 0.67872 -0.67872 0.279 -0.197253 0.197253 0.96 3623.dat
1 0 216.67 -313.9823 -321.6935 -0.707 -0.707 0 0.67872 -0.67872 0.279 -0.197253 0.197253 0.96 3933.dat
1 0 259.09 -393.7655 -444.2583 -0.707 -0.707 0 0.67872 -0.67872 0.279 -0.197253 0.197253 0.96 3933.dat
1 0 294.44 -427.7015 -434.3956 0 -0.707 0.707 0.279 -0.67872 -0.67872 0.96 0.197253 0.197253 3460.dat
1 0 308.58 -413.3759 -334.4506 0 -0.707 0.707 0.279 -0.67872 -0.67872 0.96 0.197253 0.197253 3460.dat
1 0 308.58 -458.0159 -488.0506 0 -0.707 0.707 0.279 -0.67872 -0.67872 0.96 0.197253 0.197253 3460.dat
1 0 293.026 -443.3846 -533.9462 -0.707 -0.707 0 0.67872 -0.67872 0.279 -0.197253 0.197253 0.96 3933.dat
1 1 192.632 -218.9668 -161.9122 0 -0.707 -0.707 -0.279 -0.67872 0.67872 -0.96 0.197253 -0.197253 4162.dat
1 1 192.632 -152.0068 68.4878 0 -0.707 -0.707 -0.279 -0.67872 0.67872 -0.96 0.197253 -0.197253 4162.dat
1 1 192.632 -185.4868 -46.7122 0 -0.707 -0.707 -0.279 -0.67872 0.67872 -0.96 0.197253 -0.197253 2431.dat
1 1 213.842 -200.2684 -21.5946 0 -0.707 -0.707 -0.279 -0.67872 0.67872 -0.96 0.197253 -0.197253 3022.dat
1 1 319.892 -257.4364 161.5934 0 -0.707 -0.707 -0.279 -0.67872 0.67872 -0.96 0.197253 -0.197253 3460.dat
1 1 319.892 -313.2364 -30.4066 0 -0.707 -0.707 -0.279 -0.67872 0.67872 -0.96 0.197253 -0.197253 3460.dat
1 1 319.892 -357.8764 -184.0066 0 -0.707 -0.707 -0.279 -0.67872 0.67872 -0.96 0.197253 -0.197253 3460.dat
1 1 319.892 -402.5164 -337.6066 0 -0.707 -0.707 -0.279 -0.67872 0.67872 -0.96 0.197253 -0.197253 3460.dat
1 1 319.892 -285.3364 65.5934 0 -0.707 -0.707 -0.279 -0.67872 0.67872 -0.96 0.197253 -0.197253 2412.dat
1 8 268.988 -242.349 -9.3649 0 -0.707 0.707 0.279 -0.67872 -0.67872 0.96 0.197253 0.197253 2413.dat
1 1 319.892 -475.0564 -587.2066 0 -0.707 -0.707 -0.279 -0.67872 0.67872 -0.96 0.197253 -0.197253 2412.dat
1 1 319.892 -447.1564 -491.2066 0 -0.707 -0.707 -0.279 -0.67872 0.67872 -0.96 0.197253 -0.197253 3460.dat
1 0 206.772 -243.7012 -196.3671 0 -0.707 -0.707 -0.279 -0.67872 0.67872 -0.96 0.197253 -0.197253 2431.dat
1 0 305.752 -338.722 -168.7517 0 -0.707 -0.707 -0.279 -0.67872 0.67872 -0.96 0.197253 -0.197253 2431.dat
1 0 206.772 -268.8112 -282.7671 0.649733 -0.707 0.278558 -0.513818 -0.67872 -0.523817 0.559516 0.197253 -0.804522 2555.dat
1 0 249.192 -348.5944 -405.3319 -0.649733 -0.707 -0.278558 0.513818 -0.67872 0.523817 -0.559516 0.197253 0.804522 2555.dat
1 0 291.612 -428.3776 -527.8967 -0.649733 -0.707 -0.278558 0.513818 -0.67872 0.523817 -0.559516 0.197253 0.804522 2555.dat
1 0 220.912 -154.0456 162.778 0.278558 -0.707 -0.649733 -0.523817 -0.67872 0.513818 -0.804522 0.197253 -0.559516 2555.dat
1 0 291.612 -210.7576 220.9033 0.265125 -0.707 -0.655389 -0.513153 -0.67872 0.524548 -0.81595 0.197253 -0.542854 2555.dat
0 !LEOCAD SYNTH BEGIN
0 !LEOCAD SYNTH CONTROL_POINT 0 120 0 1 0 0 0 1 0 0 0 1 12
0 !LEOCAD SYNTH CONTROL_POINT 0 0 0 1 0 0 0 1 0 0 0 1 12
1 1 304.3196 -440.2133 -553.4918 -0.707 -0.835674 -0.649733 -0.67872 1.57145 0.513818 0.197253 2.413567 -0.559516 76279.dat
0 !LEOCAD SYNTH END
1 1 293.2325 -204.5876 217.5464 0.265125 0.655389 -0.707 -0.513153 -0.524548 -0.67872 -0.81595 0.542854 0.197253 4095.dat
1 1 281.714 -240.9165 0.6296 0.707 -0.707 0 -0.67872 -0.67872 -0.279 0.197253 0.197253 -0.96 4162.dat
1 8 297.268 -493.9854 -571.2945 0 -0.707 -0.707 -0.279 -0.67872 0.67872 -0.96 0.197253 -0.197253 6019.dat
1 8 297.268 -488.4054 -552.0945 0 -0.707 -0.707 -0.279 -0.67872 0.67872 -0.96 0.197253 -0.197253 6019.dat
1 8 308.58 -488.7059 -593.6506 0 -0.707 -0.707 -0.279 -0.67872 0.67872 -0.96 0.197253 -0.197253 6019.dat
1 8 308.58 -483.1259 -574.4506 0 -0.707 -0.707 -0.279 -0.67872 0.67872 -0.96 0.197253 -0.197253 6019.dat
1 8 321.306 -517.5878 -637.311 -0.707 0 -0.707 -0.67872 0.279 0.67872 0.197253 0.96 -0.197253 30374.dat
1 8 302.924 -485.7657 -563.2725 0 -0.707 -0.707 -0.279 -0.67872 0.67872 -0.96 0.197253 -0.197253 3710.dat
1 8 309.994 -498.5943 -531.4349 0.382487 -0.825069 0.41713 0.887087 0.453651 0.08326 -0.25781 0.337687 0.90445 30088.dat
1 1 304 -431.614 128.927 0 -1 0 -0.279 0 0.96 -0.96 0 -0.279 3710.dat
1 1 304 -374.014 112.187 0 -1 0 -0.279 0 0.96 -0.96 0 -0.279 3710.dat
1 1 320 -374.014 112.187 0 -1 0 -0.279 0 0.96 -0.96 0 -0.279 3710.dat
1 1 320 -431.614 128.927 0 -1 0 -0.279 0 0.96 -0.96 0 -0.279 3710.dat
1 7 312 -408.394 101.357 0 -1 0 -0.96 0 -0.279 0.279 0 -0.96 3020.dat
1 8 312 -426.034 148.127 0 -1 0 0.279 0 -0.96 0.96 0 0.279 3475.dat
1 8 312 -368.434 131.387 0 -1 0 -0.279 0 0.96 -0.96 0 -0.279 3475.dat
1 8 320 -400.024 130.157 0 -1 0 -0.96 0 -0.279 0.279 0 -0.96 3747.dat
1 7 320 -470.674 -5.473 0 -1 0 -0.279 0 0.96 -0.96 0 -0.279 30236.dat
1 7 320 -413.074 -22.213 0 -1 0 0.279 0 -0.96 0.96 0 0.279 30236.dat
1 1 320 -450.244 -42.643 0 -1 0 0.96 0 0.279 -0.279 0 0.96 30414.dat
1 8 310 -476.026 -95.533 0 0 1 0.96 0.279 0 -0.279 0.96 0 3062.dat
1 8 310 -469.33 -72.493 0 0 1 0.96 0.279 0 -0.279 0.96 0 3062.dat
1 8 310 -450.13 -78.073 0 0 1 0.96 0.279 0 -0.279 0.96 0 3062.dat
1 8 310 -456.826 -101.113 0 0 1 0.96 0.279 0 -0.279 0.96 0 3062.dat
1 8 310 -482.722 -118.573 0 0 1 0.96 0.279 0 -0.279 0.96 0 4589.dat
1 8 310 -463.522 -124.153 0 0 1 0.96 0.279 0 -0.279 0.96 0 4589.dat
1 8 310 -489.646 -70.753 -1 0 0 0 0.279 0.96 0 0.96 -0.279 3837.dat
1 8 310 -432.046 -87.493 1 0 0 0 0.279 -0.96 0 0.96 0.279 3837.dat
1 0 328 -380.494 197.357 0 -1 0 0.96 0 0.279 -0.279 0 0.96 4151.dat
1 8 328 -405.604 110.957 0 -1 0 0.96 0 0.279 -0.279 0 0.96 3460.dat
1 0 328 -425.134 43.757 0 -1 0 0.96 0 0.279 -0.279 0 0.96 3036.dat
1 8 328 -453.034 -52.243 0 -1 0 0.96 0 0.279 -0.279 0 0.96 3035.dat
1 1 336 -436.534 255.287 0 -1 0 0.279 0 -0.96 0.96 0 0.279 2431.dat
1 1 336 -302.134 216.227 0 -1 0 0.279 0 -0.96 0.96 0 0.279 2431.dat
1 1 336 -369.094 -14.173 0 -1 0 0.279 0 -0.96 0.96 0 0.279 2431.dat
1 1 336 -503.494 24.887 0 -1 0 0.279 0 -0.96 0.96 0 0.279 2431.dat
1 1 336 -470.014 140.087 0 -1 0 0.279 0 -0.96 0.96 0 0.279 4162.dat
1 1 336 -335.614 101.027 0 -1 0 0.279 0 -0.96 0.96 0 0.279 4162.dat
1 7 336 -450.244 -42.643 0 -1 0 -0.96 0 -0.279 0.279 0 -0.96 2412.dat
1 1 336 -461.404 -81.043 0 -1 0 0.96 0 0.279 -0.279 0 0.96 2540.dat
1 8 336 -436.294 5.357 0 -1 0 0.96 0 0.279 -0.279 0 0.96 32059.dat
1 8 336 -408.394 101.357 0 -1 0 -0.96 0 -0.279 0.279 0 -0.96 32059.dat
1 0 336 -422.344 53.357 0 -1 0 -0.96 0 -0.279 0.279 0 -0.96 3666.dat
1 8 352 -429.814 -79.813 0 -1 0 -0.279 0 0.96 -0.96 0 -0.279 30010.dat
1 8 352 -410.614 -85.393 0 -1 0 -0.279 0 0.96 -0.96 0 -0.279 30010.dat
1 8 352 -391.414 -90.973 0 -1 0 -0.279 0 0.96 -0.96 0 -0.279 30010.dat
1 8 352 -487.414 -63.073 0 -1 0 0.279 0 -0.96 0.96 0 0.279 30010.dat
1 8 352 -506.614 -57.493 0 -1 0 0.279 0 -0.96 0.96 0 0.279 30010.dat
1 8 352 -525.814 -51.913 0 -1 0 0.279 0 -0.96 0.96 0 0.279 30010.dat
1 8 344 -458.614 -71.443 0 -1 0 0.96 0 0.279 -0.279 0 0.96 4859.dat
1 0 344 -425.134 43.757 0 -1 0 0.96 0 0.279 -0.279 0 0.96 3022.dat
1 0 352 -425.134 43.757 0 -1 0 0.96 0 0.279 -0.279 0 0.96 3022.dat
1 1 360 -425.134 43.757 0 -1 0 0.96 0 0.279 -0.279 0 0.96 4285.dat
1 8 -297 -441.874 -13.843 0 1 0 -0.96 0 0.279 0.279 0 0.96 32059.dat
1 8 -297 -408.394 101.357 0 1 0 0.96 0 -0.279 -0.279 0 -0.96 32059.dat
1 0 -321 -416.764 72.557 0 1 0 0.96 0 -0.279 -0.279 0 -0.96 3701.dat
1 0 -321 -433.504 14.957 0 1 0 0.96 0 -0.279 -0.279 0 -0.96 3701.dat
1 0 -311 -405.934 38.177 0 1 0 -0.279 0 -0.96 -0.96 0 0.279 3705.dat
1 0 -311 -444.334 49.337 0 1 0 -0.279 0 -0.96 -0.96 0 0.279 3705.dat
1 4 -311 -422.344 53.357 0 0 1 -0.279 0.96 0 -0.96 -0.279 0 32184.dat
1 4 -311 -427.924 34.157 0 0 1 -0.279 0.96 0 -0.96 -0.279 0 32184.dat
1 8 -297 -377.134 29.807 0 1 0 -0.279 0 -0.96 -0.96 0 0.279 3023.dat
1 8 -297 -473.134 57.707 0 1 0 -0.279 0 -0.96 -0.96 0 0.279 3023.dat
1 8 -297 -357.934 24.227 0 1 0 -0.279 0 -0.96 -0.96 0 0.279 3710.dat
1 8 -297 -492.334 63.287 0 1 0 -0.279 0 -0.96 -0.96 0 0.279 3710.dat
1 8 -321 -359.164 55.817 0 1 0 0.96 0 -0.279 -0.279 0 -0.96 30365.dat
1 8 -321 -364.744 36.617 0 1 0 0.96 0 -0.279 -0.279 0 -0.96 30365.dat
