0 Main
0 Name: 30055-1 - Vulture Droid - Mini.mpd
0 Author: LTRON
1 72 0 0 0 1 0 0 0 1 0 0 0 1 2419.dat
1 272 -40 -8 30 1 0 0 0 1 0 0 0 1 3068.dat
1 272 40 -8 30 1 0 0 0 1 0 0 0 1 3068.dat
1 71 -10 -8 20 0 0 -1 0 1 0 1 0 0 63864.dat
1 71 10 -8 20 0 0 -1 0 1 0 1 0 0 63864.dat
1 0 -40 0 40 -1 0 0 0 1 0 0 0 -1 63868.dat
1 0 40 0 40 1 0 0 0 1 0 0 0 1 63868.dat
1 71 -40 8 30 1 0 0 0 1 0 0 0 1 2654.dat
1 71 40 8 30 1 0 0 0 1 0 0 0 1 2654.dat
1 71 0 16 30 1 0 0 0 1 0 0 0 1 2654.dat
1 272 0 8 20 1 0 0 0 1 0 0 0 1 3023.dat
1 71 0 8 40 -1 0 0 0 1 0 0 0 -1 2540.dat
1 43 -10 0 40 -1 0 0 0 1 0 0 0 -1 6141.dat
1 43 10 0 40 -1 0 0 0 1 0 0 0 -1 6141.dat
1 0 0 -14.2449 91.6257 1 0 0 0 0.819152 0.573576 0 -0.573576 0.819152 30377.dat
1 72 0 -16.2449 61.6257 0 0 -1 0 0.999999 0 0.999999 0 0 60478.dat
1 72 0 -16.2449 71.6257 -1 0 0 0 0.999999 0 0 0 -0.999999 54200.dat
1 272 0 -32.2449 31.6257 1 0 0 0 0.999999 0 0 0 0.999999 50950.dat
1 0 66.7555 -17.8362 40 0 -0.965926 -0.258819 0 0.258819 -0.965926 1 0 0 48336.dat
1 272 74.4829 -19.9067 0 0 -0.965926 -0.258819 0 0.258819 -0.965926 1 0 0 3710.dat
1 72 82.2103 -21.9773 60 -0.258819 -0.965926 0 -0.965926 0.258819 0 0 0 -1 61678.dat
1 272 66.7555 -17.8362 -40 0 -0.965926 -0.258819 0 0.258819 -0.965926 1 0 0 3023.dat
1 72 82.2103 -21.9773 -60 0.258819 -0.965926 0 0.965926 0.258819 0 0 0 1 61678.dat
1 71 82.2103 -21.9773 0 0 -0.965926 0.258819 0 0.258819 0.965926 -1 0 0 2412.dat
1 0 66.7555 21.8361 40 0 -0.965926 -0.258819 0 -0.258819 0.965926 -1 0 0 60470.dat
1 272 74.4829 23.9067 0 0 -0.965926 -0.258819 0 -0.258819 0.965926 -1 0 0 3710.dat
1 72 82.2103 25.9773 60 0.258819 -0.965926 0 -0.965926 -0.258819 0 0 0 -1 61678.dat
1 272 66.7555 21.8361 -40 0 -0.965926 0.258819 0 -0.258819 -0.965926 1 0 0 3023.dat
1 72 82.2103 25.9773 -60 -0.258819 -0.965926 0 0.965926 -0.258819 0 0 0 1 61678.dat
1 71 82.2103 25.9773 0 0 -0.965926 -0.258819 0 -0.258819 0.965926 -1 0 0 2412.dat
1 0 -68.7555 21.8362 40 0 0.965926 0.258819 0 -0.258819 0.965926 1 0 0 48336.dat
1 272 -76.4829 23.9067 0 0 0.965926 0.258819 0 -0.258819 0.965926 1 0 0 3710.dat
1 72 -84.2103 25.9773 60 0.258819 0.965926 0 0.965926 -0.258819 0 0 0 -1 61678.dat
1 272 -68.7555 21.8362 -40 0 0.965926 0.258819 0 -0.258819 0.965926 1 0 0 3023.dat
1 72 -84.2103 25.9773 -60 -0.258819 0.965926 0 -0.965926 -0.258819 0 0 0 1 61678.dat
1 71 -84.2103 25.9773 0 0 0.965926 -0.258819 0 -0.258819 -0.965926 -1 0 0 2412.dat
1 0 -68.7555 -17.8361 40 0 0.965926 0.258819 0 0.258819 -0.965926 -1 0 0 60470.dat
1 272 -76.4829 -19.9067 0 0 0.965926 0.258819 0 0.258819 -0.965926 -1 0 0 3710.dat
1 72 -84.2103 -21.9773 60 -0.258819 0.965926 0 0.965926 0.258819 0 0 0 -1 61678.dat
1 272 -68.7555 -17.8361 -40 0 0.965926 -0.258819 0 0.258819 0.965926 1 0 0 3023.dat
1 72 -84.2103 -21.9773 -60 0.258819 0.965926 0 -0.965926 0.258819 0 0 0 1 61678.dat
1 71 -84.2103 -21.9773 0 0 0.965926 0.258819 0 0.258819 -0.965926 -1 0 0 2412.dat
