0 Main
0 Name: 42093-1 - Chevrolet Corvette ZR1.mpd
0 Author: LTRON
1 71 0 -55 160 1 0 0 0 1 0 0 0 1 64178.dat
1 0 50 -55 60 1 0 0 0 1 0 0 0 1 2780.dat
1 0 50 -55 80 1 0 0 0 1 0 0 0 1 2780.dat
1 0 -50 -55 60 1 0 0 0 1 0 0 0 1 2780.dat
1 0 -50 -55 80 1 0 0 0 1 0 0 0 1 2780.dat
1 14 0 -55 100 0 -1 0 0 0 1 -1 0 0 4519.dat
1 19 0 -55 120 0 1 0 1 0 0 0 0 -1 18575.dat
1 0 0 -55 80 0 1 0 1 0 0 0 0 -1 32270.dat
1 14 40 -55 160 -1 0 0 0 1 0 0 0 -1 4519.dat
1 14 -40 -55 160 -1 0 0 0 1 0 0 0 -1 4519.dat
1 72 0 -55 160 0 0 1 1 0 0 0 1 0 62821.dat
1 19 -17 -55 160 0 0 1 1 0 0 0 1 0 6589.dat
1 19 17 -55 160 0 0 -1 1 0 0 0 -1 0 6589.dat
1 19 0 -55 143 0 -1 0 1 0 0 0 0 1 6589.dat
1 25 -70 -55 160 0 0 1 0 -1 0 1 0 0 59443.dat
1 25 70 -55 160 0 0 1 0 -1 0 1 0 0 59443.dat
1 1 40 -55 140 0 1 0 -1 0 0 0 0 1 6558.dat
1 1 40 -55 180 0 1 0 -1 0 0 0 0 1 6558.dat
1 25 60 -35 140 0 -1 0 0 0 -1 1 0 0 6536.dat
1 25 60 -35 180 0 -1 0 0 0 -1 1 0 0 6536.dat
1 0 60 -35 170 0 -1 0 0 0 -1 1 0 0 3705.dat
1 1 -40 -55 180 0 -1 0 -1 0 0 0 0 -1 6558.dat
1 1 -40 -55 140 0 -1 0 -1 0 0 0 0 -1 6558.dat
1 25 -60 -35 180 0 1 0 0 0 -1 -1 0 0 6536.dat
1 25 -60 -35 140 0 1 0 0 0 -1 -1 0 0 6536.dat
1 0 -60 -35 170 0 1 0 0 0 -1 -1 0 0 3705.dat
1 0 80 -35 160 0 1 0 0 0 -1 -1 0 0 42003.dat
1 0 -80 -35 160 0 -1 0 0 0 -1 1 0 0 42003.dat
1 71 100 -55 160 0 1 0 -1 0 0 0 0 1 87082.dat
1 71 -100 -55 160 0 1 0 -1 0 0 0 0 1 87082.dat
1 0 110 -55 160 1 0 0 0 0 -1 0 1 0 3705.dat
1 0 -110 -55 160 1 0 0 0 0 -1 0 1 0 3705.dat
1 71 -120 -55 160 0 0 1 1 0 0 0 1 0 3713.dat
1 71 120 -55 160 0 0 -1 -1 0 0 0 1 0 3713.dat
1 25 60 -75 180 0 -1 0 0 0 1 -1 0 0 6536.dat
1 25 60 -75 140 0 -1 0 0 0 1 -1 0 0 6536.dat
1 71 60 -75 160 0 1 0 0 0 -1 -1 0 0 32073.dat
1 0 80 -75 160 0 1 0 0 0 -1 -1 0 0 42003.dat
1 0 60 -55 120 0 0 1 0 1 0 -1 0 0 42003.dat
1 4 60 -35 120 -1 0 0 0 1 0 0 0 -1 32054.dat
1 25 -60 -75 140 0 1 0 0 0 1 1 0 0 6536.dat
1 25 -60 -75 180 0 1 0 0 0 1 1 0 0 6536.dat
1 71 -60 -75 160 0 -1 0 0 0 -1 1 0 0 32073.dat
1 0 -80 -75 160 0 -1 0 0 0 -1 1 0 0 42003.dat
1 0 -60 -55 120 0 0 -1 0 1 0 1 0 0 42003.dat
1 4 -60 -35 120 1 0 0 0 1 0 0 0 1 32054.dat
1 0 60 -35 195 -1 0 0 0 0 -1 0 -1 0 6632.dat
1 0 -60 -35 195 -1 0 0 0 0 -1 0 -1 0 6632.dat
1 0 -40 -65 100 0 1 0 -1 0 0 0 0 1 2780.dat
1 0 40 -65 100 0 1 0 -1 0 0 0 0 1 2780.dat
1 71 -40 -75 100 1 0 0 0 -1 0 0 0 -1 22961.dat
1 71 40 -75 100 -1 0 0 0 1 0 0 0 -1 22961.dat
1 4 0 -75 100 0 0 -1 0 -1 0 -1 0 0 32034.dat
1 0 -60 -55 100 0 -1 0 -1 0 0 0 0 -1 60484.dat
1 0 60 -55 100 0 -1 0 -1 0 0 0 0 -1 60484.dat
1 1 -60 -35 60 1 0 0 0 1 0 0 0 1 6558.dat
1 1 60 -35 60 -1 0 0 0 -1 0 0 0 1 6558.dat
1 0 -42 -35 -20 0 1 0 -1 0 0 0 0 1 32278.dat
1 0 -32 -35 40 1 0 0 0 1 0 0 0 1 2780.dat
1 0 -32 -35 20 1 0 0 0 1 0 0 0 1 2780.dat
1 1 -42 -35 -160 1 0 0 0 1 0 0 0 1 6558.dat
1 1 -42 -35 -100 1 0 0 0 1 0 0 0 1 6558.dat
1 0 -22 -95 40 0 -1 0 0 0 1 -1 0 0 32140.dat
1 0 -2 -55 40 1 0 0 0 0 1 0 -1 0 18651.dat
1 25 -2 -55 40 -1 0 0 0 1 0 0 0 -1 6536.dat
1 71 -2 -75 40 -1 0 0 0 0 1 0 1 0 87082.dat
1 1 -32 -35 100 1 0 0 0 0 -1 0 1 0 43093.dat
1 4 -2 -35 100 0 0 -1 0 -1 0 -1 0 0 32034.dat
1 1 28 -35 100 -1 0 0 0 -1 0 0 0 1 43093.dat
1 70 -2 -35 60 0 1 0 0 0 1 1 0 0 15462.dat
1 71 -2 -35 80 1 0 0 0 1 0 0 0 1 3713.dat
1 0 -2 -35 60 1 0 0 0 1 0 0 0 1 32270.dat
1 25 -2 -35 10 1 0 0 0 1 0 0 0 1 59443.dat
1 71 -2 -75 60 0 0 1 0 1 0 -1 0 0 32073.dat
1 25 -2 -75 10 1 0 0 0 1 0 0 0 1 59443.dat
1 72 -2 -75 80 1 0 0 0 1 0 0 0 1 10928.dat
1 14 -2 -95 40 1 0 0 0 1 0 0 0 1 4519.dat
1 71 -2 -115 40 1 0 0 0 1 0 0 0 1 32184.dat
1 14 -2 -135 40 1 0 0 0 1 0 0 0 1 4519.dat
1 70 -2 -115 60 0 0 1 0 1 0 -1 0 0 24316.dat
1 0 -2 -115 60 1 0 0 0 1 0 0 0 1 32270.dat
1 0 18 -95 40 0 -1 0 0 0 1 -1 0 0 32140.dat
1 0 28 -35 40 -1 0 0 0 0 1 0 1 0 2780.dat
1 0 28 -35 20 -1 0 0 0 0 1 0 1 0 2780.dat
1 0 38 -35 -20 0 1 0 -1 0 0 0 0 1 32278.dat
1 1 38 -35 -100 -1 0 0 0 -1 0 0 0 1 6558.dat
1 1 38 -35 -160 -1 0 0 0 -1 0 0 0 1 6558.dat
1 4 -42 -135 40 -1 0 0 0 -1 0 0 0 1 32054.dat
1 4 38 -135 40 1 0 0 0 -1 0 0 0 -1 32054.dat
1 25 -2 -115 90 1 0 0 0 1 0 0 0 1 59443.dat
1 14 -2 -115 160 0 0 1 0 1 0 -1 0 0 44294.dat
1 0 -22 -55 260 0 1 0 0 0 -1 -1 0 0 32526.dat
1 71 -2 -95 260 0 0 -1 0 -1 0 -1 0 0 48989.dat
1 72 -2 -115 287 0 0 1 0 -1 0 1 0 0 59426.dat
1 25 -2 -115 230 1 0 0 0 -1 0 0 0 -1 59443.dat
1 71 -2 -115 280 1 0 0 0 -1 0 0 0 -1 3713.dat
1 71 -2 -115 300 1 0 0 0 -1 0 0 0 -1 3713.dat
1 4 -22 -135 220 -1 0 0 0 1 0 0 0 -1 32054.dat
1 4 -22 -135 240 1 0 0 0 -1 0 0 0 -1 11214.dat
1 4 18 -135 220 -1 0 0 0 1 0 0 0 -1 11214.dat
1 0 -2 -135 240 0 -1 0 0 0 -1 1 0 0 74695.dat
1 0 18 -55 260 0 1 0 0 0 -1 -1 0 0 32526.dat
1 0 28 -135 240 -1 0 0 0 0 -1 0 -1 0 2780.dat
1 71 -2 -55 260 1 0 0 0 1 0 0 0 1 32073.dat
1 71 -2 -55 260 0 0 -1 -1 0 0 0 1 0 3713.dat
1 71 38 -135 140 0 1 0 -1 0 0 0 0 1 32525.dat
1 71 -42 -135 140 0 1 0 -1 0 0 0 0 1 32525.dat
1 0 48 -135 80 1 0 0 0 1 0 0 0 1 2780.dat
1 0 -52 -135 80 1 0 0 0 1 0 0 0 1 2780.dat
1 4 38 -135 180 -1 0 0 0 1 0 0 0 -1 32054.dat
1 4 -42 -135 180 1 0 0 0 -1 0 0 0 -1 32054.dat
1 1 48 -135 60 1 0 0 0 -1 0 0 0 -1 4274.dat
1 1 -52 -135 60 -1 0 0 0 1 0 0 0 -1 4274.dat
1 72 -2 -75 -170 0 0 1 0 1 0 -1 0 0 55013.dat
1 71 -2 -55 -240 0 0 1 0 1 0 -1 0 0 48989.dat
1 71 -2 -75 -220 0 0 -1 -1 0 0 0 1 0 18654.dat
1 14 -2 -75 -205 0 1 0 -1 0 0 0 0 1 32123.dat
1 4 -2 -95 -195 1 0 0 0 0 1 0 -1 0 41677.dat
1 25 -2 -75 -180 0 0 -1 1 0 0 0 -1 0 74695.dat
1 25 -2 -75 -160 1 0 0 0 0 1 0 -1 0 74695.dat
1 4 18 -75 -145 0 0 -1 1 0 0 0 -1 0 41677.dat
1 14 -2 -75 -135 0 1 0 -1 0 0 0 0 1 32123.dat
1 71 -2 -55 -120 0 0 1 0 1 0 -1 0 0 48989.dat
1 25 -2 -75 -90 -1 0 0 0 1 0 0 0 -1 59443.dat
1 25 -22 -35 -180 0 -1 0 -1 0 0 0 0 -1 40490.dat
1 0 -32 -35 -260 1 0 0 0 -1 0 0 0 -1 2780.dat
1 0 -32 -35 -220 1 0 0 0 -1 0 0 0 -1 2780.dat
1 71 -2 -35 -180 0 0 -1 0 -1 0 -1 0 0 60485.dat
1 25 -2 -35 -90 -1 0 0 0 1 0 0 0 -1 59443.dat
1 25 -2 -35 -270 -1 0 0 0 1 0 0 0 -1 59443.dat
1 14 -2 -35 -300 0 1 0 0 0 -1 -1 0 0 4519.dat
1 0 28 -35 -220 -1 0 0 0 1 0 0 0 -1 2780.dat
1 25 18 -35 -180 0 1 0 1 0 0 0 0 -1 40490.dat
1 0 28 -35 -260 -1 0 0 0 1 0 0 0 -1 2780.dat
1 71 -2 -35 -40 0 -1 0 0 0 -1 1 0 0 32073.dat
1 71 -2 -75 -40 0 -1 0 0 0 -1 1 0 0 32073.dat
1 1 -2 -55 -240 -1 0 0 0 1 0 0 0 -1 6558.dat
1 1 -2 -55 -120 -1 0 0 0 1 0 0 0 -1 6558.dat
1 71 -22 -75 -240 1 0 0 0 -1 0 0 0 -1 32557.dat
1 71 18 -75 -240 1 0 0 0 -1 0 0 0 -1 32557.dat
1 71 -22 -75 -120 1 0 0 0 -1 0 0 0 -1 32557.dat
1 71 18 -75 -120 1 0 0 0 -1 0 0 0 -1 32557.dat
1 1 -12 -95 -240 0 -0.423 -0.906 0 -0.906 0.423 -1 0 0 6558.dat
1 1 8 -95 -240 0 0.423 -0.906 0 -0.906 -0.423 -1 0 0 6558.dat
1 1 -12 -95 -100 0 0 1 0 -1 0 1 0 0 6558.dat
1 1 8 -95 -100 0 0 1 0 -1 0 1 0 0 6558.dat
1 71 -20.452 -113.126 -220 0 0.906 -0.423 0 -0.423 -0.906 -1 0 0 44809.dat
1 0 -11.389 -117.352 -220 -0.906 0 -0.423 0.423 0 -0.906 0 -1 0 2780.dat
1 71 -2.326 -121.579 -220 0 -0.906 -0.423 0 0.423 -0.906 1 0 0 18654.dat
1 71 -20.444 -113.12 -100 0 0.906 -0.423 0 -0.423 -0.906 -1 0 0 44809.dat
1 0 -11.381 -117.346 -100 -0.906 0 -0.423 0.423 0 -0.906 0 -1 0 2780.dat
1 71 -2.318 -121.573 -100 0 -0.906 -0.423 0 0.423 -0.906 1 0 0 18654.dat
1 71 16.452 -113.126 -220 0 0.906 0.423 0 0.423 -0.906 -1 0 0 44809.dat
1 4 -2 -95 -260 0 0 1 -1 0 0 0 -1 0 43857.dat
1 71 16.46 -113.12 -100 0 0.906 0.423 0 0.423 -0.906 -1 0 0 44809.dat
1 25 58 -35 -240 1 0 0 0 1 0 0 0 1 32013.dat
1 4 58 -35 -280 0 0 -1 0 1 0 1 0 0 11214.dat
1 0 58 -35 -280 -1 0 0 0 0 1 0 1 0 15100.dat
1 0 48 -35 -240 -1 0 0 0 0 1 0 1 0 2780.dat
1 0 38 -35 -280 0 1 0 -1 0 0 0 0 1 32526.dat
1 0 48 -55 -200 -1 0 0 0 0 1 0 1 0 2780.dat
1 0 58 -75 -200 0 1 0 0 0 1 1 0 0 32316.dat
1 4 58 -35 -200 1 0 0 0 1 0 0 0 1 11214.dat
1 71 78 -35 -200 1 0 0 0 0 1 0 -1 0 63869.dat
1 25 -62 -35 -240 1 0 0 0 1 0 0 0 1 32013.dat
1 4 -62 -35 -280 0 0 -1 0 1 0 1 0 0 11214.dat
1 0 -62 -35 -280 1 0 0 0 0 -1 0 1 0 15100.dat
1 0 -52 -35 -240 -1 0 0 0 0 1 0 1 0 2780.dat
1 0 -42 -35 -280 0 1 0 -1 0 0 0 0 1 32526.dat
1 0 -52 -55 -200 -1 0 0 0 0 1 0 1 0 2780.dat
1 0 -62 -75 -200 0 -1 0 0 0 1 -1 0 0 32316.dat
1 4 -62 -35 -200 -1 0 0 0 1 0 0 0 -1 11214.dat
1 71 -82 -35 -200 1 0 0 0 0 1 0 -1 0 63869.dat
1 1 58 -55 -220 0 -1 0 1 0 0 0 0 1 6558.dat
1 1 78 -55 -220 0 -1 0 1 0 0 0 0 1 6558.dat
1 25 -2 -55 -220 0 0 -1 0 -1 0 -1 0 0 40490.dat
1 1 -62 -55 -220 0 -1 0 1 0 0 0 0 1 6558.dat
1 1 -82 -55 -220 0 -1 0 1 0 0 0 0 1 6558.dat
1 71 98 -55 -240 1 0 0 0 0 -1 0 1 0 48989.dat
1 71 -102 -55 -240 1 0 0 0 0 -1 0 1 0 48989.dat
1 70 118 -55 -220 -1 0 0 0 0 -1 0 -1 0 24316.dat
1 71 118 -55 -220 0 0 -1 1 0 0 0 -1 0 3713.dat
1 71 -122 -55 -220 0 0 1 1 0 0 0 1 0 3713.dat
1 70 -122 -55 -220 1 0 0 0 0 -1 0 1 0 24316.dat
1 0 78 -75 -260 0 1 0 0 0 1 1 0 0 42003.dat
1 0 -82 -75 -260 0 -1 0 0 0 1 -1 0 0 42003.dat
1 1 -62 -75 -270 0 -1 0 0 0 -1 1 0 0 43093.dat
1 1 58 -75 -270 0 -1 0 0 0 -1 1 0 0 43093.dat
1 72 -2 -75 -280 0 0 -1 1 0 0 0 -1 0 32524.dat
1 1 -22 -75 -290 0 -1 0 0 0 1 -1 0 0 4274.dat
1 1 18 -75 -290 0 -1 0 0 0 1 -1 0 0 4274.dat
1 0 -2 -35 -300 0 0 -1 0 -1 0 -1 0 0 6553.dat
1 14 -2 -60 -300 0 -1 0 0 0 -1 1 0 0 32123.dat
1 71 -2 -75 -298 0 0 1 0 -1 0 1 0 0 22961.dat
1 71 78 -75 -200 1 0 0 0 0 1 0 -1 0 63869.dat
1 70 70 -75 -200 1 0 0 0 0 1 0 -1 0 24316.dat
1 14 93 -75 -200 0 0 -1 -1 0 0 0 1 0 32123.dat
1 71 -82 -75 -200 -1 0 0 0 0 -1 0 -1 0 63869.dat
1 70 -74 -75 -200 -1 0 0 0 0 -1 0 -1 0 24316.dat
1 14 -97 -75 -200 0 0 1 1 0 0 0 1 0 32123.dat
1 0 58 -115 -100 0 1 0 0 0 1 1 0 0 32526.dat
1 0 68 -115 -100 1 0 0 0 1 0 0 0 1 2780.dat
1 0 68 -95 -100 1 0 0 0 1 0 0 0 1 2780.dat
1 4 58 -35 -60 1 0 0 0 1 0 0 0 1 11214.dat
1 0 78 -35 -80 1 0 0 0 1 0 0 0 1 18651.dat
1 0 78 -35 -80 0 1 0 -1 0 0 0 0 1 32140.dat
1 0 68 -55 -20 1 0 0 0 1 0 0 0 1 2780.dat
1 72 58 -135 40 -1 0 0 0 0 -1 0 -1 0 24116.dat
1 0 -62 -115 -100 0 1 0 0 0 1 1 0 0 32526.dat
1 0 -72 -115 -100 1 0 0 0 1 0 0 0 1 2780.dat
1 0 -72 -95 -100 1 0 0 0 1 0 0 0 1 2780.dat
1 4 -62 -35 -60 -1 0 0 0 1 0 0 0 -1 11214.dat
1 0 -82 -35 -80 -1 0 0 0 1 0 0 0 -1 18651.dat
1 0 -82 -35 -80 0 1 0 -1 0 0 0 0 1 32140.dat
1 0 -72 -55 -20 1 0 0 0 1 0 0 0 1 2780.dat
1 72 -62 -135 40 -1 0 0 0 0 -1 0 -1 0 24116.dat
1 0 68 -115 -200 1 0 0 0 1 0 0 0 1 2780.dat
1 0 68 -95 -200 1 0 0 0 1 0 0 0 1 2780.dat
1 0 -72 -115 -200 1 0 0 0 1 0 0 0 1 2780.dat
1 0 -72 -95 -200 1 0 0 0 1 0 0 0 1 2780.dat
1 0 -2 -35 -320 0 0 1 1 0 0 0 1 0 32278.dat
1 0 -142 -35 -310 0 0 1 0 -1 0 1 0 0 2780.dat
1 0 -82 -35 -310 0 0 1 0 -1 0 1 0 0 2780.dat
1 0 78 -35 -310 0 0 1 0 -1 0 1 0 0 2780.dat
1 0 138 -35 -310 0 0 1 0 -1 0 1 0 0 2780.dat
1 25 58 -35 -300 0 0 1 -1 0 0 0 -1 0 32526.dat
1 25 -62 -35 -300 0 0 -1 -1 0 0 0 1 0 32526.dat
1 0 -122 -35 -330 0 0 1 0 -1 0 1 0 0 2780.dat
1 0 -102 -35 -330 0 0 1 0 -1 0 1 0 0 2780.dat
1 0 98 -35 -330 0 0 1 0 -1 0 1 0 0 2780.dat
1 0 118 -35 -330 0 0 1 0 -1 0 1 0 0 2780.dat
1 0 58 -35 -340 0 0 1 1 0 0 0 1 0 11946.dat
1 0 -62 -35 -340 0 0 -1 -1 0 0 0 1 0 11947.dat
1 25 78 -135 -180 0 -1 0 1 0 0 0 0 1 32526.dat
1 1 78 -135 -120 1 0 0 0 -1 0 0 0 -1 6558.dat
1 1 78 -135 -200 1 0 0 0 -1 0 0 0 -1 6558.dat
1 25 78 -135 -280 0 -1 0 1 0 0 0 0 1 32526.dat
1 1 78 -135 -220 -1 0 0 0 1 0 0 0 -1 6558.dat
1 25 58 -135 -160 0 -1 0 -1 0 0 0 0 -1 32316.dat
1 71 -22 -135 -260 0 1 0 0.8 0 0.6 0.6 0 -0.8 2825.dat
1 71 -2 -135 -260 1 0 0 0 0.8 -0.6 0 0.6 0.8 32073.dat
1 0 -62 -135 -260 -1 0 0 0 -0.8 -0.6 0 -0.6 0.8 32054.dat
1 0 -2 -99 -308 -1 0 0 0 -0.8 -0.6 0 -0.6 0.8 3705.dat
1 25 -52 -99 -308 0 0 -1 -0.8 -0.6 0 -0.6 0.8 0 32013.dat
1 0 -7 -105 -300 0 1 0 -0.8 0 -0.6 -0.6 0 0.8 32063.dat
1 0 3 -105 -300 0 1 0 -0.8 0 -0.6 -0.6 0 0.8 32063.dat
1 71 18 -135 -260 0 -1 0 -0.8 0 0.6 -0.6 0 -0.8 2825.dat
1 19 -2 -87 -324 -1 0 0 0 -0.6 0.8 0 0.8 0.6 32556.dat
1 25 48 -99 -308 0 0 1 0.8 -0.6 0 0.6 0.8 0 32013.dat
1 0 58 -135 -260 1 0 0 0 -0.8 0.6 0 -0.6 -0.8 32054.dat
1 71 -2 -75 -340 1 0 0 0 0 1 0 -1 0 32073.dat
1 0 -22 -55 -340 1 0 0 0 1 0 0 0 1 42003.dat
1 0 -22 -35 -340 0 -1 0 0 0 -1 1 0 0 32054.dat
1 0 18 -35 -340 0 -1 0 0 0 -1 1 0 0 32054.dat
1 0 18 -55 -340 1 0 0 0 1 0 0 0 1 42003.dat
1 0 -52 -107 -314 0 -1 0 0.8 0 -0.6 0.6 0 0.8 2780.dat
1 0 48 -107 -314 0 -1 0 0.8 0 -0.6 0.6 0 0.8 2780.dat
1 25 58 -135 -260 -1 0 0 0 -0.924 -0.383 0 -0.383 0.924 32016.dat
1 71 58 -135 -220 0 1 0 0 0 -1 -1 0 0 22961.dat
1 4 58 -123.5194 -287.7158 0 1 0 0.383 0 -0.924 -0.924 0 -0.383 32062.dat
1 25 58 -119.6922 -296.9554 0 0 -1 0.924 0.383 0 0.383 -0.924 0 74695.dat
1 0 -108.194 -75 -320.866 0.924 0 0.383 0 1 0 -0.383 0 0.924 41678.dat
1 14 -98.954 -75 -324.696 0.924 0 0.383 0 1 0 -0.383 0 0.924 4519.dat
1 71 -108.194 -75 -320.866 0.924 0 0.383 0 1 0 -0.383 0 0.924 32291.dat
1 0 -102.784 -55 -333.936 0.383 0.924 0 0 0 1 0.924 -0.383 0 2780.dat
1 0 -121.264 -55 -326.276 0.383 0.924 0 0 0 1 0.924 -0.383 0 2780.dat
1 71 -125.094 -85 -335.516 0 0.924 -0.383 1 0 0 0 -0.383 -0.924 3673.dat
1 25 -61.994 -75 -340.016 0 -0.383 0.924 -1 0 0 0 -0.924 -0.383 32016.dat
1 25 -69.654 -55 -358.496 0 0.383 -0.924 -1 0 0 0 0.924 0.383 11947.dat
1 0 104.194 -75 -320.866 0.924 0 -0.383 0 1 0 0.383 0 0.924 41678.dat
1 14 94.954 -75 -324.696 0.924 0 -0.383 0 1 0 0.383 0 0.924 4519.dat
1 71 104.194 -75 -320.866 0.924 0 -0.383 0 1 0 0.383 0 0.924 32291.dat
1 0 98.784 -55 -333.936 0.383 -0.924 0 0 0 1 -0.924 -0.383 0 2780.dat
1 0 117.264 -55 -326.276 0.383 -0.924 0 0 0 1 -0.924 -0.383 0 2780.dat
1 71 121.094 -85 -335.516 0 -0.924 0.383 -1 0 0 0 -0.383 -0.924 3673.dat
1 25 57.994 -75 -340.016 0 0.383 -0.924 1 0 0 0 -0.924 -0.383 32016.dat
1 25 65.654 -55 -358.496 0 -0.383 0.924 1 0 0 0 0.924 0.383 11946.dat
1 0 -22 -55 -350 0 0 1 0 1 0 -1 0 0 2780.dat
1 0 18 -55 -350 0 0 1 0 1 0 -1 0 0 2780.dat
1 25 -2 -55 -360 0 0 1 1 0 0 0 1 0 32316.dat
1 0 -2 -115 -80 -1 0 0 0 0 -1 0 -1 0 41678.dat
1 4 -2 -115 -80 -1 0 0 0 0 -1 0 -1 0 32062.dat
1 0 -2 -115 -80 -1 0 0 0 -1 0 0 0 1 63869.dat
1 0 -22 -135 -90 0 0 1 0 -1 0 1 0 0 2780.dat
1 1 -2 -135 -70 0 0 1 0 -1 0 1 0 0 43093.dat
1 1 18 -135 -80 0 0 1 0 -1 0 1 0 0 6558.dat
1 0 -2 -135 -60 0 0 1 1 0 0 0 1 0 32140.dat
1 0 -22 -135 -100 0 1 0 0 0 1 1 0 0 10197.dat
1 0 18 -135 -100 0 0 -1 0 1 0 1 0 0 10197.dat
1 25 -52 -135 -100 0 0 -1 0 1 0 1 0 0 59443.dat
1 25 48 -135 -100 0 0 -1 0 1 0 1 0 0 59443.dat
1 1 58 -115 -50 0 0 -1 0 1 0 1 0 0 43093.dat
1 0 58 -115 -26 0 0 -1 1 0 0 0 -1 0 2819.dat
1 25 -22 -155 -100 0 0 -1 1 0 0 0 -1 0 6536.dat
1 25 18 -155 -100 0 0 -1 1 0 0 0 -1 0 6536.dat
1 1 -2 -155 -120 1 0 0 0 -0.983 0.183 0 -0.183 -0.983 6558.dat
1 25 -2 -133.036 -237.973 -1 0 0 0 0.983 0.183 0 0.183 -0.983 18944.dat
1 25 18 -99.036 -339.973 0 1 0 -0.799 0 0.602 0.602 0 0.799 32523.dat
1 19 -2 -111.072 -355.946 1 0 0 0 1 0.002 0 -0.002 1 32556.dat
1 25 -22 -99.036 -339.973 0 1 0 -0.799 0 0.602 0.602 0 0.799 32523.dat
1 71 -62 -135 -220 0 -1 0 0 0 1 -1 0 0 22961.dat
1 25 -62 -135 -260 -1 0 0 0 -0.924 -0.383 0 -0.383 0.924 32016.dat
1 25 -62 -119.692 -296.955 0 0 1 -0.924 0.383 0 -0.383 -0.924 0 74695.dat
1 4 -62 -123.519 -287.716 0 -1 0 -0.383 0 -0.924 0.924 0 -0.383 32062.dat
1 25 -82 -135 -280 0 -1 0 1 0 0 0 0 1 32526.dat
1 1 -82 -135 -220 1 0 0 0 -1 0 0 0 -1 6558.dat
1 1 -82 -135 -200 1 0 0 0 -1 0 0 0 -1 6558.dat
1 25 -82 -135 -180 0 -1 0 1 0 0 0 0 1 32526.dat
1 1 -82 -135 -120 1 0 0 0 -1 0 0 0 -1 6558.dat
1 25 -62 -135 -160 0 -1 0 -1 0 0 0 0 -1 32316.dat
1 25 -102 -135 -200 0 -1 0 1 0 0 0 0 1 40490.dat
1 25 98 -135 -200 0 -1 0 1 0 0 0 0 1 40490.dat
1 1 -102 -135 -160 1 0 0 0 -1 0 0 0 -1 6558.dat
1 1 -102 -135 -280 1 0 0 0 -1 0 0 0 -1 6558.dat
1 1 98 -135 -160 -1 0 0 0 1 0 0 0 -1 6558.dat
1 1 98 -135 -280 -1 0 0 0 1 0 0 0 -1 6558.dat
1 72 -28.904 -131.241 -180 -0.906 0.423 0 0.423 0.906 0 0 0 -1 32524.dat
1 0 -24.674 -122.18 -120 -0.423 0.906 0 -0.906 -0.423 0 0 0 1 2780.dat
1 0 -24.674 -122.18 -240 -0.423 0.906 0 -0.906 -0.423 0 0 0 1 2780.dat
1 70 -24.674 -122.18 -140 0.423 -0.906 0 0.906 0.423 0 0 0 1 24316.dat
1 14 -35.25 -144.833 -140 0 0.906 0.423 0 -0.423 0.906 1 0 0 32123.dat
1 14 -35.25 -144.833 -160 0 0.906 0.423 0 -0.423 0.906 1 0 0 32123.dat
1 70 -24.674 -122.18 -160 0.423 -0.906 0 0.906 0.423 0 0 0 1 24316.dat
1 14 -35.25 -144.833 -180 0 0.906 0.423 0 -0.423 0.906 1 0 0 32123.dat
1 70 -24.674 -122.18 -180 0.423 -0.906 0 0.906 0.423 0 0 0 1 24316.dat
1 14 -37.365 -149.363 -200 0 0.906 0.423 0 -0.423 0.906 1 0 0 32123.dat
1 70 -26.789 -126.711 -200 0.423 -0.906 0 0.906 0.423 0 0 0 1 24316.dat
1 72 24.912 -131.247 -180 -0.906 -0.423 0 -0.423 0.906 0 0 0 -1 32524.dat
1 0 20.682 -122.186 -120 0.423 0.906 0 -0.906 0.423 0 0 0 1 2780.dat
1 0 20.682 -122.186 -240 0.423 0.906 0 -0.906 0.423 0 0 0 1 2780.dat
1 70 20.682 -122.186 -140 -0.423 -0.906 0 0.906 -0.423 0 0 0 1 24316.dat
1 14 31.258 -144.839 -140 0 0.906 -0.423 0 0.423 0.906 1 0 0 32123.dat
1 14 31.258 -144.839 -160 0 0.906 -0.423 0 0.423 0.906 1 0 0 32123.dat
1 70 20.682 -122.186 -160 -0.423 -0.906 0 0.906 -0.423 0 0 0 1 24316.dat
1 14 31.258 -144.839 -180 0 0.906 -0.423 0 0.423 0.906 1 0 0 32123.dat
1 70 20.682 -122.186 -180 -0.423 -0.906 0 0.906 -0.423 0 0 0 1 24316.dat
1 14 33.373 -149.369 -200 0 0.906 -0.423 0 0.423 0.906 1 0 0 32123.dat
1 70 22.797 -126.717 -200 -0.423 -0.906 0 0.906 -0.423 0 0 0 1 24316.dat
1 0 -2 -115 -320 -1 0 0 0 0.8 0.6 0 0.6 -0.8 3705.dat
1 25 -52 -115 -320 0 0 -1 -0.8 -0.6 0 -0.6 0.8 0 32016.dat
1 25 48 -115 -320 0 0 1 0.8 -0.6 0 0.6 0.8 0 32016.dat
1 4 -79.716 -108.1114 -329.1848 -0.924 0 -0.383 0.2298 -0.8 -0.5544 -0.3064 -0.6 0.7392 32062.dat
1 4 75.716 -108.1114 -329.1848 -0.924 0 0.383 -0.2298 -0.8 -0.5544 0.3064 -0.6 0.7392 32062.dat
1 25 -84.336 -106.9636 -330.7152 0 -0.924 -0.383 0.8 0.2298 -0.5544 0.6 -0.3064 0.7392 6632.dat
1 25 80.336 -106.9636 -330.7152 0 -0.924 0.383 0.8 -0.2298 -0.5544 0.6 0.3064 0.7392 6632.dat
1 0 89.575 -104.6674 -333.7768 0 -0.924 0.383 0.8 -0.2298 -0.5544 0.6 0.3064 0.7392 6632.dat
1 0 -93.575 -104.6674 -333.7768 0 -0.924 -0.383 0.8 0.2298 -0.5544 0.6 -0.3064 0.7392 6632.dat
1 4 109.501 -125.6926 -305.7432 0.924 0.383 0 0.2298 -0.5544 -0.8 -0.3064 0.7392 -0.6 32062.dat
1 4 -113.501 -125.6926 -305.7432 0.924 -0.383 0 -0.2298 -0.5544 -0.8 0.3064 0.7392 -0.6 32062.dat
1 47 118.74 -123.3964 -308.8048 0 -0.924 0.383 0.8 -0.2298 -0.5544 0.6 0.3064 0.7392 41669.dat
1 47 -122.74 -123.3964 -308.8048 0 0.924 -0.383 -0.8 -0.2298 -0.5544 -0.6 0.3064 0.7392 41669.dat
1 25 -125.094 -95 -335.516 0 0.5 -0.866 -1 0 0 0 0.866 0.5 32013.dat
1 25 121.094 -95 -335.516 0 0.5 0.866 -1 0 0 0 -0.866 0.5 32013.dat
1 25 -102 -35 -40 0 1 0 1 0 0 0 0 -1 11954.dat
1 0 -102 -45 -60 0 1 0 1 0 0 0 0 -1 2780.dat
1 0 -142 -65 -120 0 1 0 1 0 0 0 0 -1 2780.dat
1 0 -142 -65 -100 0 1 0 1 0 0 0 0 -1 2780.dat
1 0 -142 -55 70 0 -1 0 0 0 -1 1 0 0 2780.dat
1 0 -102 -35 70 0 -1 0 0 0 -1 1 0 0 2780.dat
1 25 -142 -75 -120 -1 0 0 0 1 0 0 0 -1 32523.dat
1 71 -2 -55 -60 0 0 -1 0 1 0 1 0 0 32525.dat
1 25 -62 -35 80 0 0 -1 -1 0 0 0 1 0 32526.dat
1 0 -82 -35 60 0 1 0 0 0 1 1 0 0 15100.dat
1 0 80 -35 60 0 -1 0 0 0 -1 1 0 0 15100.dat
1 25 100 -35 -40 0 -1 0 1 0 0 0 0 1 11954.dat
1 0 140 -65 -120 0 -1 0 -1 0 0 0 0 -1 2780.dat
1 0 140 -65 -100 0 -1 0 -1 0 0 0 0 -1 2780.dat
1 0 140 -55 70 0 1 0 0 0 -1 -1 0 0 2780.dat
1 0 100 -35 70 0 1 0 0 0 -1 -1 0 0 2780.dat
1 25 140 -75 -120 -1 0 0 0 1 0 0 0 -1 32523.dat
1 25 60 -35 80 0 0 1 -1 0 0 0 -1 0 32526.dat
1 4 100 -55 -60 0 1 0 1 0 0 0 0 -1 32054.dat
1 25 78 -61.88 105.554 0 -1 0 -0.083 0 -0.997 0.997 0 -0.083 32526.dat
1 0 88 -61.88 105.554 1 0 0 0 0.083 0.997 0 -0.997 0.083 2780.dat
1 0 88 -121.7 100.574 1 0 0 0 0.083 0.997 0 -0.997 0.083 2780.dat
1 14 58 -118.4005 91.1238 0 -1 0 -0.555173 0 -0.832203 0.832203 0 -0.555173 32523.dat
1 0 68 -101.76 102.234 1 0 0 0 0.083 0.997 0 -0.997 0.083 2780.dat
1 0 98 -61.88 105.554 0 -1 0 0.083 0 0.997 -0.997 0 0.083 15100.dat
1 0 98 -121.7 100.574 0 -1 0 0.083 0 0.997 -0.997 0 0.083 15100.dat
1 25 118 -139.98 78.974 1 0 0 0 -0.997 0.083 0 -0.083 -0.997 64392.dat
1 0 98 -79.33 73.984 0 -1 0 0.083 0 0.997 -0.997 0 0.083 2780.dat
1 0 98 -139.15 69.004 0 -1 0 0.083 0 0.997 -0.997 0 0.083 2780.dat
1 0 98 -78.5 64.014 -1 0 0 0 0.083 -0.997 0 -0.997 -0.083 11455.dat
1 0 78 -148.29 58.204 0 -1 0 -0.997 0 0.083 -0.083 0 -0.997 2780.dat
1 1 88 -144.96 138.794 1 0 0 0 -0.083 -0.997 0 0.997 -0.083 43093.dat
1 1 98 -141.64 98.914 1 0 0 0 -0.083 -0.997 0 0.997 -0.083 6558.dat
1 25 -82 -61.88 105.554 0 -1 0 -0.083 0 -0.997 0.997 0 -0.083 32526.dat
1 0 -92 -61.88 105.554 1 0 0 0 0.083 0.997 0 -0.997 0.083 2780.dat
1 0 -92 -121.7 100.574 1 0 0 0 0.083 0.997 0 -0.997 0.083 2780.dat
1 0 -72 -101.76 102.234 1 0 0 0 0.083 0.997 0 -0.997 0.083 2780.dat
1 14 -62 -118.199 90.8264 0 1 0 0.570378 0 -0.821902 -0.821902 0 -0.570378 32523.dat
1 0 -102 -61.88 105.554 0 1 0 0.083 0 -0.997 -0.997 0 -0.083 15100.dat
1 0 -102 -121.7 100.574 0 1 0 0.083 0 -0.997 -0.997 0 -0.083 15100.dat
1 25 -122 -139.98 78.974 1 0 0 0 -0.997 0.083 0 -0.083 -0.997 64682.dat
1 0 -102 -79.33 73.984 0 1 0 -0.083 0 0.997 0.997 0 0.083 2780.dat
1 0 -102 -139.15 69.004 0 1 0 -0.083 0 0.997 0.997 0 0.083 2780.dat
1 0 -102 -78.5 64.014 1 0 0 0 -0.083 -0.997 0 0.997 -0.083 11455.dat
1 0 -82 -148.29 58.204 0 1 0 0.997 0 0.083 0.083 0 -0.997 2780.dat
1 1 -92 -144.96 138.794 -1 0 0 0 -0.083 0.997 0 0.997 0.083 43093.dat
1 1 -102 -141.64 98.914 -1 0 0 0 -0.083 0.997 0 0.997 0.083 6558.dat
1 0 -2 -158.2 57.363 0 0 1 0.083 0.997 0 -0.997 0.083 0 40490.dat
1 1 -62 -168.165 56.53 0 -1 0 -0.997 0 0.083 -0.083 0 -0.997 43093.dat
1 1 58 -168.165 56.53 0 -1 0 -0.997 0 0.083 -0.083 0 -0.997 43093.dat
1 0 -62 -178.131 55.697 -1 0 0 0 0.997 0.083 0 0.083 -0.997 32474.dat
1 0 58 -178.131 55.697 -1 0 0 0 0.997 0.083 0 0.083 -0.997 32474.dat
1 0 -42 -155 200 0 -1 0 1 0 0 0 0 1 32523.dat
1 0 -32 -155 180 -1 0 0 0 -1 0 0 0 1 2780.dat
1 0 -32 -155 220 -1 0 0 0 -1 0 0 0 1 2780.dat
1 0 -52 -155 200 -1 0 0 0 -1 0 0 0 1 2780.dat
1 0 -22 -155 240 0 1 0 1 0 0 0 0 -1 32140.dat
1 1 -2 -155 200 1 0 0 0 -1 0 0 0 -1 6558.dat
1 0 -2 -170.303 80.98 -1 0 0 0 0.992 -0.128 0 -0.128 -0.992 18944.dat
1 1 -2 -185.606 -38.04 1 0 0 0 -0.992 -0.128 0 0.128 -0.992 6558.dat
1 0 -32 -185.606 -38.04 1 0 0 0 -0.992 -0.128 0 0.128 -0.992 62462.dat
1 0 28 -185.606 -38.04 1 0 0 0 -0.992 -0.128 0 0.128 -0.992 62462.dat
1 0 38 -155 200 0 1 0 -1 0 0 0 0 1 32523.dat
1 0 28 -155 180 -1 0 0 0 -1 0 0 0 1 2780.dat
1 0 28 -155 220 -1 0 0 0 -1 0 0 0 1 2780.dat
1 0 48 -155 200 -1 0 0 0 -0.923 -0.385 0 -0.385 0.923 2780.dat
1 0 18 -155 240 0 1 0 1 0 0 0 0 -1 32140.dat
1 0 -62 -170.303 80.98 -1 0 0 0 0.992 -0.128 0 -0.128 -0.992 18944.dat
1 0 58 -170.303 80.98 -1 0 0 0 0.992 -0.128 0 -0.128 -0.992 18944.dat
1 0 58 -185.606 -38.04 -1 0 0 0 0.992 -0.128 0 -0.128 -0.992 32054.dat
1 0 -62 -185.606 -38.04 1 0 0 0 0.992 0.128 0 -0.128 0.992 32054.dat
1 1 -92 -185.606 -38.04 1 0 0 0 0.992 0.128 0 -0.128 0.992 43093.dat
1 1 88 -185.606 -38.04 -1 0 0 0 0.992 -0.128 0 -0.128 -0.992 43093.dat
1 0 -102 -160.303 -69.02 0 -1 0 -0.774 0 0.633 -0.633 0 -0.774 32316.dat
1 0 98 -160.303 -69.02 0 -1 0 -0.774 0 0.633 -0.633 0 -0.774 32316.dat
1 14 -2 -155 240 1 0 0 0 -1 0 0 0 -1 4519.dat
1 70 78 -135 -100 1 0 0 0 1 0 0 0 1 24316.dat
1 70 -82 -135 -100 -1 0 0 0 -1 0 0 0 1 24316.dat
1 25 58 -53.612 246.734 0 0 1 -0.997 0.083 0 -0.083 -0.997 0 32526.dat
1 0 98 -54.442 256.704 0 0 1 -0.083 -0.997 0 0.997 -0.083 0 2780.dat
1 0 118 -54.442 256.704 0 0 1 -0.083 -0.997 0 0.997 -0.083 0 2780.dat
1 0 138 -74.382 255.044 0 0 1 -0.083 -0.997 0 0.997 -0.083 0 2780.dat
1 0 138 -94.322 253.384 0 0 1 -0.083 -0.997 0 0.997 -0.083 0 2780.dat
1 0 58 -55.272 266.674 0 0 1 -0.083 -0.997 0 0.997 -0.083 0 18651.dat
1 0 58 -75.212 265.014 0 0 1 -0.083 -0.997 0 0.997 -0.083 0 42003.dat
1 0 68 -75.212 265.014 1 0 0 0 -0.997 0.083 0 -0.083 -0.997 2780.dat
1 0 68 -95.152 263.354 1 0 0 0 -0.997 0.083 0 -0.083 -0.997 2780.dat
1 25 78 -75.212 265.014 0 1 0 0.083 0 -0.997 -0.997 0 -0.083 32526.dat
1 0 58 -115.092 261.694 1 0 0 0 -0.083 -0.997 0 0.997 -0.083 15100.dat
1 1 78 -154.972 258.374 -1 0 0 0 0.083 -0.997 0 -0.997 -0.083 6558.dat
1 0 118 -115.092 261.694 -1 0 0 0 -0.083 0.997 0 0.997 0.083 32140.dat
1 1 118 -76.042 274.984 0 1 0 -0.083 0 0.997 0.997 0 0.083 4274.dat
1 1 118 -95.982 273.324 0 1 0 -0.083 0 0.997 0.997 0 0.083 4274.dat
1 0 58 -115.922 271.664 0 0 1 -0.083 -0.997 0 0.997 -0.083 0 2780.dat
1 25 78 -116.752 281.634 0 0 1 0.997 -0.083 0 0.083 0.997 0 32316.dat
1 1 38 -117.582 291.604 0 1 0 -0.083 0 0.997 0.997 0 0.083 4274.dat
1 1 98 -117.582 291.604 0 1 0 -0.083 0 0.997 0.997 0 0.083 4274.dat
1 1 78 -117.582 291.604 0 1 0 -0.083 0 0.997 0.997 0 0.083 4274.dat
1 28 118 -115.092 261.694 0 1 0 -0.083 0 0.997 0.997 0 0.083 6587.dat
1 25 118 -113.432 241.754 -1 0 0 0 0.083 -0.997 0 -0.997 -0.083 74695.dat
1 1 118 -135.032 260.034 0 1 0 0.083 0 -0.997 -0.997 0 -0.083 6558.dat
1 25 118 -135.032 260.034 0 0 1 0.083 0.997 0 -0.997 0.083 0 32013.dat
1 0 118 -86.676 282.13 0 0 1 -0.997 0.083 0 -0.083 -0.997 0 3023.dat
1 0 118 -86.676 282.13 -1 0 0 0 0.083 -0.997 0 -0.997 -0.083 61409.dat
1 25 58 -135.032 260.034 0 -1 0 -0.083 0 -0.997 0.997 0 -0.083 74695.dat
1 14 -2 -135.032 260.034 1 0 0 0 -0.083 -0.997 0 0.997 -0.083 23948.dat
1 25 38 -135.032 260.034 1 0 0 0 -0.997 0.083 0 -0.083 -0.997 6536.dat
1 71 -2 -135 260 0 -1 0 0.083 0 0.997 -0.997 0 0.083 18654.dat
1 25 -42 -135 260 -1 0 0 0 -0.997 -0.083 0 -0.083 0.997 6536.dat
1 25 -62 -53.612 246.734 0 0 -1 -0.997 -0.083 0 -0.083 0.997 0 32526.dat
1 0 -102 -54.442 256.704 0 0 -1 0.083 -0.997 0 -0.997 -0.083 0 2780.dat
1 0 -122 -54.442 256.704 0 0 -1 0.083 -0.997 0 -0.997 -0.083 0 2780.dat
1 0 -142 -74.382 255.044 0 0 -1 0.083 -0.997 0 -0.997 -0.083 0 2780.dat
1 0 -142 -94.322 253.384 0 0 -1 0.083 -0.997 0 -0.997 -0.083 0 2780.dat
1 0 -62 -55.272 266.674 0 0 1 -0.083 -0.997 0 0.997 -0.083 0 18651.dat
1 0 -62 -75.212 265.014 0 0 -1 0.083 -0.997 0 -0.997 -0.083 0 42003.dat
1 0 -72 -75.212 265.014 1 0 0 0 -0.997 0.083 0 -0.083 -0.997 2780.dat
1 0 -72 -95.152 263.354 1 0 0 0 -0.997 0.083 0 -0.083 -0.997 2780.dat
1 25 -82 -75.212 265.014 0 1 0 0.083 0 -0.997 -0.997 0 -0.083 32526.dat
1 0 -62 -115.092 261.694 -1 0 0 0 -0.083 0.997 0 0.997 0.083 15100.dat
1 1 -82 -154.972 258.374 1 0 0 0 0.083 0.997 0 -0.997 0.083 6558.dat
1 0 -122 -115.092 261.694 1 0 0 0 0.083 0.997 0 -0.997 0.083 32140.dat
1 1 -122 -76.042 274.984 0 -1 0 -0.083 0 -0.997 0.997 0 -0.083 4274.dat
1 1 -122 -95.982 273.324 0 -1 0 -0.083 0 -0.997 0.997 0 -0.083 4274.dat
1 0 -62 -115.922 271.664 0 0 -1 0.083 -0.997 0 -0.997 -0.083 0 2780.dat
1 25 -82 -116.752 281.634 0 0 -1 -0.997 -0.083 0 -0.083 0.997 0 32316.dat
1 1 -42 -117.582 291.604 0 -1 0 -0.083 0 -0.997 0.997 0 -0.083 4274.dat
1 1 -102 -117.582 291.604 0 -1 0 -0.083 0 -0.997 0.997 0 -0.083 4274.dat
1 1 -82 -117.582 291.604 0 -1 0 -0.083 0 -0.997 0.997 0 -0.083 4274.dat
1 28 -122 -115.092 261.694 0 -1 0 -0.083 0 -0.997 0.997 0 -0.083 6587.dat
1 25 -122 -113.432 241.754 -1 0 0 0 0.083 -0.997 0 -0.997 -0.083 74695.dat
1 1 -122 -135.032 260.034 0 -1 0 0.083 0 0.997 -0.997 0 0.083 6558.dat
1 25 -122 -135.032 260.034 0 0 -1 -0.083 0.997 0 0.997 0.083 0 32013.dat
1 0 -122 -86.676 282.13 0 0 -1 0.997 0.083 0 0.083 -0.997 0 3023.dat
1 0 -122 -86.676 282.13 -1 0 0 0 0.083 -0.997 0 -0.997 -0.083 61409.dat
1 25 -62 -135.032 260.034 0 1 0 0.083 0 -0.997 -0.997 0 -0.083 74695.dat
1 25 -2 -136.666 279.93 0 0 1 -0.997 0.083 0 -0.083 -0.997 0 41239.dat
1 1 18 -137.499 289.896 0 0 1 -0.083 -0.997 0 0.997 -0.083 0 4274.dat
1 1 -22 -137.499 289.896 0 0 1 -0.083 -0.997 0 0.997 -0.083 0 4274.dat
1 25 98 -148.266 178.612 0 1 0 0.997 0 0.083 0.083 0 -0.997 40490.dat
1 1 98 -151.598 218.473 -1 0 0 0 0.997 0.083 0 0.083 -0.997 6558.dat
1 25 -102 -148.266 178.612 0 1 0 0.997 0 0.083 0.083 0 -0.997 40490.dat
1 1 -102 -151.598 218.473 1 0 0 0 -0.997 -0.083 0 0.083 -0.997 6558.dat
1 0 108 -153.264 238.403 -1 0 0 0 0.083 -0.997 0 -0.997 -0.083 2780.dat
1 0 -112 -153.264 238.403 -1 0 0 0 0.083 -0.997 0 -0.997 -0.083 2780.dat
1 25 118 -153.264 238.403 1 0 0 0 -0.997 0.083 0 -0.083 -0.997 32013.dat
1 25 -122 -153.264 238.403 1 0 0 0 -0.997 0.083 0 -0.083 -0.997 32013.dat
1 1 -122 -155.764 268.299 0 0 1 0.083 0.997 0 -0.997 0.083 0 43093.dat
1 1 118 -155.764 268.299 0 0 1 0.083 0.997 0 -0.997 0.083 0 43093.dat
1 0 -42 -156.597 278.264 0 0 -1 -0.083 0.997 0 0.997 0.083 0 18651.dat
1 0 38 -156.597 278.264 0 0 -1 -0.083 0.997 0 0.997 0.083 0 18651.dat
1 25 -2 -156.597 278.264 0 0 1 -0.997 0.083 0 -0.083 -0.997 0 41239.dat
1 1 98 -157.43 288.23 0 0 1 -0.083 -0.997 0 0.997 -0.083 0 4274.dat
1 1 78 -157.43 288.23 0 0 1 -0.083 -0.997 0 0.997 -0.083 0 4274.dat
1 1 58 -157.43 288.23 0 0 1 -0.083 -0.997 0 0.997 -0.083 0 4274.dat
1 1 18 -157.43 288.23 0 0 1 -0.083 -0.997 0 0.997 -0.083 0 4274.dat
1 1 -22 -157.43 288.23 0 0 1 -0.083 -0.997 0 0.997 -0.083 0 4274.dat
1 1 -62 -157.43 288.23 0 0 1 -0.083 -0.997 0 0.997 -0.083 0 4274.dat
1 1 -82 -157.43 288.23 0 0 1 -0.083 -0.997 0 0.997 -0.083 0 4274.dat
1 1 -102 -157.43 288.23 0 0 1 -0.083 -0.997 0 0.997 -0.083 0 4274.dat
1 71 -2 -56.944 286.595 1 0 0 0 0.997 -0.083 0 0.083 0.997 32073.dat
1 0 38 -56.944 286.595 0 0 -1 -0.083 0.997 0 0.997 0.083 0 32039.dat
1 71 18 -56.944 286.595 1 0 0 0 -0.997 0.083 0 -0.083 -0.997 32291.dat
1 71 -2 -56.944 286.595 0 1 0 -0.997 0 -0.083 -0.083 0 0.997 18654.dat
1 71 -22 -56.944 286.595 1 0 0 0 -0.997 0.083 0 -0.083 -0.997 32291.dat
1 0 -42 -56.944 286.595 0 0 1 0.083 0.997 0 -0.997 0.083 0 32039.dat
1 1 -32 -77.714 294.905 0 0 -1 -0.083 0.997 0 0.997 0.083 0 4274.dat
1 1 -12 -77.714 294.905 0 0 -1 -0.083 0.997 0 0.997 0.083 0 4274.dat
1 1 8 -77.714 294.905 0 0 -1 -0.083 0.997 0 0.997 0.083 0 4274.dat
1 1 28 -77.714 294.905 0 0 -1 -0.083 0.997 0 0.997 0.083 0 4274.dat
1 71 28 -78.544 304.875 0 0 1 -0.997 0.083 0 -0.083 -0.997 0 18654.dat
1 71 8 -78.544 304.875 0 0 1 -0.997 0.083 0 -0.083 -0.997 0 18654.dat
1 71 -12 -78.544 304.875 0 0 1 -0.997 0.083 0 -0.083 -0.997 0 18654.dat
1 71 -32 -78.544 304.875 0 0 1 -0.997 0.083 0 -0.083 -0.997 0 18654.dat
1 25 58 -118.235 299.534 1 0 0 0 0.083 0.997 0 -0.997 0.083 3623.dat
1 25 48 -118.902 307.506 1 0 0 0 0.083 0.997 0 -0.997 0.083 3023.dat
1 25 98 -119.568 315.478 0 0 -1 0.997 0.083 0 0.083 -0.997 0 50950.dat
1 25 48 -119.568 315.478 1 0 0 0 0.083 0.997 0 -0.997 0.083 3069.dat
1 25 -62 -118.235 299.534 -1 0 0 0 0.083 -0.997 0 -0.997 -0.083 3623.dat
1 25 -52 -118.902 307.506 -1 0 0 0 0.083 -0.997 0 -0.997 -0.083 3023.dat
1 25 -102 -119.568 315.478 0 0 1 -0.997 0.083 0 -0.083 -0.997 0 50950.dat
1 25 -52 -119.568 315.478 -1 0 0 0 0.083 -0.997 0 -0.997 -0.083 3069.dat
1 0 -92 -148.131 297.035 0 0 -1 0.997 0.083 0 0.083 -0.997 0 41770.dat
1 36 -72 -158.762 304.174 1 0 0 0 0.083 0.997 0 -0.997 0.083 3069.dat
1 36 -112 -158.762 304.174 1 0 0 0 0.083 0.997 0 -0.997 0.083 3069.dat
1 0 88 -148.131 297.035 0 0 1 -0.997 0.083 0 -0.083 -0.997 0 41769.dat
1 36 68 -158.762 304.174 1 0 0 0 0.083 0.997 0 -0.997 0.083 3069.dat
1 36 108 -158.762 304.174 1 0 0 0 0.083 0.997 0 -0.997 0.083 3069.dat
1 0 -2 -148.131 297.035 1 0 0 0 0.083 0.997 0 -0.997 0.083 26603.dat
1 0 -42 -178.193 296.529 0 1 0 0.083 0 -0.997 -0.997 0 -0.083 32039.dat
1 0 38 -178.193 296.529 0 1 0 0.083 0 -0.997 -0.997 0 -0.083 32039.dat
1 0 -2 -115 320 1 0 0 0 1 0 0 0 1 32270.dat
1 14 -2 -209.755 313.96 1 0 0 0 0.997 -0.083 0 0.083 0.997 44294.dat
1 0 -62 -209.755 313.96 0 0 -1 -0.997 -0.083 0 -0.083 0.997 0 11947.dat
1 0 -42 -209.755 313.96 0 1 0 -0.083 0 0.997 0.997 0 0.083 74695.dat
1 0 -22 -209.755 313.96 0 1 0 0.997 0 0.083 0.083 0 -0.997 74695.dat
1 71 -2 -208.095 294.02 1 0 0 0 0.083 0.997 0 -0.997 0.083 32073.dat
1 0 -42 -208.095 294.02 1 0 0 0 0.997 -0.083 0 0.083 0.997 6553.dat
1 0 -2 -209.755 313.96 0 1 0 0.997 0 0.083 0.083 0 -0.997 74695.dat
1 0 18 -209.755 313.96 0 1 0 0.997 0 0.083 0.083 0 -0.997 74695.dat
1 0 38 -208.095 294.02 1 0 0 0 0.997 -0.083 0 0.083 0.997 6553.dat
1 0 38 -209.755 313.96 0 1 0 -0.083 0 0.997 0.997 0 0.083 74695.dat
1 0 58 -209.755 313.96 0 0 1 0.997 -0.083 0 0.083 0.997 0 11946.dat
1 0 118 -147.652 -84.51 -1 0 0 0 0 1 0 1 0 15100.dat
1 1 118 -147.652 -74.51 0 1 0 0 0 1 1 0 0 43093.dat
1 25 118 -147.652 -64.51 0 0 -1 -1 0 0 0 1 0 41669.dat
1 1 -122 -147.652 -74.51 0 -1 0 0 0 -1 1 0 0 43093.dat
1 0 -122 -147.652 -84.51 1 0 0 0 0 -1 0 1 0 15100.dat
1 25 -122 -147.652 -64.51 0 0 1 1 0 0 0 1 0 41669.dat
1 0 128 -55 -220 0 0 -1 0 1 0 1 0 0 56904.dat
1 256 128 -55 -220 0 0 -1 0 1 0 1 0 0 30699.dat
1 256 130 -55 160 0 0 -1 0 1 0 1 0 0 30699.dat
1 0 130 -55 160 0 0 -1 0 1 0 1 0 0 56904.dat
1 256 -130 -55 160 0 0 1 0 1 0 -1 0 0 30699.dat
1 0 -130 -55 160 0 0 1 0 1 0 -1 0 0 56904.dat
1 256 -132 -55 -220 0 0 1 0 1 0 -1 0 0 30699.dat
1 0 -132 -55 -220 0 0 1 0 1 0 -1 0 0 56904.dat
