0 
0 Name: New Model.ldr
0 Author: 
1 0 542.637 -44 148.15 0.292372 0 0.956305 0 1 0 -0.956305 0 0.292372 3034.dat
1 1 533.8658 -68 176.8392 -0.956305 0 0.292372 0 1 0 -0.292372 0 -0.956305 3298.dat
1 1 560.1793 -52 90.7717 0.956305 0 -0.292372 0 1 0 0.292372 0 0.956305 3730.dat
1 15 569.7424 -60 93.6954 -0.292372 0 -0.956305 0 1 0 0.956305 0 -0.292372 4623.dat
1 15 550.6163 -60 87.848 0.292372 0 0.956305 0 1 0 -0.956305 0 0.292372 4623.dat
1 1 563.103 -68 81.2086 -0.956305 0 0.292372 0 1 0 -0.292372 0 -0.956305 3794.dat
1 1 557.2556 -68 100.3347 -0.956305 0 0.292372 0 1 0 -0.292372 0 -0.956305 3794.dat
1 15 533.8658 -76 176.8392 0.956305 0 -0.292372 0 1 0 0.292372 0 0.956305 3069.dat
1 0 554.3319 -36 109.8978 0.956305 0 -0.292372 0 1 0 0.292372 0 0.956305 2817.dat
1 7 573.458 -26 115.7452 0.956305 0 -0.292372 0 1 0 0.292372 0 0.956305 3673.dat
1 7 535.2057 -26 104.0504 0.956305 0 -0.292372 0 1 0 0.292372 0 0.956305 3673.dat
1 15 583.0211 -26 118.669 -0.292372 0 -0.956305 0 1 0 0.956305 0 -0.292372 6118.dat
1 15 525.6427 -26 101.1266 0.292372 0 0.956305 0 1 0 -0.956305 0 0.292372 6118.dat
1 0 536.7896 -36 167.2761 0.956305 0 -0.292372 0 1 0 0.292372 0 0.956305 2817.dat
1 7 555.9156 -26 173.1235 0.956305 0 -0.292372 0 1 0 0.292372 0 0.956305 3673.dat
1 7 517.6635 -26 161.4287 0.956305 0 -0.292372 0 1 0 0.292372 0 0.956305 3673.dat
1 15 565.4787 -26 176.0473 -0.292372 0 -0.956305 0 1 0 0.956305 0 -0.292372 6118.dat
1 15 508.1004 -26 158.5049 0.292372 0 0.956305 0 1 0 -0.956305 0 0.292372 6118.dat
1 0 560.1793 -84 90.7717 0.956305 0 -0.292372 0 1 0 0.292372 0 0.956305 4595.dat
1 38 530.1623 -63 79.5032 -0.956305 0 0.292372 0 1 0 -0.292372 0 -0.956305 6120.dat
1 38 591.3658 -63 98.215 -0.956305 0 0.292372 0 1 0 -0.292372 0 -0.956305 6120.dat
1 0 626.3336 -44 -45.5369 -0.47332 0 -0.880891 0 1 0 0.880891 0 -0.47332 3832.dat
1 1 588.468 -52 24.9343 -0.880891 0 0.47332 0 1 0 -0.47332 0 -0.880891 3729.dat
1 1 678.3987 -50 -142.4349 -0.880891 0 0.47332 0 1 0 -0.47332 0 -0.880891 3149.dat
1 4 678.3987 -50 -142.4349 -0.880891 0 0.47332 0 1 0 -0.47332 0 -0.880891 313.dat
1 0 664.1992 -36 -116.0082 -0.880891 0 0.47332 0 1 0 -0.47332 0 -0.880891 2817.dat
1 7 681.817 -26 -106.5418 -0.880891 0 0.47332 0 1 0 -0.47332 0 -0.880891 3673.dat
1 7 646.5814 -26 -125.4746 -0.880891 0 0.47332 0 1 0 -0.47332 0 -0.880891 3673.dat
1 15 690.6259 -26 -101.8086 0.47332 0 -0.880891 0 -1 0 -0.880891 0 -0.47332 6118.dat
1 15 637.7724 -26 -130.2078 -0.47332 0 0.880891 0 -1 0 0.880891 0 0.47332 6118.dat
1 0 635.8 -36 -63.1548 -0.880891 0 0.47332 0 1 0 -0.47332 0 -0.880891 2817.dat
1 7 653.4178 -26 -53.6884 -0.880891 0 0.47332 0 1 0 -0.47332 0 -0.880891 3673.dat
1 7 618.1821 -26 -72.6212 -0.880891 0 0.47332 0 1 0 -0.47332 0 -0.880891 3673.dat
1 15 662.2267 -26 -48.9552 0.47332 0 -0.880891 0 -1 0 -0.880891 0 -0.47332 6118.dat
1 15 609.3732 -26 -77.3544 -0.47332 0 0.880891 0 -1 0 0.880891 0 0.47332 6118.dat
1 0 607.4008 -36 -10.3013 -0.880891 0 0.47332 0 1 0 -0.47332 0 -0.880891 2817.dat
1 7 625.0186 -26 -0.8349 -0.880891 0 0.47332 0 1 0 -0.47332 0 -0.880891 3673.dat
1 7 589.783 -26 -19.7677 -0.880891 0 0.47332 0 1 0 -0.47332 0 -0.880891 3673.dat
1 15 633.8275 -26 3.8983 0.47332 0 -0.880891 0 -1 0 -0.880891 0 -0.47332 6118.dat
1 15 580.9741 -26 -24.5009 -0.47332 0 0.880891 0 -1 0 0.880891 0 0.47332 6118.dat
1 1 678.3987 -50 -142.4349 -0.880891 -0.122495 0.457179 0 0.9659 0.2588 -0.47332 0.227975 -0.850852 314.dat
1 1 648.6011 -85.5022 -86.9788 -0.457179 -0.122495 -0.880891 -0.2588 0.9659 0 0.850852 0.227975 -0.47332 3034.dat
1 1 622.1503 -108.7574 -37.7515 -0.457179 -0.122495 -0.880891 -0.2588 0.9659 0 0.850852 0.227975 -0.47332 3022.dat
1 1 676.6771 -82.8774 -118.1035 -0.457179 -0.122495 -0.880891 -0.2588 0.9659 0 0.850852 0.227975 -0.47332 4315.dat
1 1 659.0593 -82.8774 -127.5699 0.457179 -0.122495 0.880891 0.2588 0.9659 0 -0.850852 0.227975 0.47332 4315.dat
1 0 655.1328 -98.3686 -99.1349 0.880891 -0.122495 -0.457179 0 0.9659 -0.2588 0.47332 0.227975 0.850852 3023.dat
1 0 682.5636 -82.8406 -150.1861 0.880891 -0.122495 -0.457179 0 0.9659 -0.2588 0.47332 0.227975 0.850852 3023.dat
1 0 625.0901 -131.939 -43.2229 -0.457179 -0.122495 -0.880891 -0.2588 0.9659 0 0.850852 0.227975 -0.47332 4871.dat
1 15 657.0687 -137.0782 -39.3556 -0.457179 -0.122495 -0.880891 -0.2588 0.9659 0 0.850852 0.227975 -0.47332 6141.dat
1 15 647.925 -142.2542 -22.3385 -0.457179 -0.122495 -0.880891 -0.2588 0.9659 0 0.850852 0.227975 -0.47332 6141.dat
1 15 604.2152 -137.0782 -67.7548 -0.457179 -0.122495 -0.880891 -0.2588 0.9659 0 0.850852 0.227975 -0.47332 6141.dat
1 15 595.0716 -142.2542 -50.7377 -0.457179 -0.122495 -0.880891 -0.2588 0.9659 0 0.850852 0.227975 -0.47332 6141.dat
1 38 663.9091 -148.6641 -144.9741 0.457179 0.078841 0.885901 0.2588 0.941173 -0.217328 -0.850852 0.328635 0.409908 2582.dat
1 0 664.5399 -141.1347 -142.345 0.457179 0.078841 0.885901 0.2588 0.941173 -0.217328 -0.850852 0.328635 0.409908 3710.dat
1 15 663.2784 -156.1935 -147.6031 -0.457179 0.078841 -0.885901 -0.2588 0.941173 0.217328 0.850852 0.328635 -0.409908 3069.dat
1 38 688.5134 -148.6641 -131.7537 -0.457179 -0.31756 -0.830779 -0.2588 0.941173 -0.217328 0.850852 0.115641 -0.512497 2582.dat
1 0 685.973 -141.1347 -130.8285 -0.457179 -0.31756 -0.830779 -0.2588 0.941173 -0.217328 0.850852 0.115641 -0.512497 3710.dat
1 15 691.0539 -156.1935 -132.6788 0.457179 -0.31756 0.830779 0.2588 0.941173 0.217328 -0.850852 0.115641 0.512497 3069.dat
