0 Main
0 Name: 8032-1 - Universal Set - Cabrio.mpd
0 Author: LTRON
1 0 0 0 0 1 0 0 0 1 0 0 0 1 2780.dat
1 4 -10 -10 -60 0 0 1 0 1 0 -1 0 0 3895.dat
1 0 0 0 -140 1 0 0 0 1 0 0 0 1 2780.dat
1 0 -20 0 40 1 0 0 0 1 0 0 0 1 2780.dat
1 0 -20 0 20 1 0 0 0 1 0 0 0 1 2780.dat
1 4 10 -10 -60 0 0 1 0 1 0 -1 0 0 3895.dat
1 0 20 0 20 1 0 0 0 1 0 0 0 1 2780.dat
1 0 20 0 40 1 0 0 0 1 0 0 0 1 2780.dat
1 4 -30 -10 120 0 0 1 0 1 0 -1 0 0 3895.dat
1 0 -40 0 220 1 0 0 0 1 0 0 0 1 2780.dat
1 0 -40 0 120 1 0 0 0 1 0 0 0 1 2780.dat
1 0 -40 0 80 1 0 0 0 1 0 0 0 1 2780.dat
1 0 20 0 -40 0 1 0 -1 0 0 0 0 1 6141.dat
1 0 -20 0 -40 0 -1 0 -1 0 0 0 0 -1 6141.dat
1 0 0 0 180 1 0 0 0 -1 0 0 0 -1 3708.dat
1 7 10 0 180 0 0 1 0 -1 0 1 0 0 3713.dat
1 7 -12 0 180 0 0 1 0 -1 0 1 0 0 3650.dat
1 4 30 -10 120 0 0 1 0 1 0 -1 0 0 3895.dat
1 0 40 0 80 1 0 0 0 1 0 0 0 1 2780.dat
1 0 40 0 120 1 0 0 0 1 0 0 0 1 2780.dat
1 0 40 0 220 1 0 0 0 1 0 0 0 1 2780.dat
1 4 0 -18 -110 0 0 1 0 1 0 -1 0 0 3021.dat
1 4 0 -18 -40 0 0 1 0 1 0 -1 0 0 3068.dat
1 4 50 -10 180 0 0 1 0 1 0 -1 0 0 3700.dat
1 4 -50 -10 180 0 0 1 0 1 0 -1 0 0 3700.dat
1 4 50 -10 100 0 0 -1 0 1 0 1 0 0 3701.dat
1 0 60 0 100 1 0 0 0 1 0 0 0 1 2780.dat
1 4 -50 -10 100 0 0 1 0 1 0 -1 0 0 3701.dat
1 0 -60 0 100 -1 0 0 0 1 0 0 0 -1 2780.dat
1 4 -40 14 180 -1 0 0 0 1 0 0 0 -1 3022.dat
1 4 40 14 180 -1 0 0 0 1 0 0 0 -1 3022.dat
1 4 0 14 230 -1 0 0 0 1 0 0 0 -1 3710.dat
1 4 0 14 20 -1 0 0 0 1 0 0 0 -1 3795.dat
1 7 0 14 -70 -1 0 0 0 1 0 0 0 -1 4262.dat
1 4 40 -18 180 -1 0 0 0 1 0 0 0 -1 3022.dat
1 4 -40 -18 180 -1 0 0 0 1 0 0 0 -1 3022.dat
1 4 -30 -18 210 -1 0 0 0 1 0 0 0 -1 3024.dat
1 4 30 -18 210 -1 0 0 0 1 0 0 0 -1 3024.dat
1 0 -62 0 -70 1 0 0 0 1 0 0 0 1 3705.dat
1 7 -50 -10 -70 1 0 0 0 1 0 0 0 1 4261.dat
1 7 -50 -10 -30 0 -1 0 1 0 0 0 0 1 3749.dat
1 7 -70 0 -70 0 0 -1 0 -1 0 -1 0 0 3713.dat
1 4 0 -10 230 1 0 0 0 1 0 0 0 1 3700.dat
1 0 0 0 230 0 0 1 0 1 0 -1 0 0 4519.dat
1 7 0 0 243 -1 0 0 0 1 0 0 0 -1 4143.dat
1 7 0 0 210 -1 0 0 0 1 0 0 0 -1 3647.dat
1 4 0 -18 230 -1 0 0 0 1 0 0 0 -1 3710.dat
1 0 -60 0 20 1 0 0 0 0.968 -0.25 0 0.25 0.968 2780.dat
1 4 -50 -10 20 0 0 1 0 1 0 -1 0 0 3700.dat
1 4 50 -10 20 0 0 1 0 1 0 -1 0 0 3700.dat
1 0 60 0 20 1 0 0 0 0.968 -0.25 0 0.25 0.968 2780.dat
1 0 62 0 -70 1 0 0 0 1 0 0 0 1 3705.dat
1 7 50 -10 -70 1 0 0 0 1 0 0 0 1 4261.dat
1 7 70 0 -70 0 0 1 0 -1 0 1 0 0 3713.dat
1 7 50 -10 -30 0 0 -1 1 0 0 0 -1 0 3749.dat
1 4 0 -18 20 -1 0 0 0 1 0 0 0 -1 3795.dat
1 4 -30 -26 180 0 0 -1 0 1 0 1 0 0 3023.dat
1 4 -30 -26 220 0 0 -1 0 1 0 1 0 0 3023.dat
1 4 30 -26 220 0 0 -1 0 1 0 1 0 0 3023.dat
1 4 30 -26 180 0 0 -1 0 1 0 1 0 0 3023.dat
1 0 40 -40 220 1 0 0 0 1 0 0 0 1 2780.dat
1 4 30 -50 220 0 0 1 0 1 0 -1 0 0 3700.dat
1 0 -40 -40 220 -1 0 0 0 1 0 0 0 -1 2780.dat
1 4 -30 -50 220 0 0 -1 0 1 0 1 0 0 3700.dat
1 7 0 -18 -70 -1 0 0 0 1 0 0 0 -1 4262.dat
1 4 0 -26 -30 -1 0 0 0 1 0 0 0 -1 4262.dat
1 7 70 0 180 0 0 -1 0 1 0 1 0 0 4019.dat
1 7 -70 0 180 0 0 -1 0 1 0 1 0 0 4019.dat
1 4 0 -26 -100 0 0 -1 0 1 0 1 0 0 3709.dat
1 4 0 -34 70 1 0 0 0 1 0 0 0 1 3701.dat
1 4 0 -34 90 1 0 0 0 1 0 0 0 1 3701.dat
1 7 0 -34 -30 1 0 0 0 1 0 0 0 1 3743.dat
1 4 50 -20 230 0 0 1 -1 0 0 0 -1 0 3701.dat
1 4 50 -60 206 0 0 1 -1 0 0 0 -1 0 3710.dat
1 4 -50 -20 230 0 0 1 -1 0 0 0 -1 0 3701.dat
1 4 -50 -60 206 0 0 1 -1 0 0 0 -1 0 3710.dat
1 4 -60 -80 230 -1 0 0 0 0 -1 0 -1 0 4730.dat
1 4 60 -80 230 1 0 0 0 0 1 0 -1 0 4730.dat
1 4 0 -90 238 1 0 0 0 0 1 0 -1 0 3460.dat
1 4 50 -70 238 1 0 0 0 0 1 0 -1 0 2420.dat
1 4 -50 -70 238 0 0 -1 1 0 0 0 -1 0 2420.dat
1 4 50 -34 90 1 0 0 0 1 0 0 0 1 3665.dat
1 4 -50 -34 90 1 0 0 0 1 0 0 0 1 3665.dat
1 0 0 0 -160 1 0 0 0 0.996 0.092 0 -0.092 0.996 3737.dat
1 4 -10 -50 -120 0 0 1 0 1 0 -1 0 0 3700.dat
1 4 10 -50 -120 0 0 1 0 1 0 -1 0 0 3700.dat
1 4 -70 -41.23 19.668 0 0 -1 0.968 0.25 0 0.25 -0.968 0 3894.dat
1 7 30 0 -160 0 0 -1 0.092 0.996 0 0.996 -0.092 0 3713.dat
1 7 -30 0 -160 0 0 1 -0.092 0.996 0 -0.996 -0.092 0 3713.dat
1 4 -40 -42 80 0 0 1 0 1 0 -1 0 0 3022.dat
1 4 0 -42 80 0 0 1 0 1 0 -1 0 0 3022.dat
1 4 40 -42 80 0 0 1 0 1 0 -1 0 0 3022.dat
1 0 -28 -40 -120 0 1 0 1 0 0 0 0 -1 2711.dat
1 0 0 0 -120 1 0 0 0 1 0 0 0 1 3705.dat
1 0 0 -40 -120 1 0 0 0 1 0 0 0 1 3705.dat
1 4 0 -56.153 5.48 1 0 0 0 0.968 -0.25 0 0.25 0.968 3795.dat
1 4 0 -63.897 3.48 1 0 0 0 0.968 -0.25 0 0.25 0.968 3022.dat
1 4 -50 -63.897 3.48 0 0 1 0.25 0.968 0 -0.968 0.25 0 3023.dat
1 4 50 -63.897 3.48 0 0 1 0.25 0.968 0 -0.968 0.25 0 3023.dat
1 4 -50 -87.129 -2.52 0 0 1 0.25 0.968 0 -0.968 0.25 0 3700.dat
1 4 0 -89.629 7.16 -1 0 0 0 0.968 0.25 0 0.25 -0.968 3700.dat
1 4 0 -84.629 -12.2 -1 0 0 0 0.968 0.25 0 0.25 -0.968 3700.dat
1 4 50 -87.129 -2.52 0 0 -1 -0.25 0.968 0 0.968 0.25 0 3700.dat
1 4 0 -94.873 -4.52 1 0 0 0 0.968 -0.25 0 0.25 0.968 3795.dat
1 0 0 -77.449 -0.02 0 0 1 0.25 0.968 0 -0.968 0.25 0 3706.dat
1 7 0 -84.949 29.02 1 0 0 0 0.968 -0.25 0 0.25 0.968 3713.dat
1 7 0 -93.449 61.932 1 0 0 0 0.25 0.968 0 -0.968 0.25 2819.dat
1 0 70 -77.449 -0.02 1 0 0 0 -0.968 0.25 0 -0.25 -0.968 6558.dat
1 0 -70 -77.449 -0.02 -1 0 0 0 -0.968 -0.25 0 -0.25 0.968 6558.dat
1 4 40 -48.409 7.48 1 0 0 0 0.968 -0.25 0 0.25 0.968 2444.dat
1 4 -40 -48.409 7.48 -1 0 0 0 0.968 0.25 0 0.25 -0.968 2444.dat
1 7 -60 -38.729 9.98 -1 0 0 0 0.968 0.25 0 0.25 -0.968 3673.dat
1 7 60 -38.729 9.98 -1 0 0 0 0.968 0.25 0 0.25 -0.968 3673.dat
1 7 0 -67.449 -38.74 -1 0 0 0 0.968 0.25 0 0.25 -0.968 3648.dat
1 0 -50 -59.747 -154.494 0 1 0 0.092 0 0.996 0.996 0 -0.092 2825.dat
1 0 28 -40 -120 0 -1 0 1 0 0 0 0 1 2711.dat
1 0 0 -59.747 -154.494 -1 0 0 0 -0.996 0.092 0 0.092 0.996 3704.dat
1 7 20 -59.747 -154.494 0 0 -1 -0.092 -0.996 0 -0.996 0.092 0 6538.dat
1 7 -20 -59.747 -154.494 0 0 -1 -0.092 -0.996 0 -0.996 0.092 0 6538.dat
1 0 -50 -59.747 -154.494 1 0 0 0 -0.996 -0.092 0 0.092 -0.996 4519.dat
1 0 50 -59.747 -154.494 1 0 0 0 -0.996 -0.092 0 0.092 -0.996 4519.dat
1 0 0 -80 -120 -1 0 0 0 -1 0 0 0 1 3708.dat
1 4 70 -41.23 19.668 0 0 -1 0.968 0.25 0 0.25 -0.968 0 3894.dat
1 4 70 -77.118 123.512 0 0 -1 -0.913 0.408 0 0.408 0.913 0 2730.dat
1 4 -70 -77.118 123.512 0 0 -1 -0.913 0.408 0 0.408 0.913 0 2730.dat
1 0 80 -91.297 140.802 1 0 0 0 0.408 -0.913 0 0.913 0.408 2780.dat
1 0 -80 -91.297 140.802 1 0 0 0 0.408 -0.913 0 0.913 0.408 2780.dat
1 0 50 -59.747 -154.494 0 -1 0 -0.092 0 0.996 -0.996 0 -0.092 2825.dat
1 7 -50 -80 -120 1 0 0 0 -1 0 0 0 -1 6536.dat
1 7 50 -80 -120 1 0 0 0 -1 0 0 0 -1 6536.dat
1 4 90 -95.548 181.813 0 0 1 -0.141 0.99 0 -0.99 -0.141 0 3894.dat
1 4 -90 -95.548 181.813 0 0 1 -0.141 0.99 0 -0.99 -0.141 0 3894.dat
1 4 -70 -78.497 -142.31 0 0 -1 -0.506 0.862 0 0.862 0.506 0 3701.dat
1 4 70 -78.497 -142.31 0 0 -1 -0.506 0.862 0 0.862 0.506 0 3701.dat
1 7 -90 0 -160 0 0 1 -0.092 0.996 0 -0.996 -0.092 0 3713.dat
1 7 90 0 -160 0 0 -1 0.092 0.996 0 0.996 -0.092 0 3713.dat
1 4 0 -89.512 120.288 -1 0 0 0 0.408 0.913 0 0.913 -0.408 3460.dat
1 4 0 -71.253 112.128 -1 0 0 0 0.408 0.913 0 0.913 -0.408 3460.dat
1 4 0 -162.55 152.929 -1 0 0 0 0.408 0.913 0 0.913 -0.408 3460.dat
1 4 0 -70.206 -172.231 -1 0 0 0 0.862 0.506 0 0.506 -0.862 3460.dat
1 4 -70 -85.396 -146.361 0 0 1 0.506 0.862 0 -0.862 0.506 0 3023.dat
1 4 70 -85.396 -146.361 0 0 1 0.506 0.862 0 -0.862 0.506 0 3023.dat
1 4 90 -88.724 -59.801 0 0 1 -0.021 1 0 -1 -0.021 0 3702.dat
1 0 80 -78.302 -40.018 -1 0 0 0 -0.94 0.342 0 0.342 0.94 2780.dat
1 0 -80 -78.302 -40.018 -1 0 0 0 -0.94 0.342 0 0.342 0.94 2780.dat
1 4 -90 -88.724 -59.801 0 0 1 -0.021 1 0 -1 -0.021 0 3702.dat
1 7 -50 -100 -130 0 -1 0 0 0 1 -1 0 0 4274.dat
1 7 50 -100 -130 0 -1 0 0 0 1 -1 0 0 4274.dat
1 4 -90 -97.147 -79.627 0 0 1 -0.021 1 0 -1 -0.021 0 3794.dat
1 4 90 -97.147 -79.627 0 0 1 -0.021 1 0 -1 -0.021 0 3794.dat
1 0 -110 -80 -60 0 1 0 1 0 0 0 0 -1 2825.dat
1 0 -70 -106.493 -29.757 0 -1 0 -0.94 0 -0.342 0.342 0 -0.94 3704.dat
1 7 -70 -97.093 -33.177 -1 0 0 0 -0.342 -0.94 0 -0.94 0.342 3651.dat
1 7 -70 -125.293 -22.917 -1 0 0 0 -0.342 -0.94 0 -0.94 0.342 6538.dat
1 0 70 -106.493 -29.757 0 -1 0 -0.94 0 -0.342 0.342 0 -0.94 3704.dat
1 7 70 -97.093 -33.177 -1 0 0 0 -0.342 -0.94 0 -0.94 0.342 3651.dat
1 7 70 -125.293 -22.917 -1 0 0 0 -0.342 -0.94 0 -0.94 0.342 6538.dat
1 7 110 -80 -120 0 0 -1 0 -1 0 -1 0 0 3713.dat
1 7 -120 -80 -60 1 0 0 0 1 0 0 0 1 3749.dat
1 0 0 -172.271 -5.816 -1 0 0 0 0.342 0.94 0 0.94 -0.342 3707.dat
1 7 70 -172.271 -5.816 1 0 0 0 0.94 0.342 0 -0.342 0.94 6553.dat
1 7 -70 -172.271 -5.816 1 0 0 0 0.94 0.342 0 -0.342 0.94 6553.dat
1 4 0 -100 -130 -1 0 0 0 0 1 0 1 0 3710.dat
1 4 30 -100 -138 -1 0 0 0 0 1 0 1 0 3623.dat
1 4 -30 -100 -138 -1 0 0 0 0 1 0 1 0 3623.dat
1 15 40 -100 -146 -1 0 0 0 0 1 0 1 0 4150.dat
1 15 -40 -100 -146 -1 0 0 0 0 1 0 1 0 4150.dat
1 4 0 -97.359 -89.625 1 0 0 0 1 0.021 0 -0.021 1 3709.dat
1 4 0 -105.149 -79.457 1 0 0 0 1 0.021 0 -0.021 1 4477.dat
1 4 -30 -105.569 -99.457 1 0 0 0 1 0.021 0 -0.021 1 3623.dat
1 4 30 -105.569 -99.457 1 0 0 0 1 0.021 0 -0.021 1 3623.dat
1 15 101 0 -70 0 0 -1 0 1 0 1 0 0 6580.dat
1 0 101 0 -70 0 0 -1 0 1 0 1 0 0 6579.dat
1 0 101 0 180 0 0 -1 0 1 0 1 0 0 6579.dat
1 15 101 0 180 0 0 -1 0 1 0 1 0 0 6580.dat
1 15 -101 0 180 0 0 1 0 -1 0 1 0 0 6580.dat
1 0 -101 0 180 0 0 1 0 -1 0 1 0 0 6579.dat
1 15 -101 0 -70 0 0 1 0 -1 0 1 0 0 6580.dat
1 0 -101 0 -70 0 0 1 0 -1 0 1 0 0 6579.dat
