0 Main
0 Name: 8022-1 - TECHNIC Starter Set_9sTgEhO.mpd
0 Author: LTRON
1 0 0 0 0 1 0 0 0 1 0 0 0 1 2780.dat
1 15 10 -10 20 0 0 1 0 1 0 -1 0 0 3702.dat
1 0 0 0 20 1 0 0 0 1 0 0 0 1 2780.dat
1 0 20 0 -20 1 0 0 0 1 0 0 0 1 2780.dat
1 0 20 0 80 1 0 0 0 1 0 0 0 1 2780.dat
1 15 30 -10 40 0 0 1 0 1 0 -1 0 0 3895.dat
1 0 40 0 40 1 0 0 0 1 0 0 0 1 2780.dat
1 0 40 0 -40 1 0 0 0 1 0 0 0 1 2780.dat
1 0 40 0 -60 1 0 0 0 1 0 0 0 1 2780.dat
1 15 50 -10 -80 0 0 1 0 1 0 -1 0 0 3894.dat
1 15 80 14 150 -1 0 0 0 1 0 0 0 -1 3666.dat
1 0 80 14 -130 -1 0 0 0 1 0 0 0 -1 4442.dat
1 0 120 0 -40 1 0 0 0 1 0 0 0 1 2780.dat
1 15 110 -10 -80 0 0 1 0 1 0 -1 0 0 3894.dat
1 0 120 0 -60 1 0 0 0 1 0 0 0 1 2780.dat
1 15 130 -10 40 0 0 1 0 1 0 -1 0 0 3895.dat
1 0 140 0 -20 1 0 0 0 1 0 0 0 1 2780.dat
1 0 120 0 40 1 0 0 0 1 0 0 0 1 2780.dat
1 0 140 0 80 1 0 0 0 1 0 0 0 1 2780.dat
1 15 150 -10 20 0 0 1 0 1 0 -1 0 0 3702.dat
1 0 160 0 0 1 0 0 0 1 0 0 0 1 2780.dat
1 0 160 0 20 1 0 0 0 1 0 0 0 1 2780.dat
1 15 80 14 -40 1 0 0 0 1 0 0 0 1 3795.dat
1 15 80 14 0 1 0 0 0 1 0 0 0 1 3738.dat
1 15 60 -10 150 1 0 0 0 1 0 0 0 1 3700.dat
1 15 100 -10 150 1 0 0 0 1 0 0 0 1 3700.dat
1 0 80 0 120 1 0 0 0 1 0 0 0 1 3737.dat
1 7 150 0 120 0 0 -1 0 -1 0 -1 0 0 3713.dat
1 7 10 0 120 0 0 1 0 -1 0 1 0 0 3713.dat
1 15 80 6 -160 0 0 -1 0 1 0 1 0 0 3709.dat
1 15 170 -10 0 0 0 -1 0 1 0 1 0 0 3701.dat
1 15 -10 -10 0 0 0 -1 0 1 0 1 0 0 3701.dat
1 15 80 -2 -180 1 0 0 0 1 0 0 0 1 3795.dat
1 15 80 -2 -130 1 0 0 0 1 0 0 0 1 3023.dat
1 15 130 -18 80 0 0 1 0 1 0 -1 0 0 3023.dat
1 15 30 -18 80 0 0 1 0 1 0 -1 0 0 3023.dat
1 15 80 -18 150 -1 0 0 0 1 0 0 0 -1 3666.dat
1 15 80 -18 -50 -1 0 0 0 1 0 0 0 -1 3666.dat
1 15 80 -18 -70 -1 0 0 0 1 0 0 0 -1 3710.dat
1 15 40 -26 -50 1 0 0 0 1 0 0 0 1 3023.dat
1 15 120 -26 -50 1 0 0 0 1 0 0 0 1 3023.dat
1 15 70 -10 -140 0 0 -1 0 1 0 1 0 0 3710.dat
1 15 90 -10 -140 0 0 -1 0 1 0 1 0 0 3710.dat
1 15 130 -26 70 0 0 -1 0 1 0 1 0 0 2420.dat
1 15 30 -26 70 1 0 0 0 1 0 0 0 1 2420.dat
1 7 150 -10 -130 1 0 0 0 1 0 0 0 1 4261.dat
1 7 10 -10 -130 1 0 0 0 1 0 0 0 1 4261.dat
1 0 80 -18 -90 1 0 0 0 1 0 0 0 1 2792.dat
1 7 160 0 -130 1 0 0 0 1 0 0 0 1 3749.dat
1 7 0 0 -130 -1 0 0 0 1 0 0 0 -1 3749.dat
1 15 50 -20 30 0 0 -1 -1 0 0 0 1 0 3701.dat
1 15 110 -20 30 0 0 -1 -1 0 0 0 1 0 3701.dat
1 15 30 -50 20 0 0 -1 0 1 0 1 0 0 3702.dat
1 15 130 -50 20 0 0 -1 0 1 0 1 0 0 3702.dat
1 7 80 -32 -90 1 0 0 0 0.966 -0.259 0 0.259 0.966 2791.dat
1 7 150 -12 -90 0 -1 0 1 0 0 0 0 1 3749.dat
1 7 10 -10 -90 0 -1 0 1 0 0 0 0 1 3749.dat
1 15 80 -18 -150 1 0 0 0 1 0 0 0 1 3023.dat
1 7 80 -74.189 152.327 1 0 0 0 0.904 -0.427 0 0.427 0.904 3673.dat
1 15 70 -66.149 111.897 0 0 1 0.427 0.904 0 -0.904 0.427 0 3894.dat
1 15 90 -66.149 111.897 0 0 1 0.427 0.904 0 -0.904 0.427 0 3894.dat
1 7 100 -48.569 98.087 1 0 0 0 0.515143 -0.856984 0 0.856984 0.515143 3749.dat
1 7 60 -48.569 98.087 -1 0 0 0 0.515143 0.856984 0 0.856984 -0.515143 3749.dat
1 15 80 -90.461 144.641 -1 0 0 0 0.904 0.427 0 0.427 -0.904 3738.dat
1 0 50 -48.569 98.087 0 1 0 0.856984 0 -0.515143 -0.515143 0 -0.856984 2825.dat
1 0 110 -48.569 98.087 0 -1 0 -0.856984 0 -0.515143 0.515143 0 -0.856984 2825.dat
1 0 80 -40 80 1 0 0 0 1 0 0 0 1 3707.dat
1 7 80 -32 -90 1 0 0 0 1 0 0 0 1 2790.dat
1 0 80 -40 40 1 0 0 0 0.986 0.167 0 -0.167 0.986 3706.dat
1 0 80 -99.16 50.006 1 0 0 0 0.167 -0.986 0 0.986 0.167 3704.dat
1 7 80 -99.16 50.006 0 0 1 0.986 0.167 0 -0.167 0.986 0 3713.dat
1 0 70 -40 39.986 0 -1 0 0.167 0 -0.986 0.986 0 0.167 2825.dat
1 0 90 -40 39.986 0 1 0 -0.167 0 -0.986 -0.986 0 0.167 2825.dat
1 7 150 -40 80 0 0 -1 0 1 0 1 0 0 3713.dat
1 7 10 -40 80 0 0 1 0 -1 0 1 0 0 3713.dat
1 0 80 -79.449 46.652 1 0 0 0 -0.515 0.857 0 -0.857 -0.515 4519.dat
1 7 80 -49.387 -94.659 1 0 0 0 0.966 -0.259 0 0.259 0.966 3647.dat
1 0 80 -55.598 -71.477 0 0 1 0.259 0.966 0 -0.966 0.259 0 3705.dat
1 7 80 -55.598 -71.477 1 0 0 0 0.966 -0.259 0 0.259 0.966 3713.dat
1 7 80 -60.778 -52.157 -1 0 0 0 0.966 0.259 0 0.259 -0.966 3713.dat
1 15 80 -10 22 1 0 0 0 0 -1 0 1 0 3710.dat
1 15 80 -40 14 0 0 1 1 0 0 0 1 0 3709.dat
1 15 80 -50 22 1 0 0 0 0 -1 0 1 0 3710.dat
1 15 80 -101.968 150.256 -1 0 0 0 0.904 0.427 0 0.427 -0.904 3666.dat
1 15 10 -97.695 141.215 0 0 -1 -0.427 0.904 0 0.904 0.427 0 3023.dat
1 15 150 -97.695 141.215 0 0 -1 -0.427 0.904 0 0.904 0.427 0 3023.dat
1 14 170 0 -130 0 0 1 0 1 0 -1 0 0 3482.dat
1 0 180 0 -130 0 0 1 0 1 0 -1 0 0 2346.dat
1 0 180 0 120 0 0 1 0 1 0 -1 0 0 2346.dat
1 14 170 0 120 0 0 1 0 1 0 -1 0 0 3482.dat
1 0 -20 0 -130 0 0 -1 0 1 0 1 0 0 2346.dat
1 14 -10 0 -130 0 0 -1 0 1 0 1 0 0 3482.dat
1 14 -10 0 120 0 0 -1 0 1 0 1 0 0 3482.dat
1 0 -20 0 120 0 0 -1 0 1 0 1 0 0 2346.dat
1 7 80 -64.657 -37.669 1 0 0 0 0.966 -0.259 0 0.259 0.966 4185.dat
