0 Main
0 Name: 42029 - Customized Pick Up Truck.mpd
0 Author: LTRON
1 4 0 13.819 -4.942 0 0 -1 0.999 0.043 0 0.043 -0.999 0 32278.dat
1 1 -140 12.959 15.038 0 0 -1 -0.043 0.999 0 0.999 0.043 0 6558.dat
1 1 -120 12.959 15.038 0 0 -1 -0.043 0.999 0 0.999 0.043 0 6558.dat
1 1 140 12.959 15.038 0 0 -1 -0.043 0.999 0 0.999 0.043 0 6558.dat
1 1 120 12.959 15.038 0 0 -1 -0.043 0.999 0 0.999 0.043 0 6558.dat
1 0 100 14.249 -14.932 0 0 -1 -0.043 0.999 0 0.999 0.043 0 2780.dat
1 0 80 14.249 -14.932 0 0 -1 -0.043 0.999 0 0.999 0.043 0 2780.dat
1 0 60 14.249 -14.932 0 0 -1 -0.043 0.999 0 0.999 0.043 0 2780.dat
1 0 20 14.249 -14.932 0 0 -1 -0.043 0.999 0 0.999 0.043 0 2780.dat
1 0 -20 14.249 -14.932 0 0 -1 -0.043 0.999 0 0.999 0.043 0 2780.dat
1 71 60 14.679 -24.922 0 0 -1 -0.999 -0.043 0 -0.043 0.999 0 60484.dat
1 71 -60 14.679 -24.922 0 0 1 0.999 -0.043 0 0.043 0.999 0 60484.dat
1 72 -40 12.529 25.028 0 -0.195 0.981 0.043 0.980019 0.194805 -0.999 0.042183 0.008385 87083.dat
1 4 140 -46.981 12.458 -1 0 0 0 -0.043 0.999 0 0.999 0.043 32140.dat
1 4 -140 -46.981 12.458 1 0 0 0 0.043 0.999 0 -0.999 0.043 32140.dat
1 0 80 74.619 -22.342 1 0 0 0 -0.043 -0.999 0 0.999 -0.043 32140.dat
1 0 -80 15.109 -34.912 0 0 1 0.999 -0.043 0 0.043 0.999 0 87408.dat
1 72 -100 14.679 -24.922 0 0 1 0.043 0.999 0 -0.999 0.043 0 11214.dat
1 72 -60 14.679 -24.922 0 0 1 0.043 0.999 0 -0.999 0.043 0 11214.dat
1 72 -80 13.389 5.048 0 0 1 0.043 0.999 0 -0.999 0.043 0 55013.dat
1 4 -80 -3.366 -70.737 -1 0 0 0 -0.043 0.999 0 0.999 0.043 6632.dat
1 19 -80 16.098 -57.889 1 0 0 0 -0.999 0.043 0 -0.043 -0.999 6589.dat
1 14 -65 17.259 -84.862 0 0 -1 -0.99372 0.11336 0 0.11336 0.99372 0 32123.dat
1 72 -90 17.259 -84.862 1 0 0 0 -0.11336 0.99372 0 -0.99372 -0.11336 87083.dat
1 4 -80 17.259 -84.862 1 0 0 0 0.999 -0.043 0 0.043 0.999 32013.dat
1 72 -80 18.979 -124.822 0 0 -1 -0.043 0.999 0 0.999 0.043 0 11214.dat
1 19 -97 17.259 -84.862 0 0 -1 0.11336 0.99372 0 0.99372 -0.11336 0 32198.dat
1 0 -130 17.259 -84.862 0 0 -1 0.11336 0.99372 0 0.99372 -0.11336 0 59443.dat
1 0 -80 74.619 -22.342 -1 0 0 0 0.043 -0.999 0 -0.999 -0.043 32140.dat
1 71 80 74.619 -22.342 0 0 1 0.043 0.999 0 -0.999 0.043 0 4519.dat
1 4 80 76.769 -72.292 0 0 1 0.043 0.999 0 -0.999 0.043 0 32062.dat
1 0 80 75.909 -52.312 -1 0 0 0 0.999 0.043 0 0.043 -0.999 59443.dat
1 0 80 77.629 -92.272 -1 0 0 0 0.999 0.043 0 0.043 -0.999 59443.dat
1 71 -80 74.619 -22.342 0 0 1 0.043 0.999 0 -0.999 0.043 0 4519.dat
1 4 -80 76.769 -72.292 0 0 1 0.043 0.999 0 -0.999 0.043 0 32062.dat
1 0 -80 75.909 -52.312 -1 0 0 0 0.999 0.043 0 0.043 -0.999 59443.dat
1 0 -80 77.629 -92.272 -1 0 0 0 0.999 0.043 0 0.043 -0.999 59443.dat
1 0 -80 78.919 -122.242 -1 0 0 0 0.043 -0.999 0 -0.999 -0.043 32140.dat
1 71 80 78.919 -122.242 0 -1 0 -0.043 0 -0.999 0.999 0 -0.043 4519.dat
1 71 -80 78.919 -122.242 0 -1 0 -0.043 0 -0.999 0.999 0 -0.043 4519.dat
1 0 -20 -5.731 -15.792 0 -1 0 -0.043 0 -0.999 0.999 0 -0.043 2780.dat
1 0 20 -5.731 -15.792 0 -1 0 -0.043 0 -0.999 0.999 0 -0.043 2780.dat
1 0 0 -5.731 -15.792 0 -1 0 -0.043 0 -0.999 0.999 0 -0.043 2780.dat
1 0 0 -6.161 -5.802 0 0 1 0.999 -0.043 0 0.043 0.999 0 32523.dat
1 0 0 -5.301 -25.782 0 0 1 -0.043 -0.999 0 0.999 -0.043 0 32557.dat
1 71 0 13.819 -4.942 0 0 -1 0.043 -0.999 0 -0.999 -0.043 0 44294.dat
1 19 0 16.829 -74.872 1 0 0 0 -0.999 0.043 0 -0.043 -0.999 6538.dat
1 0 0 18.549 -114.832 0 0 1 -0.043 -0.999 0 0.999 -0.043 0 3705.dat
1 4 0 16.829 -74.872 -1 0 0 0 -0.999 -0.043 0 -0.043 0.999 6539.dat
1 72 0 15.539 -44.902 0.981 0.195 0 0.194805 -0.980019 0.043 0.008385 -0.042183 -0.999 6542.dat
1 71 0 12.959 15.038 -1 0 0 0 -0.999 -0.043 0 -0.043 0.999 94925.dat
1 0 -40 18.549 -114.832 0 0.195 -0.981 0.043 -0.980019 -0.194805 -0.999 -0.042183 -0.008385 3706.dat
1 0 -40 15.969 -54.892 0.981 0.195 0 0.194805 -0.980019 0.043 0.008385 -0.042183 -0.999 59443.dat
1 19 -40 15.109 -34.912 0 0.195 -0.981 0.043 -0.980019 -0.194805 -0.999 -0.042183 -0.008385 3749.dat
1 4 -40 17.259 -84.862 0.981 0.195 0 0.194805 -0.980019 0.043 0.008385 -0.042183 -0.999 3713.dat
1 71 -40 18.119 -104.842 0.981 0.195 0 0.194805 -0.980019 0.043 0.008385 -0.042183 -0.999 94925.dat
1 0 80 78.919 -122.242 1 0 0 0 -0.043 -0.999 0 0.999 -0.043 32140.dat
1 0 80 19.409 -134.812 0 1 0 0.043 0 -0.999 -0.999 0 -0.043 2780.dat
1 0 40 14.249 -14.932 0 1 0 0.043 0 -0.999 -0.999 0 -0.043 3707.dat
1 0 40 17.689 -94.852 0 1 0 0.999 0 0.043 0.043 0 -0.999 59443.dat
1 19 40 18.549 -114.832 0 1 0 -0.043 0 0.999 0.999 0 0.043 3749.dat
1 4 40 16.399 -64.882 0 1 0 -0.999 0 -0.043 -0.043 0 0.999 3713.dat
1 71 40 15.539 -44.902 0 1 0 -0.999 0 -0.043 -0.043 0 0.999 94925.dat
1 4 40 12.959 15.038 0 1 0 -0.999 0 -0.043 -0.043 0 0.999 3713.dat
1 72 0 18.119 -104.842 0 1 0 -0.999 0 -0.043 -0.043 0 0.999 6542.dat
1 0 0 19.839 -144.802 0 0 -1 0.999 0.043 0 0.043 -0.999 0 41239.dat
1 72 120 19.839 -144.802 0 0 -1 -0.043 0.999 0 0.999 0.043 0 11214.dat
1 72 -120 19.839 -144.802 0 0 -1 -0.043 0.999 0 0.999 0.043 0 11214.dat
1 0 60 19.409 -134.812 0 0 -1 -0.043 0.999 0 0.999 0.043 0 2780.dat
1 0 20 19.409 -134.812 0 0 -1 -0.043 0.999 0 0.999 0.043 0 2780.dat
1 0 -20 19.409 -134.812 0 0 -1 -0.043 0.999 0 0.999 0.043 0 2780.dat
1 0 -60 19.409 -134.812 0 0 -1 -0.043 0.999 0 0.999 0.043 0 2780.dat
1 71 60 18.979 -124.822 0 0 -1 0.999 0.043 0 0.043 -0.999 0 60484.dat
1 71 -60 18.979 -124.822 0 0 1 -0.999 0.043 0 -0.043 -0.999 0 60484.dat
1 0 120 18.979 -124.822 0 1 0 0.043 0 -0.999 -0.999 0 -0.043 6536.dat
1 0 -120 18.979 -124.822 0 -1 0 0.043 0 0.999 -0.999 0 0.043 6536.dat
1 0 20 -0.571 -135.672 0 0 -1 -0.043 0.999 0 0.999 0.043 0 2780.dat
1 0 -20 -0.571 -135.672 0 0 -1 -0.043 0.999 0 0.999 0.043 0 2780.dat
1 0 0 -0.571 -135.672 0 0 -1 -0.043 0.999 0 0.999 0.043 0 2780.dat
1 0 0 -0.141 -145.662 0 0 -1 -0.999 -0.043 0 -0.043 0.999 0 32523.dat
1 0 0 -1.001 -125.682 0 0 -1 0.043 -0.999 0 -0.999 -0.043 0 32557.dat
1 1 -100 20.699 -164.782 0 0 1 0.043 0.999 0 -0.999 0.043 0 6558.dat
1 1 100 20.699 -164.782 0 0 1 0.043 0.999 0 -0.999 0.043 0 6558.dat
1 71 -80 12.959 15.038 -1 0 0 0 -0.999 -0.043 0 -0.043 0.999 94925.dat
1 71 -40 12.959 15.038 -0.981 0.195 0 -0.194805 -0.980019 -0.043 -0.008385 -0.042183 0.999 94925.dat
1 4 0 12.099 35.018 0 0 1 0.999 -0.043 0 0.043 0.999 0 32278.dat
1 0 100 12.529 25.028 0 0 1 -0.043 -0.999 0 0.999 -0.043 0 2780.dat
1 0 -100 11.669 45.008 0 0 1 -0.043 -0.999 0 0.999 -0.043 0 2780.dat
1 0 -60 11.669 45.008 0 0 1 -0.043 -0.999 0 0.999 -0.043 0 2780.dat
1 71 100 12.959 15.038 1 0 0 0 -0.043 -0.999 0 0.999 -0.043 32526.dat
1 4 -140 -7.881 34.158 1 0 0 0 -0.043 -0.999 0 0.999 -0.043 32140.dat
1 1 -140 -66.961 11.598 0 1 0 0.043 0 -0.999 -0.999 0 -0.043 6558.dat
1 0 -120 -67.391 21.588 0 1 0 0.043 0 -0.999 -0.999 0 -0.043 2780.dat
1 0 -120 -66.961 11.598 0 0 1 0.999 -0.043 0 0.043 0.999 0 32523.dat
1 72 -140 -7.021 14.178 0 0 1 -0.043 -0.999 0 0.999 -0.043 0 11214.dat
1 1 -140 -27.001 13.318 0 0 -1 0.043 -0.999 0 -0.999 -0.043 0 6558.dat
1 4 140 -7.881 34.158 -1 0 0 0 0.043 -0.999 0 -0.999 -0.043 32140.dat
1 1 140 -66.961 11.598 0 1 0 0.043 0 -0.999 -0.999 0 -0.043 6558.dat
1 0 120 -67.391 21.588 0 1 0 0.043 0 -0.999 -0.999 0 -0.043 2780.dat
1 72 140 -7.021 14.178 0 0 1 -0.043 -0.999 0 0.999 -0.043 0 11214.dat
1 1 140 -27.001 13.318 0 0 -1 0.043 -0.999 0 -0.999 -0.043 0 6558.dat
1 71 -20 -23.991 -56.612 0 -1 0 0.999 0 -0.043 0.043 0 0.999 40490.dat
1 1 0 -20.551 -136.532 1 0 0 0 0.999 -0.043 0 0.043 0.999 6558.dat
1 1 0 -21.411 -116.552 1 0 0 0 0.999 -0.043 0 0.043 0.999 6558.dat
1 1 0 -22.271 -96.572 1 0 0 0 0.999 -0.043 0 0.043 0.999 6558.dat
1 1 0 -23.991 -56.612 1 0 0 0 0.999 -0.043 0 0.043 0.999 6558.dat
1 71 20 -23.991 -56.612 0 -1 0 0.999 0 -0.043 0.043 0 0.999 40490.dat
1 1 -20 -25.711 -16.652 1 0 0 0 0.999 -0.043 0 0.043 0.999 6558.dat
1 0 -30 -24.851 -36.632 1 0 0 0 0.999 -0.043 0 0.043 0.999 2780.dat
1 1 20 -24.851 -36.632 -1 0 0 0 0.999 0.043 0 0.043 -0.999 6558.dat
1 0 30 -25.711 -16.652 -1 0 0 0 0.999 0.043 0 0.043 -0.999 2780.dat
1 4 0 -43.111 -77.452 -1 0 0 0 0.043 -0.999 0 -0.999 -0.043 6641.dat
1 71 0 -50.104 -77.753 0 0 -1 0.999 0.043 0 0.043 -0.999 0 2736.dat
1 28 -20 -23.131 -76.592 1 0 0 0 -0.043 -0.999 0 0.999 -0.043 15462.dat
1 71 40 -24.851 -36.632 0 -1 0 0.999 0 -0.043 0.043 0 0.999 32316.dat
1 71 -40 -24.851 -36.632 0 -1 0 0.999 0 -0.043 0.043 0 0.999 32316.dat
1 0 50 -23.991 -56.612 1 0 0 0 0.999 -0.043 0 0.043 0.999 2780.dat
1 0 -50 -23.991 -56.612 1 0 0 0 0.999 -0.043 0 0.043 0.999 2780.dat
1 1 -80 -121.6003 -34.9094 0 -1 0 -0.217203 0 0.976171 -0.976171 0 -0.217203 32526.dat
1 71 -60 -121.6003 -34.9094 -1 0 0 0 0.217203 0.976171 0 0.976171 -0.217203 87082.dat
1 1 -60 -63.0301 -47.9416 1 0 0 0 -0.217203 0.976171 0 -0.976171 -0.217203 6558.dat
1 1 -60 -52.1948 -91.3325 1 0 0 0 -0.217203 0.976171 0 -0.976171 -0.217203 6558.dat
1 71 -60 -52.1948 -91.3325 0 -1 0 0.976171 0 0.217203 -0.217203 0 0.976171 60484.dat
1 1 -40 -121.6003 -34.9094 0 -1 0 -0.217203 0 0.976171 -0.976171 0 -0.217203 32526.dat
1 1 40 -121.6003 -34.9094 0 -1 0 -0.217203 0 0.976171 -0.976171 0 -0.217203 32526.dat
1 71 60 -121.6003 -34.9094 -1 0 0 0 0.217203 0.976171 0 0.976171 -0.217203 87082.dat
1 1 60 -63.0301 -47.9416 1 0 0 0 -0.217203 0.976171 0 -0.976171 -0.217203 6558.dat
1 1 60 -52.1948 -91.3325 1 0 0 0 -0.217203 0.976171 0 -0.976171 -0.217203 6558.dat
1 71 60 -52.1948 -91.3325 0 -1 0 0.976171 0 0.217203 -0.217203 0 0.976171 60484.dat
1 1 80 -121.6003 -34.9094 0 -1 0 -0.217203 0 0.976171 -0.976171 0 -0.217203 32526.dat
1 71 -100 -23.131 -76.592 1 0 0 0 0.999 -0.043 0 0.043 0.999 4519.dat
1 0 -70 -23.131 -76.592 0 0 1 0.043 0.999 0 -0.999 0.043 0 59443.dat
1 4 -100 -23.131 -76.592 0 0 1 0.043 0.999 0 -0.999 0.043 0 3713.dat
1 14 -115 -63.091 -78.312 0 -1 0 0.043 0 0.999 -0.999 0 0.043 6632.dat
1 4 140 -106.061 -10.102 1 0 0 0 0.043 0.999 0 -0.999 0.043 32525.dat
1 4 -140 -106.061 -10.102 1 0 0 0 0.043 0.999 0 -0.999 0.043 32525.dat
1 0 -140 -146.451 -1.832 0 -1 0 0.043 0 0.999 -0.999 0 0.043 2780.dat
1 0 140 -146.451 -1.832 0 -1 0 0.043 0 0.999 -0.999 0 0.043 2780.dat
1 4 140 20.699 -164.782 -1 0 0 0 0.999 0.043 0 0.043 -0.999 44809.dat
1 4 -140 20.699 -164.782 0 0 -1 -0.043 0.999 0 0.999 0.043 0 44809.dat
1 1 -140 20.699 -164.782 0 0 -1 0.999 0.043 0 0.043 -0.999 0 6558.dat
1 1 140 20.699 -164.782 0 0 -1 0.999 0.043 0 0.043 -0.999 0 6558.dat
1 72 160 17.259 -84.862 0 1 0 0.999 0 0.043 0.043 0 -0.999 32524.dat
1 0 150 19.839 -144.802 1 0 0 0 -0.999 0.043 0 -0.043 -0.999 2780.dat
1 0 150 15.539 -44.902 1 0 0 0 -0.999 0.043 0 -0.043 -0.999 2780.dat
1 71 140 15.539 -44.902 0 -1 0 -0.999 0 0.043 -0.043 0 -0.999 87082.dat
1 4 140 -2.721 -85.722 -1 0 0 0 0.999 0.043 0 0.043 -0.999 32316.dat
1 1 140 18.979 -124.822 0 1 0 0.999 0 0.043 0.043 0 -0.999 6558.dat
1 72 -160 17.259 -84.862 0 -1 0 0.999 0 -0.043 0.043 0 0.999 32524.dat
1 0 -150 19.839 -144.802 -1 0 0 0 -0.999 -0.043 0 -0.043 0.999 2780.dat
1 0 -150 15.539 -44.902 -1 0 0 0 -0.999 -0.043 0 -0.043 0.999 2780.dat
1 71 -140 15.539 -44.902 0 1 0 -0.999 0 -0.043 -0.043 0 0.999 87082.dat
1 4 -140 -2.721 -85.722 1 0 0 0 0.999 -0.043 0 0.043 0.999 32316.dat
1 1 -140 18.979 -124.822 0 -1 0 0.999 0 -0.043 0.043 0 0.999 6558.dat
1 71 -160 17.259 -84.862 1 0 0 0 0.99372 0.11336 0 -0.11336 0.99372 4519.dat
1 0 -180 17.259 -84.862 0 0 1 -0.11336 0.99372 0 -0.99372 -0.11336 0 32270.dat
1 4 120 -146.881 8.158 1 0 0 0 -0.999 0.043 0 -0.043 -0.999 44809.dat
1 4 -120 -146.881 8.158 0 0 1 -0.043 -0.999 0 0.999 -0.043 0 44809.dat
1 1 120 -166.861 7.298 0 0 -1 -0.999 -0.043 0 -0.043 0.999 0 6558.dat
1 1 -120 -166.861 7.298 0 0 -1 -0.999 -0.043 0 -0.043 0.999 0 6558.dat
1 4 -120 -147.741 28.138 1 0 0 0 -0.043 -0.999 0 0.999 -0.043 32054.dat
1 4 120 -147.741 28.138 -1 0 0 0 0.043 -0.999 0 -0.999 -0.043 32054.dat
1 72 0 -149.461 68.098 0 0 -1 -0.043 0.999 0 0.999 0.043 0 32525.dat
1 0 100 -159.451 67.668 0 0 -1 0.999 0.043 0 0.043 -0.999 0 2780.dat
1 0 80 -159.451 67.668 0 0 -1 0.999 0.043 0 0.043 -0.999 0 2780.dat
1 0 -100 -159.451 67.668 0 0 -1 0.999 0.043 0 0.043 -0.999 0 2780.dat
1 0 -80 -159.451 67.668 0 0 -1 0.999 0.043 0 0.043 -0.999 0 2780.dat
1 71 120 -166.001 -12.682 -1 0 0 0 -0.999 -0.043 0 -0.043 0.999 32526.dat
1 71 -120 -166.001 -12.682 1 0 0 0 0.999 -0.043 0 0.043 0.999 32526.dat
1 71 -80 51.199 56.718 -1 0 0 0 0.043 -0.999 0 -0.999 -0.043 60484.dat
1 28 -80 49.479 96.678 0 1 0 0.043 0 -0.999 -0.999 0 -0.043 15462.dat
1 72 -80 50.339 76.698 0 1 0 -0.999 0 -0.043 -0.043 0 0.999 10928.dat
1 4 0 -203.381 -74.342 1 0 0 0 0.999 -0.043 0 0.043 0.999 64782.dat
1 1 -120 -201.661 -114.302 -1 0 0 0 0.999 0.043 0 0.043 -0.999 6558.dat
1 1 120 -201.661 -114.302 1 0 0 0 0.999 -0.043 0 0.043 0.999 6558.dat
1 0 -110 -205.101 -34.382 1 0 0 0 0.999 -0.043 0 0.043 0.999 2780.dat
1 0 110 -205.101 -34.382 1 0 0 0 0.999 -0.043 0 0.043 0.999 2780.dat
1 4 -120 -204.241 -54.362 0 -1 0 0.999 0 -0.043 0.043 0 0.999 32524.dat
1 4 120 -204.241 -54.362 0 -1 0 0.999 0 -0.043 0.043 0 0.999 32524.dat
1 0 -130 -206.821 5.578 -1 0 0 0 -0.999 -0.043 0 -0.043 0.999 2780.dat
1 0 130 -206.821 5.578 -1 0 0 0 -0.999 -0.043 0 -0.043 0.999 2780.dat
1 0 130 -203.381 -74.342 -1 0 0 0 -0.999 -0.043 0 -0.043 0.999 2780.dat
1 0 -130 -203.381 -74.342 -1 0 0 0 -0.999 -0.043 0 -0.043 0.999 2780.dat
1 4 140 -186.841 6.438 -1 0 0 0 -0.043 0.999 0 0.999 0.043 44809.dat
1 4 -140 -186.841 6.438 0 0 -1 -0.999 -0.043 0 -0.043 0.999 0 44809.dat
1 4 140 -186.841 6.438 0 0 1 0.043 0.999 0 -0.999 0.043 0 32054.dat
1 4 -140 -186.841 6.438 0 0 1 0.043 0.999 0 -0.999 0.043 0 32054.dat
1 4 0 -92.7769 -368.9498 0 1 0 0.989748 0 0.141686 0.141686 0 -0.989748 32140.dat
1 1 0 -64.4727 -425.5026 -1 0 0 0 0.989748 0.141686 0 0.141686 -0.989748 6558.dat
1 1 0 -89.9412 -388.7456 -1 0 0 0 0.989748 0.141686 0 0.141686 -0.989748 6558.dat
1 4 20 -92.7769 -368.9498 0 1 0 0.989748 0 0.141686 0.141686 0 -0.989748 32140.dat
1 4 -20 -92.7769 -368.9498 0 1 0 0.989748 0 0.141686 0.141686 0 -0.989748 32140.dat
1 0 -40 -85.6865 -418.4409 -1 0 0 0 -0.141686 0.989748 0 0.989748 0.141686 32138.dat
1 0 40 -85.6865 -418.4409 -1 0 0 0 -0.141686 0.989748 0 0.989748 0.141686 32138.dat
1 4 -60 -101.2853 -309.5602 0 -1 0 0.989748 0 -0.141686 0.141686 0 0.989748 41239.dat
1 72 -60 -118.301 -190.782 -1 0 0 0 -0.999 -0.043 0 -0.043 0.999 11214.dat
1 71 0 -115.4652 -210.5789 -1 0 0 0 -0.989748 -0.141686 0 -0.141686 0.989748 4519.dat
1 4 -40 -115.4652 -210.5789 -1 0 0 0 -0.989748 -0.141686 0 -0.141686 0.989748 32054.dat
1 4 40 -115.4652 -210.5789 1 0 0 0 -0.989748 0.141686 0 -0.141686 -0.989748 32054.dat
1 4 40 -116.8821 -200.6814 0 1 0 0.989748 0 0.141686 0.141686 0 -0.989748 43857.dat
1 4 -40 -116.8821 -200.6814 0 1 0 0.989748 0 0.141686 0.141686 0 -0.989748 43857.dat
1 4 60 -101.2853 -309.5602 0 -1 0 0.989748 0 -0.141686 0.141686 0 0.989748 41239.dat
1 72 60 -118.301 -190.782 1 0 0 0 -0.999 0.043 0 -0.043 -0.999 11214.dat
1 0 80 -118.301 -190.782 0 -1 0 0.999 0 -0.043 0.043 0 0.999 32140.dat
1 0 -80 -118.301 -190.782 0 -1 0 0.999 0 -0.043 0.043 0 0.999 32140.dat
1 0 -100 -120.021 -150.822 0 -1 0 0.999 0 -0.043 0.043 0 0.999 32523.dat
1 0 100 -120.021 -150.822 0 -1 0 0.999 0 -0.043 0.043 0 0.999 32523.dat
1 0 -90 -120.021 -150.822 -1 0 0 0 -0.999 -0.043 0 -0.043 0.999 2780.dat
1 0 90 -120.021 -150.822 -1 0 0 0 -0.999 -0.043 0 -0.043 0.999 2780.dat
1 1 100 -120.881 -130.842 -1 0 0 0 -0.999 -0.043 0 -0.043 0.999 6558.dat
1 1 -100 -120.881 -130.842 1 0 0 0 -0.999 0.043 0 -0.043 -0.999 6558.dat
1 0 120 -100.901 -129.982 0 0 -1 0.043 -0.999 0 -0.999 -0.043 0 6536.dat
1 0 -120 -100.901 -129.982 0 0 -1 0.043 -0.999 0 -0.999 -0.043 0 6536.dat
1 72 120 -100.041 -149.962 0 0 1 -0.043 -0.999 0 0.999 -0.043 0 11214.dat
1 72 -120 -100.041 -149.962 0 0 1 -0.043 -0.999 0 0.999 -0.043 0 11214.dat
1 0 0 -100.041 -149.962 0 0 1 -0.999 0.043 0 -0.043 -0.999 0 41239.dat
1 4 -120 -99.181 -169.942 0 0 1 -0.999 0.043 0 -0.043 -0.999 0 44809.dat
1 4 120 -99.181 -169.942 1 0 0 0 0.043 0.999 0 -0.999 0.043 44809.dat
1 0 140 -89.191 -169.512 0 0 -1 0.999 0.043 0 0.043 -0.999 0 2780.dat
1 0 -140 -89.191 -169.512 0 0 -1 0.999 0.043 0 0.043 -0.999 0 2780.dat
1 72 -120 -119.161 -170.802 -1 0 0 0 0.825 -0.565 0 -0.565 -0.825 11214.dat
1 72 120 -119.161 -170.802 1 0 0 0 -0.825 -0.565 0 0.565 -0.825 11214.dat
1 4 -60 -100.041 -149.962 0 1 0 0.043 0 -0.999 -0.999 0 -0.043 32054.dat
1 4 60 -101.331 -119.992 0 0 -1 0.043 -0.999 0 -0.999 -0.043 0 32062.dat
1 0 60 -102.363 -96.016 1 0 0 0 0.043 0.999 0 -0.999 0.043 2819.dat
1 4 60 -100.041 -149.962 0 -1 0 0.043 0 0.999 -0.999 0 0.043 32054.dat
1 0 -100 -99.611 -159.952 0 0 -1 0.043 -0.999 0 -0.999 -0.043 0 2780.dat
1 0 100 -99.611 -159.952 0 0 -1 0.043 -0.999 0 -0.999 -0.043 0 2780.dat
1 72 -140 -60.081 -148.242 0 1 0 -0.043 0 0.999 0.999 0 0.043 10197.dat
1 4 -155 -60.081 -148.242 0 1 0 -0.043 0 0.999 0.999 0 0.043 6632.dat
1 72 -140 -20.121 -146.522 0 1 0 0.043 0 -0.999 -0.999 0 -0.043 10197.dat
1 4 -165 -60.081 -148.242 0 1 0 -0.043 0 0.999 0.999 0 0.043 6632.dat
1 0 -140 -60.511 -138.252 0 1 0 -0.043 0 0.999 0.999 0 0.043 2780.dat
1 0 -140 -20.551 -136.532 0 1 0 -0.043 0 0.999 0.999 0 0.043 2780.dat
1 72 -140 -80.061 -149.102 1 0 0 0 -0.999 0.043 0 -0.043 -0.999 60483.dat
1 72 -140 -0.141 -145.662 1 0 0 0 -0.999 0.043 0 -0.043 -0.999 60483.dat
1 72 140 -20.121 -146.522 0 -1 0 -0.043 0 -0.999 0.999 0 -0.043 10197.dat
1 4 155 -20.121 -146.522 0 -1 0 -0.043 0 -0.999 0.999 0 -0.043 6632.dat
1 72 140 -60.081 -148.242 0 -1 0 0.043 0 0.999 -0.999 0 0.043 10197.dat
1 4 165 -20.121 -146.522 0 -1 0 -0.043 0 -0.999 0.999 0 -0.043 6632.dat
1 0 140 -20.551 -136.532 0 -1 0 -0.043 0 -0.999 0.999 0 -0.043 2780.dat
1 0 140 -60.511 -138.252 0 -1 0 -0.043 0 -0.999 0.999 0 -0.043 2780.dat
1 72 140 -0.141 -145.662 -1 0 0 0 0.999 0.043 0 0.043 -0.999 60483.dat
1 72 140 -80.061 -149.102 -1 0 0 0 0.999 0.043 0 0.043 -0.999 60483.dat
1 4 140 -119.161 -170.802 0 -1 0 0.565 0 -0.825 0.825 0 0.565 6629.dat
1 4 -140 -119.161 -170.802 0 -1 0 0.565 0 -0.825 0.825 0 0.565 6629.dat
1 0 40 -205.531 -24.392 0 -1 0 -0.043 0 -0.999 0.999 0 -0.043 2780.dat
1 0 -40 -205.531 -24.392 0 -1 0 -0.043 0 -0.999 0.999 0 -0.043 2780.dat
1 4 0 -205.961 -14.402 0 0 1 -0.999 0.043 0 -0.043 -0.999 0 11954.dat
1 1 -120 -169.441 67.238 0 0 1 -0.999 0.043 0 -0.043 -0.999 0 6558.dat
1 1 120 -169.441 67.238 0 0 1 -0.999 0.043 0 -0.043 -0.999 0 6558.dat
1 0 30 -27.431 23.308 1 0 0 0 0.043 0.999 0 -0.999 0.043 2780.dat
1 0 -30 -27.431 23.308 1 0 0 0 0.043 0.999 0 -0.999 0.043 2780.dat
1 16 119.9998 -156.4293 67.7823 -1 0.000085 0 -0.000085 -0.999305 -0.035217 -0.000004 -0.035217 0.999305 79.dat
1 16 119.9981 -150.7893 67.9416 -1 0.000513 -0.00018 -0.000509 -0.999699 -0.021251 -0.000191 -0.021251 0.999699 80.dat
1 16 119.993 -145.4028 68.0153 -0.999999 0.001429 -0.000693 -0.001425 -0.99991 -0.005355 -0.000701 -0.005354 0.999911 80.dat
1 16 119.9815 -140.2659 67.9975 -0.999994 0.003063 -0.001631 -0.003083 -0.999845 0.012257 -0.001593 0.012263 0.999848 80.dat
1 16 119.9586 -134.8802 67.8824 -0.999981 0.005333 -0.003023 -0.00542 -0.999471 0.029658 -0.002864 0.029674 0.99948 80.dat
1 16 119.9215 -129.4976 67.6729 -0.99995 0.008581 -0.005052 -0.008818 -0.998687 0.04895 -0.004626 0.048992 0.998713 80.dat
1 16 119.8672 -124.3698 67.3725 -0.999891 0.01257 -0.007694 -0.013063 -0.997534 0.067854 -0.006823 0.067947 0.99759 80.dat
1 16 119.7843 -119.0006 66.947 -0.999775 0.017962 -0.01127 -0.018892 -0.995791 0.088835 -0.009627 0.089028 0.995907 80.dat
1 16 119.6695 -113.6421 66.4088 -0.999561 0.024954 -0.015966 -0.026578 -0.993339 0.111452 -0.013079 0.111827 0.993566 80.dat
1 16 119.5204 -108.5466 65.7767 -0.999217 0.033097 -0.021688 -0.035702 -0.990319 0.133579 -0.017057 0.134249 0.990725 80.dat
1 16 119.3128 -103.2228 64.9842 -0.998631 0.043509 -0.029033 -0.047554 -0.986273 0.157654 -0.021775 0.158819 0.986991 80.dat
1 16 119.0424 -97.9239 64.0563 -0.997593 0.057496 -0.038767 -0.063705 -0.980604 0.184952 -0.027381 0.186977 0.981906 80.dat
1 16 118.689 -92.6594 62.9737 -0.996074 0.073001 -0.050066 -0.081966 -0.974096 0.210405 -0.033409 0.213682 0.976255 80.dat
1 16 118.2436 -87.4344 61.7449 -0.993531 0.093302 -0.064735 -0.106188 -0.965225 0.23857 -0.040225 0.2439 0.968888 80.dat
1 16 117.7057 -82.5024 60.417 -0.989868 0.116097 -0.081755 -0.133866 -0.954879 0.26483 -0.04732 0.27309 0.960746 80.dat
1 16 116.9961 -77.3981 58.8536 -0.98384 0.145962 -0.103701 -0.170439 -0.940765 0.292852 -0.054813 0.305794 0.95044 80.dat
1 16 116.1175 -72.376 57.1208 -0.974661 0.181883 -0.130212 -0.214872 -0.922928 0.319192 -0.062121 0.339083 0.938623 80.dat
1 16 115.079 -67.6896 55.298 -0.961658 0.222451 -0.160406 -0.265473 -0.901678 0.341102 -0.068755 0.370607 0.92616 80.dat
1 16 113.7383 -62.912 53.2106 -0.941628 0.272984 -0.197021 -0.328386 -0.873501 0.359177 -0.074049 0.402909 0.912157 80.dat
1 16 112.1058 -58.3044 50.9592 -0.910556 0.336121 -0.240646 -0.406168 -0.835515 0.369854 -0.076747 0.434515 0.897305 80.dat
1 16 110.2178 -54.1188 48.6679 -0.872317 0.399085 -0.282479 -0.482743 -0.794411 0.368405 -0.077379 0.45773 0.885633 80.dat
1 16 107.8466 -50.0003 46.15 -0.814747 0.477919 -0.3283 -0.575102 -0.737826 0.353156 -0.073449 0.476539 0.875995 80.dat
1 16 105.0654 -46.1933 43.5639 -0.743645 0.558791 -0.367075 -0.665197 -0.6731 0.322954 -0.066614 0.484341 0.872254 80.dat
1 16 101.9954 -42.9169 41.0874 -0.662823 0.63692 -0.393699 -0.746443 -0.603022 0.281135 -0.058347 0.480216 0.875122 80.dat
1 16 98.3442 -39.8943 38.5512 -0.56897 0.715569 -0.405259 -0.820857 -0.523326 0.228417 -0.048635 0.462622 0.885136 80.dat
1 16 94.3172 -37.2773 36.1337 -0.476486 0.783286 -0.399279 -0.87817 -0.445088 0.174829 -0.040773 0.433938 0.899937 80.dat
1 16 89.9383 -35.0925 33.9031 -0.3886 0.840362 -0.377865 -0.920664 -0.369806 0.124383 -0.035209 0.396223 0.917397 80.dat
1 16 85.2979 -33.2736 31.8773 -0.311695 0.884902 -0.346113 -0.949559 -0.302512 0.081704 -0.032403 0.354121 0.934557 80.dat
1 16 80.6668 -31.8681 30.1692 -0.247346 0.918348 -0.308961 -0.968333 -0.244755 0.047719 -0.031797 0.310979 0.949806 80.dat
1 16 75.6499 -30.6883 28.614 -0.194074 0.943223 -0.269564 -0.980373 -0.19561 0.02137 -0.032572 0.268421 0.962673 80.dat
1 16 70.5188 -29.7488 27.2811 -0.147258 0.962698 -0.226996 -0.988439 -0.151121 0.000316 -0.034 0.224419 0.973822 80.dat
1 16 65.5409 -29.0579 26.2242 -0.113098 0.975254 -0.189968 -0.992859 -0.117842 -0.013873 -0.035915 0.187043 0.981619 80.dat
1 16 60.2609 -28.5051 25.3194 -0.083982 0.984608 -0.153278 -0.995676 -0.088748 -0.024554 -0.03778 0.150553 0.987804 80.dat
1 16 54.9402 -28.0888 24.5946 -0.060456 0.991023 -0.119243 -0.997316 -0.064693 -0.032026 -0.039454 0.116986 0.992274 80.dat
1 16 49.8384 -27.8057 24.0699 -0.042073 0.995145 -0.088978 -0.998205 -0.045507 -0.036955 -0.040824 0.087263 0.995273 80.dat
1 16 44.4694 -27.6086 23.6826 -0.026054 0.997916 -0.059029 -0.998708 -0.028457 -0.040282 -0.041877 0.057903 0.997369 80.dat
1 16 39.0895 -27.4905 23.4379 -0.013413 0.999387 -0.032333 -0.998928 -0.014769 -0.042125 -0.042578 0.031733 0.998514 80.dat
1 16 33.8612 -27.4399 23.3279 -0.004302 -0.999932 0.010885 -0.998994 0.004765 0.04288 -0.042929 -0.010689 -0.998946 79.dat
1 16 -119.9998 -156.4293 67.7823 -1 -0.000085 0 0.000085 -0.999305 -0.035217 0.000004 -0.035217 0.999305 79.dat
1 16 -119.9981 -150.7893 67.9416 -1 -0.000513 0.00018 0.000509 -0.999699 -0.021251 0.000191 -0.021251 0.999699 80.dat
1 16 -119.993 -145.4028 68.0153 -0.999999 -0.001429 0.000693 0.001425 -0.99991 -0.005355 0.000701 -0.005354 0.999911 80.dat
1 16 -119.9815 -140.2659 67.9975 -0.999994 -0.003063 0.001631 0.003083 -0.999845 0.012257 0.001593 0.012263 0.999848 80.dat
1 16 -119.9586 -134.8802 67.8824 -0.999981 -0.005333 0.003023 0.00542 -0.999471 0.029658 0.002864 0.029674 0.99948 80.dat
1 16 -119.9215 -129.4976 67.6729 -0.99995 -0.008581 0.005052 0.008818 -0.998687 0.04895 0.004626 0.048992 0.998713 80.dat
1 16 -119.8672 -124.3698 67.3725 -0.999891 -0.01257 0.007694 0.013063 -0.997534 0.067854 0.006823 0.067947 0.99759 80.dat
1 16 -119.7843 -119.0006 66.947 -0.999775 -0.017962 0.01127 0.018892 -0.995791 0.088835 0.009627 0.089028 0.995907 80.dat
1 16 -119.6695 -113.6421 66.4088 -0.999561 -0.024954 0.015966 0.026578 -0.993339 0.111452 0.013079 0.111827 0.993566 80.dat
1 16 -119.5204 -108.5466 65.7767 -0.999217 -0.033097 0.021688 0.035702 -0.990319 0.133579 0.017057 0.134249 0.990725 80.dat
1 16 -119.3128 -103.2228 64.9842 -0.998631 -0.043509 0.029033 0.047554 -0.986273 0.157654 0.021775 0.158819 0.986991 80.dat
1 16 -119.0424 -97.9239 64.0563 -0.997593 -0.057496 0.038767 0.063705 -0.980604 0.184952 0.027381 0.186977 0.981906 80.dat
1 16 -118.689 -92.6594 62.9737 -0.996074 -0.073001 0.050066 0.081966 -0.974096 0.210405 0.033409 0.213682 0.976255 80.dat
1 16 -118.2436 -87.4344 61.7449 -0.993531 -0.093302 0.064735 0.106188 -0.965225 0.23857 0.040225 0.2439 0.968888 80.dat
1 16 -117.7057 -82.5024 60.417 -0.989868 -0.116097 0.081755 0.133866 -0.954879 0.26483 0.04732 0.27309 0.960746 80.dat
1 16 -116.9961 -77.3981 58.8536 -0.98384 -0.145962 0.103701 0.170439 -0.940765 0.292852 0.054813 0.305794 0.95044 80.dat
1 16 -116.1175 -72.376 57.1208 -0.974661 -0.181883 0.130212 0.214872 -0.922928 0.319192 0.062121 0.339083 0.938623 80.dat
1 16 -115.079 -67.6896 55.298 -0.961658 -0.222451 0.160406 0.265473 -0.901678 0.341102 0.068755 0.370607 0.92616 80.dat
1 16 -113.7383 -62.912 53.2106 -0.941628 -0.272984 0.197021 0.328386 -0.873501 0.359177 0.074049 0.402909 0.912157 80.dat
1 16 -112.1058 -58.3044 50.9592 -0.910556 -0.336121 0.240646 0.406168 -0.835515 0.369854 0.076747 0.434515 0.897305 80.dat
1 16 -110.2178 -54.1188 48.6679 -0.872317 -0.399085 0.282479 0.482743 -0.794411 0.368405 0.077379 0.45773 0.885633 80.dat
1 16 -107.8466 -50.0003 46.15 -0.814747 -0.477919 0.3283 0.575102 -0.737826 0.353156 0.073449 0.476539 0.875995 80.dat
1 16 -105.0654 -46.1933 43.5639 -0.743645 -0.558791 0.367075 0.665197 -0.6731 0.322954 0.066614 0.484341 0.872254 80.dat
1 16 -101.9954 -42.9169 41.0874 -0.662823 -0.63692 0.393699 0.746443 -0.603022 0.281135 0.058347 0.480216 0.875122 80.dat
1 16 -98.3442 -39.8943 38.5512 -0.56897 -0.715569 0.405259 0.820857 -0.523326 0.228417 0.048635 0.462622 0.885136 80.dat
1 16 -94.3172 -37.2773 36.1337 -0.476486 -0.783286 0.399279 0.87817 -0.445088 0.174829 0.040773 0.433938 0.899937 80.dat
1 16 -89.9383 -35.0925 33.9031 -0.3886 -0.840362 0.377865 0.920664 -0.369806 0.124383 0.035209 0.396223 0.917397 80.dat
1 16 -85.2979 -33.2736 31.8773 -0.311695 -0.884902 0.346113 0.949559 -0.302512 0.081704 0.032403 0.354121 0.934557 80.dat
1 16 -80.6668 -31.8681 30.1692 -0.247346 -0.918348 0.308961 0.968333 -0.244755 0.047719 0.031797 0.310979 0.949806 80.dat
1 16 -75.6499 -30.6883 28.614 -0.194074 -0.943223 0.269564 0.980373 -0.19561 0.02137 0.032572 0.268421 0.962673 80.dat
1 16 -70.5188 -29.7488 27.2811 -0.147258 -0.962698 0.226996 0.988439 -0.151121 0.000316 0.034 0.224419 0.973822 80.dat
1 16 -65.5409 -29.0579 26.2242 -0.113098 -0.975254 0.189968 0.992859 -0.117842 -0.013873 0.035915 0.187043 0.981619 80.dat
1 16 -60.2609 -28.5051 25.3194 -0.083982 -0.984608 0.153278 0.995676 -0.088748 -0.024554 0.03778 0.150553 0.987804 80.dat
1 16 -54.9402 -28.0888 24.5946 -0.060456 -0.991023 0.119243 0.997316 -0.064693 -0.032026 0.039454 0.116986 0.992274 80.dat
1 16 -49.8384 -27.8057 24.0699 -0.042073 -0.995145 0.088978 0.998205 -0.045507 -0.036955 0.040824 0.087263 0.995273 80.dat
1 16 -44.4694 -27.6086 23.6826 -0.026054 -0.997916 0.059029 0.998708 -0.028457 -0.040282 0.041877 0.057903 0.997369 80.dat
1 16 -39.0895 -27.4905 23.4379 -0.013413 -0.999387 0.032333 0.998928 -0.014769 -0.042125 0.042578 0.031733 0.998514 80.dat
1 16 -33.8612 -27.4399 23.3279 -0.004302 0.999932 -0.010885 0.998994 0.004765 0.04288 0.042929 -0.010689 -0.998946 79.dat
1 4 -80 59.799 -143.082 1 0 0 0 0.043 0.999 0 -0.999 0.043 32054.dat
1 4 80 59.799 -143.082 -1 0 0 0 -0.043 0.999 0 0.999 0.043 32054.dat
1 0 80 73.759 -2.362 0 0 -1 0.043 -0.999 0 -0.999 -0.043 0 6536.dat
1 0 -80 79.779 -142.222 0 0 -1 0.043 -0.999 0 -0.999 -0.043 0 6536.dat
1 0 80 79.779 -142.222 0 0 -1 0.043 -0.999 0 -0.999 -0.043 0 6536.dat
1 0 -80 73.759 -2.362 0 0 -1 0.043 -0.999 0 -0.999 -0.043 0 6536.dat
1 4 -80 53.779 -3.222 1 0 0 0 0.043 0.999 0 -0.999 0.043 32054.dat
1 4 80 53.779 -3.222 -1 0 0 0 -0.043 0.999 0 0.999 0.043 32054.dat
1 72 -20 0.719 -165.642 0 -1 0 -0.043 0 -0.999 0.999 0 -0.043 32525.dat
1 1 -20 100.619 -161.342 1 0 0 0 -0.043 -0.999 0 0.999 -0.043 6558.dat
1 71 0 100.619 -161.342 0 0 -1 -0.043 0.999 0 0.999 0.043 0 48989.dat
1 71 0 20.699 -164.782 0 0 -1 -0.043 0.999 0 0.999 0.043 0 48989.dat
1 71 0 -59.221 -168.222 0 0 -1 -0.043 0.999 0 0.999 0.043 0 48989.dat
1 4 -60 -99.181 -169.942 0 0 -1 -0.043 0.999 0 0.999 0.043 0 32013.dat
1 71 0 -99.181 -169.942 -1 0 0 0 0.999 0.043 0 0.043 -0.999 32073.dat
1 71 0 -98.321 -189.922 -1 0 0 0 0.999 0.043 0 0.043 -0.999 32039.dat
1 72 20 0.719 -165.642 0 -1 0 -0.043 0 -0.999 0.999 0 -0.043 32525.dat
1 4 60 -99.181 -169.942 0 0 1 -0.043 -0.999 0 0.999 -0.043 0 32013.dat
1 0 30 100.619 -161.342 -1 0 0 0 -0.999 -0.043 0 -0.043 0.999 2780.dat
1 1 -40 60.659 -163.062 -1 0 0 0 -0.999 -0.043 0 -0.043 0.999 6558.dat
1 1 40 60.659 -163.062 1 0 0 0 0.999 -0.043 0 0.043 0.999 6558.dat
1 72 0 2.009 -195.612 0 0.195 -0.981 -0.043 0.980019 0.194805 0.999 0.042183 0.008385 87083.dat
1 71 0 1.579 -185.622 -0.981 0.195 0 0.194805 0.980019 0.043 0.008385 0.042183 -0.999 94925.dat
1 19 0 41.109 -173.912 0 0 1 0.043 0.999 0 -0.999 0.043 0 3749.dat
1 71 0 41.539 -183.902 -1 0 0 0 0.999 0.043 0 0.043 -0.999 94925.dat
1 4 0 2.439 -205.602 -0.981 0.195 0 0.194805 0.980019 0.043 0.008385 0.042183 -0.999 3713.dat
1 19 0 121.029 -170.472 0 -0.156 -0.988 -0.043 0.987012 -0.155844 0.999 0.042484 -0.006708 99008.dat
1 71 0 121.459 -180.462 -0.988 -0.156 0 -0.155844 0.987012 0.043 -0.006708 0.042484 -0.999 94925.dat
1 0 0 119.309 -130.512 -0.988 -0.156 0 -0.155844 0.987012 0.043 -0.006708 0.042484 -0.999 59443.dat
1 72 -40 122.319 -200.442 1 0 0 0 0.043 0.999 0 -0.999 0.043 11214.dat
1 0 0 122.319 -200.442 0 0 -1 -0.043 0.999 0 0.999 0.043 0 32034.dat
1 72 40 122.319 -200.442 -1 0 0 0 -0.043 0.999 0 0.999 0.043 11214.dat
1 71 -40 40.679 -163.922 0 -1 0 0.043 0 0.999 -0.999 0 0.043 32526.dat
1 71 40 40.679 -163.922 0 -1 0 0.043 0 0.999 -0.999 0 0.043 32526.dat
1 1 60 40.679 -163.922 1 0 0 0 0.043 0.999 0 -0.999 0.043 6558.dat
1 1 -60 40.679 -163.922 -1 0 0 0 0.043 -0.999 0 -0.999 -0.043 6558.dat
1 71 0 78.919 -122.242 0 1 0 0.043 0 -0.999 -0.999 0 -0.043 60485.dat
1 0 0 82.789 -212.152 0 1 0 -0.999 0 -0.043 -0.043 0 0.999 59443.dat
1 72 0 81.499 -182.182 0.078 0.997 0 -0.996003 0.077922 -0.043 -0.042871 0.003354 0.999 6542.dat
1 0 0 75.049 -32.332 0 1 0 -0.999 0 -0.043 -0.043 0 0.999 59443.dat
1 71 -20 124.899 -260.382 0 -1 0 -0.999 0 0.043 -0.043 0 -0.999 32526.dat
1 1 -40 125.759 -280.362 -1 0 0 0 0.999 0.043 0 0.043 -0.999 6558.dat
1 1 -40 127.479 -320.322 -1 0 0 0 0.999 0.043 0 0.043 -0.999 6558.dat
1 71 0 125.759 -280.362 0 0 -1 -0.999 -0.043 0 -0.043 0.999 0 48989.dat
1 0 -30 128.339 -340.302 1 0 0 0 -0.043 -0.999 0 0.999 -0.043 2780.dat
1 0 -30 88.379 -342.022 1 0 0 0 -0.043 -0.999 0 0.999 -0.043 2780.dat
1 71 -40 86.659 -302.062 0 1 0 0.043 0 -0.999 -0.999 0 -0.043 14720.dat
1 71 -40 110.079 -381.122 0 1 0 -0.999 0 -0.043 -0.043 0 0.999 60484.dat
1 72 -20 110.079 -381.122 0 1 0 0.999 0 0.043 0.043 0 -0.999 60483.dat
1 71 0 110.079 -381.122 -1 0 0 0 0.999 0.043 0 0.043 -0.999 32073.dat
1 0 -5 70.119 -382.842 0 -1 0 0.043 0 0.999 -0.999 0 0.043 32249.dat
1 0 5 70.119 -382.842 0 -1 0 0.043 0 0.999 -0.999 0 0.043 32249.dat
1 72 20 110.079 -381.122 0 1 0 0.999 0 0.043 0.043 0 -0.999 60483.dat
1 71 0 70.119 -382.842 -1 0 0 0 0.999 0.043 0 0.043 -0.999 32073.dat
1 72 -20 70.119 -382.842 0 1 0 0.999 0 0.043 0.043 0 -0.999 60483.dat
1 71 -40 69.259 -362.862 -1 0 0 0 0.043 -0.999 0 -0.999 -0.043 32184.dat
1 72 20 70.119 -382.842 0 1 0 0.999 0 0.043 0.043 0 -0.999 60483.dat
1 71 0 68.399 -342.882 -1 0 0 0 0.999 0.043 0 0.043 -0.999 32073.dat
1 1 -40 47.559 -323.762 -1 0 0 0 0.999 0.043 0 0.043 -0.999 6558.dat
1 72 -40 45.839 -283.802 1 0 0 0 0.999 -0.043 0 0.043 0.999 11214.dat
1 4 -20 45.839 -283.802 0 1 0 0.999 0 0.043 0.043 0 -0.999 32140.dat
1 71 0 108.359 -341.162 -1 0 0 0 0.999 0.043 0 0.043 -0.999 32073.dat
1 71 0 88.379 -342.022 -1 0 0 0 0.999 0.043 0 0.043 -0.999 32184.dat
1 71 20 124.899 -260.382 0 -1 0 -0.999 0 0.043 -0.043 0 -0.999 32526.dat
1 1 40 125.759 -280.362 1 0 0 0 -0.999 0.043 0 -0.043 -0.999 6558.dat
1 1 40 127.479 -320.322 1 0 0 0 -0.999 0.043 0 -0.043 -0.999 6558.dat
1 0 30 88.379 -342.022 1 0 0 0 -0.999 0.043 0 -0.043 -0.999 2780.dat
1 0 30 128.339 -340.302 1 0 0 0 -0.999 0.043 0 -0.043 -0.999 2780.dat
1 71 40 86.659 -302.062 0 1 0 0.043 0 -0.999 -0.999 0 -0.043 14720.dat
1 71 40 110.079 -381.122 0 1 0 -0.999 0 -0.043 -0.043 0 0.999 60484.dat
1 4 20 45.839 -283.802 0 1 0 0.999 0 0.043 0.043 0 -0.999 32140.dat
1 72 40 45.839 -283.802 -1 0 0 0 0.999 0.043 0 0.043 -0.999 11214.dat
1 1 40 47.559 -323.762 1 0 0 0 0.999 -0.043 0 0.043 0.999 6558.dat
1 71 40 69.259 -362.862 1 0 0 0 0.043 0.999 0 -0.999 0.043 32184.dat
1 0 40 86.229 -292.072 0 -1 0 0.043 0 0.999 -0.999 0 0.043 2780.dat
1 0 -40 86.229 -292.072 0 -1 0 0.043 0 0.999 -0.999 0 0.043 2780.dat
1 0 0 108.498 -321.139 1 0 0 0 0.999 -0.043 0 0.043 0.999 87761.dat
1 0 -60 98.508 -321.569 0 -1 0 0.999 0 -0.043 0.043 0 0.999 6628.dat
1 0 60 98.508 -321.569 0 -1 0 0.999 0 -0.043 0.043 0 0.999 6628.dat
1 0 -60 88.518 -321.999 0 -0.331 -0.944 0.043 -0.943056 0.330669 -0.999 -0.040592 0.014233 2739.dat
1 0 60 88.518 -321.999 0 0.331 0.944 -0.043 -0.943056 0.330669 0.999 -0.040592 0.014233 2739.dat
1 71 0 86.659 -302.062 0 0 1 0.043 0.999 0 -0.999 0.043 0 32073.dat
1 4 0 83.649 -232.132 0 0 1 0.043 0.999 0 -0.999 0.043 0 32062.dat
1 0 0 84.509 -252.112 -1 0 0 0 0.999 0.043 0 0.043 -0.999 59443.dat
1 4 0 86.659 -302.062 -1 0 0 0 0.999 0.043 0 0.043 -0.999 3713.dat
1 71 0 85.799 -282.082 0 0 1 0.999 -0.043 0 0.043 0.999 0 32316.dat
1 0 0 87.519 -322.042 -1 0 0 0 0.999 0.043 0 0.043 -0.999 32270.dat
1 71 60 44.119 -243.842 0 -1 0 0.999 0 -0.043 0.043 0 0.999 40490.dat
1 71 -60 44.119 -243.842 0 -1 0 0.999 0 -0.043 0.043 0 0.999 40490.dat
1 71 0 73.759 -2.362 1 0 0 0 0.043 0.999 0 -0.999 0.043 60484.dat
1 0 20 113.289 9.348 0 -1 0 0.043 0 0.999 -0.999 0 0.043 2780.dat
1 0 -20 113.289 9.348 0 -1 0 0.043 0 0.999 -0.999 0 0.043 2780.dat
1 71 0 115.439 -40.602 -1 0 0 0 -0.999 -0.043 0 -0.043 0.999 64178.dat
1 0 50 119.739 -140.502 -1 0 0 0 -0.999 -0.043 0 -0.043 0.999 2780.dat
1 0 50 117.159 -80.562 -1 0 0 0 -0.999 -0.043 0 -0.043 0.999 2780.dat
1 0 -50 117.159 -80.562 -1 0 0 0 -0.999 -0.043 0 -0.043 0.999 2780.dat
1 0 -50 119.739 -140.502 -1 0 0 0 -0.999 -0.043 0 -0.043 0.999 2780.dat
1 71 0 115.439 -40.602 0 -0.156 -0.988 -0.043 0.987012 -0.155844 0.999 0.042484 -0.006708 60485.dat
1 0 0 111.569 49.308 0.988 -0.156 0 0.155844 0.987012 -0.043 0.006708 0.042484 0.999 59443.dat
1 4 0 110.709 69.288 0 -0.156 0.988 0.043 0.987012 0.155844 -0.999 0.042484 0.006708 32062.dat
1 0 60 122.319 -200.442 0 -1 0 0.999 0 -0.043 0.043 0 0.999 41239.dat
1 0 -60 122.319 -200.442 0 -1 0 0.999 0 -0.043 0.043 0 0.999 41239.dat
1 1 60 120.599 -160.482 -1 0 0 0 -0.999 -0.043 0 -0.043 0.999 6558.dat
1 1 -60 120.599 -160.482 1 0 0 0 -0.999 0.043 0 -0.043 -0.999 6558.dat
1 0 0 71.179 57.578 1 0 0 0 0.999 -0.043 0 0.043 0.999 32270.dat
1 71 0 72.899 17.618 0 0 1 0.043 0.999 0 -0.999 0.043 0 32073.dat
1 0 0 72.469 27.608 1 0 0 0 0.043 0.999 0 -0.999 0.043 87408.dat
1 72 0 92.879 18.478 0 1 0 -0.043 0 0.999 0.999 0 0.043 11214.dat
1 19 0 53.336 76.827 0.259 0.966 0 -0.041538 0.011137 0.999 0.965034 -0.258741 0.043 6589.dat
1 28 0 50.339 76.698 0 0.966 -0.259 0.999 0.011137 0.041538 0.043 -0.258741 -0.965034 15462.dat
1 4 0 72.899 17.618 -1 0 0 0 0.999 0.043 0 0.043 -0.999 42003.dat
1 71 0 52.919 16.758 1 0 0 0 0.999 -0.043 0 0.043 0.999 60485.dat
1 4 -20 52.919 16.758 0 0 -1 -0.043 0.999 0 0.999 0.043 0 3713.dat
1 4 20 52.919 16.758 0 0 1 0.043 0.999 0 -0.999 0.043 0 3713.dat
1 72 -60 56.359 -63.162 0 -1 0 0.999 0 -0.043 0.043 0 0.999 32525.dat
1 1 -60 52.059 36.738 -1 0 0 0 -0.999 -0.043 0 -0.043 0.999 6558.dat
1 71 -40 52.919 16.758 0 1 0 -0.999 0 -0.043 -0.043 0 0.999 60484.dat
1 72 60 56.359 -63.162 0 1 0 -0.999 0 -0.043 -0.043 0 0.999 32525.dat
1 1 60 52.059 36.738 1 0 0 0 0.999 -0.043 0 0.043 0.999 6558.dat
1 71 40 52.919 16.758 0 -1 0 0.999 0 -0.043 0.043 0 0.999 60484.dat
1 71 80 80.639 -162.202 0 -1 0 0.043 0 0.999 -0.999 0 0.043 32316.dat
1 71 -80 80.639 -162.202 0 -1 0 0.043 0 0.999 -0.999 0 0.043 32316.dat
1 0 90 80.639 -162.202 -1 0 0 0 -0.043 0.999 0 0.999 0.043 2780.dat
1 0 -90 80.639 -162.202 -1 0 0 0 -0.043 0.999 0 0.999 0.043 2780.dat
1 0 0 104.259 219.138 0.988 -0.156 0 0.155844 0.987012 -0.043 0.006708 0.042484 0.999 32034.dat
1 71 0 102.539 259.098 0 -0.156 0.988 0.043 0.987012 0.155844 -0.999 0.042484 0.006708 4519.dat
1 71 0 99.959 319.038 -1 0 0 0 0.999 0.043 0 0.043 -0.999 64178.dat
1 19 0 101.679 279.078 -0.988 -0.156 0 -0.155844 0.987012 0.043 -0.006708 0.042484 -0.999 32269.dat
1 72 0 99.959 319.038 0 0 -1 0.999 0.043 0 0.043 -0.999 0 62821.dat
1 19 17 99.959 319.038 0 0 -1 0.999 0.043 0 0.043 -0.999 0 6589.dat
1 19 -17 99.959 319.038 0 0 1 0.999 -0.043 0 0.043 0.999 0 6589.dat
1 19 0 99.228 336.021 -0.259 0.966 0 0.965034 0.258741 0.043 0.041538 0.011137 -0.999 6589.dat
1 72 60 99.959 319.038 0 0 1 0.043 0.999 0 -0.999 0.043 0 92906.dat
1 72 -60 99.959 319.038 0 0 -1 0.043 -0.999 0 -0.999 -0.043 0 92906.dat
1 71 60 98.239 358.998 0 0 -1 -0.043 0.999 0 0.999 0.043 0 32184.dat
1 71 60 119.939 319.898 0 0 -1 -0.043 0.999 0 0.999 0.043 0 32073.dat
1 71 108.75 129.9639 345.3508 -0.222 0 -0.975 0.974025 0.043 -0.221778 0.041925 -0.999 -0.009546 32063.dat
1 71 108.75 130.3939 335.3608 -0.222 0 -0.975 0.974025 0.043 -0.221778 0.041925 -0.999 -0.009546 32063.dat
1 71 60 119.939 319.898 0 -1 0 -0.043 0 -0.999 0.999 0 -0.043 63869.dat
1 0 40 109.089 339.448 0 -1 0 0.999 0 -0.043 0.043 0 0.999 2780.dat
1 0 40 110.809 299.488 0 -1 0 0.999 0 -0.043 0.043 0 0.999 2780.dat
1 19 157.5 142.1378 320.8535 0 -0.975 -0.222 0.043 -0.221778 0.974025 -0.999 -0.009546 0.041925 32556.dat
1 71 157.5 122.1578 319.9935 0 0 -1 0.043 -0.999 0 -0.999 -0.043 0 11950.dat
1 72 187.5 122.1578 319.9935 0 0 -1 0.043 -0.999 0 -0.999 -0.043 0 92909.dat
1 71 108.75 131.6839 305.3908 -0.222 0 -0.975 0.974025 0.043 -0.221778 0.041925 -0.999 -0.009546 32063.dat
1 71 108.75 132.1139 295.4008 -0.222 0 -0.975 0.974025 0.043 -0.221778 0.041925 -0.999 -0.009546 32063.dat
1 71 60 101.679 279.078 0 0 -1 -0.043 0.999 0 0.999 0.043 0 32184.dat
1 0 118.5 134.5487 290.5013 0 -0.222 -0.975 -0.043 0.974025 -0.221778 0.999 0.041925 -0.009546 2780.dat
1 0 118.5 131.9687 350.4413 0 -0.222 -0.975 -0.043 0.974025 -0.221778 0.999 0.041925 -0.009546 2780.dat
1 71 -60 101.679 279.078 0 0 1 0.043 0.999 0 -0.999 0.043 0 32184.dat
1 71 -60 119.939 319.898 0 0 1 0.043 0.999 0 -0.999 0.043 0 32073.dat
1 71 -108.75 132.1139 295.4008 0.222 0 0.975 0.974025 -0.043 -0.221778 0.041925 0.999 -0.009546 32063.dat
1 71 -108.75 131.6839 305.3908 0.222 0 0.975 0.974025 -0.043 -0.221778 0.041925 0.999 -0.009546 32063.dat
1 71 -60 119.939 319.898 0 1 0 0.043 0 -0.999 -0.999 0 -0.043 63869.dat
1 0 -40 110.809 299.488 0 1 0 0.999 0 0.043 0.043 0 -0.999 2780.dat
1 0 -40 109.089 339.448 0 1 0 0.999 0 0.043 0.043 0 -0.999 2780.dat
1 19 -157.5 142.1378 320.8535 0 0.975 0.222 -0.043 -0.221778 0.974025 0.999 -0.009546 0.041925 32556.dat
