0 Main
0 Name: 9390-1 - Mini Tow Truck.mpd
0 Author: LTRON
1 0 0 0 0 1 0 0 0 1 0 0 0 1 3705.dat
1 0 -30 0 0 1 0 0 0 0 -1 0 1 0 32291.dat
1 71 -15 0 0 0 1 0 0 0 -1 -1 0 0 41677.dat
1 0 -5 0 40 0 1 0 0 0 -1 -1 0 0 32056.dat
1 0 5 0 40 0 1 0 0 0 -1 -1 0 0 32056.dat
1 71 0 0 40 1 0 0 0 1 0 0 0 1 4519.dat
1 71 15 0 0 0 1 0 0 0 -1 -1 0 0 41677.dat
1 0 30 0 0 1 0 0 0 0 -1 0 1 0 32291.dat
1 0 -15 0 80 0 -1 0 0 0 -1 1 0 0 2905.dat
1 71 0 0 80 1 0 0 0 1 0 0 0 1 87082.dat
1 71 0 -40 80 1 0 0 0 1 0 0 0 1 87082.dat
1 72 0 -27 80 0 -1 0 -1 0 0 0 0 -1 32209.dat
1 71 0 -55 80 0 -1 0 0 0 -1 1 0 0 32123.dat
1 0 0 -70 80 0 -1 0 0 0 -1 1 0 0 32270.dat
1 71 0 -40 40 1 0 0 0 1 0 0 0 1 32073.dat
1 0 0 -20 0 1 0 0 0 1 0 0 0 1 3706.dat
1 71 -30 -20 0 0 0 -1 0 1 0 1 0 0 3713.dat
1 71 30 -20 0 0 0 1 0 1 0 -1 0 0 3713.dat
1 1 -15 -40 40 0 1 0 0 0 -1 -1 0 0 41677.dat
1 1 15 -40 40 0 1 0 0 0 -1 -1 0 0 41677.dat
1 25 -45 -20 0 0 1 0 1 0 0 0 0 -1 6632.dat
1 25 -55 -20 40 0 1 0 1 0 0 0 0 -1 6632.dat
1 0 0 -20 40 1 0 0 0 1 0 0 0 1 3706.dat
1 25 -40 -20 40 0 1 0 0 0 -1 -1 0 0 32140.dat
1 1 -25 -20 40 0 1 0 0 0 -1 -1 0 0 6632.dat
1 0 -30 -80 40 1 0 0 0 1 0 0 0 1 3673.dat
1 0 -30 -80 20 1 0 0 0 1 0 0 0 1 3673.dat
1 25 -20 -80 20 0 -1 0 1 0 0 0 0 1 32523.dat
1 71 0 -20 -40 1 0 0 0 1 0 0 0 1 32073.dat
1 0 -10 0 -40 1 0 0 0 1 0 0 0 1 32184.dat
1 0 10 0 -40 1 0 0 0 1 0 0 0 1 32184.dat
1 71 0 20 -40 -1 0 0 0 1 0 0 0 -1 32073.dat
1 71 -25 20 -40 0 0 1 0 1 0 -1 0 0 32123.dat
1 71 25 20 -40 0 0 1 0 1 0 -1 0 0 32123.dat
1 0 -40 20 -40 1 0 0 0 -1 0 0 0 -1 32291.dat
1 0 40 20 -40 1 0 0 0 -1 0 0 0 -1 32291.dat
1 25 -30 -30.1961 -22.7942 0 -1 0 -0.860288 0 0.509808 -0.509808 0 -0.860288 32523.dat
1 25 30 -30.1961 -22.7942 0 -1 0 -0.860288 0 0.509808 -0.509808 0 -0.860288 32523.dat
1 0 20 -30.1961 -22.7942 1 0 0 0 0.509808 0.860288 0 -0.860288 0.509808 3673.dat
1 0 -20 -30.1961 -22.7942 1 0 0 0 0.509808 0.860288 0 -0.860288 0.509808 3673.dat
1 25 0 -30.1961 -22.7942 1 0 0 0 -0.509808 -0.860288 0 0.860288 -0.509808 62462.dat
1 71 -50 0 -50 0 0 1 0 1 0 -1 0 0 4274.dat
1 71 -30 0 -50 0 0 1 0 1 0 -1 0 0 4274.dat
1 71 -10 0 -50 0 0 1 0 1 0 -1 0 0 4274.dat
1 71 10 0 -50 0 0 1 0 1 0 -1 0 0 4274.dat
1 71 30 0 -50 0 0 1 0 1 0 -1 0 0 4274.dat
1 71 50 0 -50 0 0 1 0 1 0 -1 0 0 4274.dat
1 25 0 0 -58 1 0 0 0 0 -1 0 1 0 2412.dat
1 47 -40 0 -58 1 0 0 0 0 -1 0 1 0 3023.dat
1 47 40 0 -58 1 0 0 0 0 -1 0 1 0 3023.dat
1 71 0 -80 0 1 0 0 0 0.990192 0.139712 0 -0.139712 0.990192 32073.dat
1 25 -45 -40.3923 -5.5885 0 1 0 -0.139712 0 -0.990192 -0.990192 0 0.139712 6632.dat
1 71 0 -40.3923 -5.5885 1 0 0 0 0.990192 0.139712 0 -0.139712 0.990192 32073.dat
1 71 -35 -80 0 0 0 -1 0.139712 0.990192 0 0.990192 -0.139712 0 32123.dat
1 25 45 -20 0 0 1 0 1 0 0 0 0 -1 6632.dat
1 1 25 -20 40 0 1 0 0 0 -1 -1 0 0 6632.dat
1 0 0 -80 0 1 0 0 0 0.139712 -0.990192 0 0.990192 0.139712 6536.dat
1 71 0 0 120 1 0 0 0 1 0 0 0 1 32073.dat
1 0 -40 0 120 1 0 0 0 0 1 0 -1 0 6536.dat
1 71 -25 0 120 0 0 -1 0 1 0 1 0 0 32123.dat
1 0 -5 0 160 0 -1 0 0 0 1 -1 0 0 2905.dat
1 0 5 0 160 0 -1 0 0 0 1 -1 0 0 2905.dat
1 0 15 0 80 0 -1 0 0 0 -1 1 0 0 2905.dat
1 25 20 -80 20 0 -1 0 1 0 0 0 0 1 32523.dat
1 0 30 -80 40 1 0 0 0 1 0 0 0 1 3673.dat
1 0 30 -80 20 1 0 0 0 1 0 0 0 1 3673.dat
1 25 40 -20 40 0 1 0 0 0 -1 -1 0 0 32140.dat
1 25 55 -20 40 0 1 0 1 0 0 0 0 -1 6632.dat
1 71 35 -80 0 0 0 -1 0.139712 0.990192 0 0.990192 -0.139712 0 32123.dat
1 25 45 -40.3923 -5.5885 0 1 0 -0.139712 0 -0.990192 -0.990192 0 0.139712 6632.dat
1 71 25 0 120 0 0 -1 0 1 0 1 0 0 32123.dat
1 0 40 0 120 1 0 0 0 0 1 0 -1 0 6536.dat
1 71 0 0 200 1 0 0 0 1 0 0 0 1 4519.dat
1 0 -40 0 200 0 0 -1 -1 0 0 0 1 0 32013.dat
1 0 40 0 200 0 0 1 1 0 0 0 1 0 32013.dat
1 0 40 -10 200 0 0 1 1 0 0 0 1 0 3673.dat
1 0 -40 -10 200 0 0 1 1 0 0 0 1 0 3673.dat
1 0 -40 -10 100 0 0 1 1 0 0 0 1 0 3673.dat
1 0 40 -10 100 0 0 1 1 0 0 0 1 0 3673.dat
1 4 20 -60 180 0 -1 0 0 0 1 -1 0 0 32140.dat
1 71 0 -60 180 1 0 0 0 1 0 0 0 1 4519.dat
1 0 10 0 160 1 0 0 0 1 0 0 0 1 3673.dat
1 1 0 0 180 -1 0 0 0 1 0 0 0 -1 32556.dat
1 4 0 -20 180 0 -1 0 0 0 -1 1 0 0 32348.dat
1 71 0 -20 180 1 0 0 0 1 0 0 0 1 4519.dat
1 4 -20 20 180 0 1 0 0 0 -1 -1 0 0 32526.dat
1 71 40 -20 140 1 0 0 0 1 0 0 0 1 32524.dat
1 71 -40 -20 140 1 0 0 0 1 0 0 0 1 32524.dat
1 1 -30 -60 160 -1 0 0 0 1 0 0 0 -1 3749.dat
1 72 -40 -60 160 0 0 1 0 1 0 -1 0 0 3647.dat
1 72 7 -60 140 1 0 0 0 1 0 0 0 1 32209.dat
1 72 -40 -60 140 0 0 1 0 1 0 -1 0 0 3647.dat
1 71 0 -60 140 1 0 0 0 1 0 0 0 1 61510.dat
1 71 20 -60 140 0 0 1 0 1 0 -1 0 0 3713.dat
1 0 40 -60 140 0 0 1 0 1 0 -1 0 0 32270.dat
1 4 0 -116 228 1 0 0 0 0.8 -0.6 0 0.6 0.8 32062.dat
1 0 0 -112 256 1 0 0 0 0.6 0.8 0 -0.8 0.6 92907.dat
1 72 0 -56 257 0 0 1 0 1 0 -1 0 0 30395.dat
1 0 -20 10 20 0 0 1 1 0 0 0 1 0 3673.dat
1 0 20 10 20 0 0 1 1 0 0 0 1 0 3673.dat
1 72 0 20 20 0 0 1 0 1 0 -1 0 0 32523.dat
1 71 0 20 0 0 0 1 0 1 0 -1 0 0 32316.dat
1 71 20 30 0 0 0 1 1 0 0 0 1 0 4274.dat
1 0 0 30 0 0 0 1 1 0 0 0 1 0 3673.dat
1 0 -20 30 0 0 0 1 1 0 0 0 1 0 3673.dat
1 0 0 40 60 -1 0 0 0 1 0 0 0 -1 32140.dat
1 19 0 30 60 0 1 0 1 0 0 0 0 -1 3749.dat
1 71 0 20 80 -1 0 0 0 1 0 0 0 -1 60483.dat
1 0 40 40 20 0 0 1 1 0 0 0 1 0 32184.dat
1 4 40 30 40 0 0 1 1 0 0 0 1 0 32062.dat
1 19 40 30 0 0 0 1 1 0 0 0 1 0 3749.dat
1 71 40 25 40 -1 0 0 0 1 0 0 0 -1 41677.dat
1 71 40 15 40 -1 0 0 0 1 0 0 0 -1 41677.dat
1 19 40 10 20 0 0 1 1 0 0 0 1 0 3749.dat
1 28 60 40 20 -1 0 0 0 1 0 0 0 -1 6587.dat
1 71 70 40 20 0 0 -1 0 1 0 1 0 0 55982.dat
1 71 80 40 20 0 0 -1 0 1 0 1 0 0 3713.dat
1 256 70 40 20 0 0 -1 0 1 0 1 0 0 30391.dat
1 19 -40 10 20 0 0 1 1 0 0 0 1 0 3749.dat
1 0 -40 40 20 0 0 1 1 0 0 0 1 0 32184.dat
1 4 -40 30 40 0 0 1 1 0 0 0 1 0 32062.dat
1 19 -40 30 0 0 0 1 1 0 0 0 1 0 3749.dat
1 71 -40 25 40 -1 0 0 0 1 0 0 0 -1 41677.dat
1 71 -40 15 40 -1 0 0 0 1 0 0 0 -1 41677.dat
1 28 -60 40 20 1 0 0 0 1 0 0 0 1 6587.dat
1 71 -70 40 20 0 0 1 0 1 0 -1 0 0 55982.dat
1 71 -80 40 20 0 0 1 0 1 0 -1 0 0 3713.dat
1 256 -70 40 20 0 0 1 0 1 0 -1 0 0 30391.dat
1 0 0 40 160 1 0 0 0 1 0 0 0 1 3707.dat
1 71 30 40 160 1 0 0 0 -1 0 0 0 -1 62462.dat
1 71 -30 40 160 1 0 0 0 -1 0 0 0 -1 62462.dat
1 71 70 40 160 0 0 -1 0 1 0 1 0 0 55982.dat
1 256 70 40 160 0 0 -1 0 1 0 1 0 0 30391.dat
1 71 -70 40 160 0 0 1 0 1 0 -1 0 0 55982.dat
1 256 -70 40 160 0 0 1 0 1 0 -1 0 0 30391.dat
1 71 0 -87.1077 21.201 0 1 0 -0.990192 0 0.139713 0.139713 0 0.990192 4274.dat
1 38 0 -77.2058 19.8038 -1 0 0 0 0.990192 -0.139714 0 -0.139714 -0.990192 58176.dat
