0 Main
0 Name: 42043-1 - Mercedes Benz Arocs 3245.mpd
0 Author: LTRON
1 71 0 -180 0 1 0 0 0 1 0 0 0 1 44294.dat
1 71 0 -180 0 1 0 0 0 1 0 0 0 1 6536.dat
1 0 -40 -180 -120 0 1 0 1 0 0 0 0 -1 41239.dat
1 72 -40 -180 -80 1 0 0 0 0 -1 0 1 0 11214.dat
1 0 -30 -180 -120 1 0 0 0 0 -1 0 1 0 2780.dat
1 71 -20 -180 -80 0 1 0 1 0 0 0 0 -1 32140.dat
1 71 -40 -180 -180 1 0 0 0 0 -1 0 1 0 32054.dat
1 1 -40 -180 -240 1 0 0 0 0 -1 0 1 0 6558.dat
1 0 -20 -180 -260 0 -1 0 1 0 0 0 0 1 40490.dat
1 1 -40 -180 -260 -1 0 0 0 0 -1 0 -1 0 6558.dat
1 0 -30 -180 -300 1 0 0 0 0 -1 0 1 0 2780.dat
1 72 -40 -180 -260 0 -1 0 -1 0 0 0 0 -1 32526.dat
1 1 -40 -220 -340 1 0 0 0 0 -1 0 1 0 6558.dat
1 71 0 -180 -340 1 0 0 0 0 -1 0 1 0 87082.dat
1 71 0 -180 -220 1 0 0 0 0 -1 0 1 0 87082.dat
1 71 0 -180 -140 1 0 0 0 0 -1 0 1 0 87082.dat
1 0 0 -180 -150 0 1 0 0 0 -1 -1 0 0 3705.dat
1 71 0 -180 -160 1 0 0 0 -1 0 0 0 -1 3713.dat
1 0 0 -180 -290 0 0 -1 0 -1 0 -1 0 0 3737.dat
1 71 0 -180 -190 -1 0 0 0 -1 0 0 0 1 59443.dat
1 71 0 -180 -100 -1 0 0 0 -0.949 0.316 0 0.316 0.949 62520.dat
1 71 0 -180 -100 0 1 0 1 0 0 0 0 -1 62520.dat
1 71 0 -180 -100 -1 0 0 0 -1 0 0 0 1 62519.dat
1 71 0 -160 -40 -1 0 0 0 0.949 -0.316 0 -0.316 -0.949 62520.dat
1 71 0 -160 -40 0 1 0 -1 0 0 0 0 1 62520.dat
1 71 0 -160 -40 -1 0 0 0 1 0 0 0 -1 62519.dat
1 4 0 -169.487 -68.46 0 0 1 0.316 -0.949 0 0.949 0.316 0 32062.dat
1 71 0 -160 0 0 0 1 0 -1 0 1 0 0 4519.dat
1 71 0 -160 30 1 0 0 0 -1 0 0 0 -1 59443.dat
1 71 0 -160 100 0 0 -1 0 -1 0 -1 0 0 44294.dat
1 0 20 -180 -260 0 -1 0 1 0 0 0 0 1 40490.dat
1 1 40 -180 -240 1 0 0 0 0 -1 0 1 0 6558.dat
1 1 40 -180 -260 1 0 0 0 0 -1 0 1 0 6558.dat
1 0 30 -180 -300 1 0 0 0 0 -1 0 1 0 2780.dat
1 71 20 -180 -80 0 1 0 1 0 0 0 0 -1 32140.dat
1 0 30 -180 -120 1 0 0 0 0 -1 0 1 0 2780.dat
1 72 40 -180 -80 -1 0 0 0 0 1 0 1 0 11214.dat
1 0 40 -180 -120 0 1 0 1 0 0 0 0 -1 41239.dat
1 71 40 -180 -180 -1 0 0 0 0 1 0 1 0 32054.dat
1 0 20 -260 -330 0 0 1 0 -1 0 1 0 0 2780.dat
1 0 -20 -260 -330 0 0 1 0 -1 0 1 0 0 2780.dat
1 0 20 -260 -290 0 0 1 0 -1 0 1 0 0 2780.dat
1 0 -20 -260 -290 0 0 1 0 -1 0 1 0 0 2780.dat
1 0 -20 -260 -250 0 0 1 0 -1 0 1 0 0 2780.dat
1 0 20 -260 -250 0 0 1 0 -1 0 1 0 0 2780.dat
1 0 -20 -260 -210 0 0 1 0 -1 0 1 0 0 2780.dat
1 0 20 -260 -210 0 0 1 0 -1 0 1 0 0 2780.dat
1 0 -20 -260 -170 0 0 1 0 -1 0 1 0 0 2780.dat
1 0 20 -260 -170 0 0 1 0 -1 0 1 0 0 2780.dat
1 0 -20 -260 -130 0 0 1 0 -1 0 1 0 0 2780.dat
1 0 20 -260 -130 0 0 1 0 -1 0 1 0 0 2780.dat
1 0 -20 -260 -90 0 0 1 0 -1 0 1 0 0 2780.dat
1 0 20 -260 -90 0 0 1 0 -1 0 1 0 0 2780.dat
1 14 0 -220 -310 0 -1 0 1 0 0 0 0 1 2853.dat
1 71 0 -230 -310 1 0 0 0 1 0 0 0 1 2852.dat
1 19 0 -220 -290 0 -1 0 1 0 0 0 0 1 2854.dat
1 4 0 -210 -270 0 0 1 0 1 0 -1 0 0 32062.dat
1 71 0 -210 -270 1 0 0 0 1 0 0 0 1 2852.dat
1 14 0 -270 -310 0 0 1 0 1 0 -1 0 0 2851.dat
1 14 0 -250 -270 0 0 1 0 1 0 -1 0 0 2851.dat
1 19 0 -220 -250 0 1 0 -1 0 0 0 0 1 2854.dat
1 4 0 -230 -230 0 0 1 0 1 0 -1 0 0 32062.dat
1 71 0 -230 -230 1 0 0 0 1 0 0 0 1 2852.dat
1 14 0 -270 -230 0 0 1 0 1 0 -1 0 0 2851.dat
1 71 0 -230 -150 1 0 0 0 1 0 0 0 1 2852.dat
1 14 0 -270 -150 0 0 1 0 1 0 -1 0 0 2851.dat
1 4 0 -230 -150 0 0 1 0 1 0 -1 0 0 32062.dat
1 19 0 -220 -170 0 1 0 -1 0 0 0 0 1 2854.dat
1 4 0 -210 -190 0 0 1 0 1 0 -1 0 0 32062.dat
1 71 0 -210 -190 1 0 0 0 1 0 0 0 1 2852.dat
1 14 0 -250 -190 0 0 1 0 1 0 -1 0 0 2851.dat
1 19 0 -220 -210 0 -1 0 1 0 0 0 0 1 2854.dat
1 4 0 -210 -110 0 0 1 0 1 0 -1 0 0 32062.dat
1 71 0 -210 -110 1 0 0 0 1 0 0 0 1 2852.dat
1 14 0 -250 -110 0 0 1 0 1 0 -1 0 0 2851.dat
1 19 0 -220 -130 0 -1 0 1 0 0 0 0 1 2854.dat
1 14 0 -210 -80 0 -1 0 1 0 0 0 0 1 2853.dat
1 0 0 -220 -360 0 0 1 0 1 0 -1 0 0 3705.dat
1 71 0 -239 -80 -1 0 0 0 1 0 0 0 -1 6536.dat
1 0 0 -240 -80 -1 0 0 0 1 0 0 0 -1 3708.dat
1 71 -20 -240 -80 -1 0 0 0 -1 0 0 0 1 6536.dat
1 71 20 -240 -80 -1 0 0 0 -1 0 0 0 1 6536.dat
1 71 -40 -220 -80 -1 0 0 0 -1 0 0 0 1 32184.dat
1 71 -40 -200 -80 -1 0 0 0 -1 0 0 0 1 4519.dat
1 71 0 -200 -80 0 0 -1 0 -1 0 -1 0 0 32034.dat
1 71 40 -220 -80 -1 0 0 0 -1 0 0 0 1 32184.dat
1 71 40 -200 -80 -1 0 0 0 -1 0 0 0 1 4519.dat
1 71 20 -240 -340 -1 0 0 0 -1 0 0 0 1 6536.dat
1 71 -20 -240 -340 -1 0 0 0 -1 0 0 0 1 6536.dat
1 71 0 -220 -340 -1 0 0 0 -1 0 0 0 1 32184.dat
1 71 0 -240 -340 -1 0 0 0 -1 0 0 0 1 44294.dat
1 71 0 -200 -340 -1 0 0 0 -1 0 0 0 1 4519.dat
1 72 20 -200 -340 0 1 0 0 0 -1 -1 0 0 60483.dat
1 72 -20 -200 -340 0 1 0 0 0 -1 -1 0 0 60483.dat
1 72 0 -220 -360 0 1 0 1 0 0 0 0 -1 10928.dat
1 1 40 -220 -340 -1 0 0 0 0 1 0 1 0 6558.dat
1 72 40 -180 -260 0 -1 0 -1 0 0 0 0 -1 32526.dat
1 72 0 -180 -360 0 -1 0 -1 0 0 0 0 -1 3648.dat
1 72 55 -160 -80 0 1 0 0 0 -1 -1 0 0 6632.dat
1 72 65 -160 -80 0 1 0 0 0 -1 -1 0 0 6632.dat
1 72 -55 -160 -80 0 1 0 0 0 -1 -1 0 0 6632.dat
1 72 -65 -160 -80 0 1 0 0 0 -1 -1 0 0 6632.dat
1 72 -20 -80 140 0 1 0 0 0 -1 -1 0 0 32526.dat
1 1 -40 -100 140 -1 0 0 0 0 -1 0 -1 0 6558.dat
1 1 -40 -140 140 -1 0 0 0 0 -1 0 -1 0 6558.dat
1 0 -30 -160 120 -1 0 0 0 0 -1 0 -1 0 2780.dat
1 0 -30 -160 100 -1 0 0 0 0 -1 0 -1 0 2780.dat
1 71 0 -160 140 -1 0 0 0 0 -1 0 -1 0 87082.dat
1 71 0 -100 140 0 0 1 0 -1 0 1 0 0 48989.dat
1 72 20 -80 140 0 1 0 0 0 -1 -1 0 0 32526.dat
1 1 40 -140 140 1 0 0 0 0 -1 0 1 0 6558.dat
1 1 40 -100 140 1 0 0 0 0 -1 0 1 0 6558.dat
1 0 30 -160 100 -1 0 0 0 0 -1 0 -1 0 2780.dat
1 0 30 -160 120 -1 0 0 0 0 -1 0 -1 0 2780.dat
1 0 40 -160 140 0 -1 0 0 0 -1 1 0 0 40490.dat
1 0 -40 -160 140 0 -1 0 0 0 -1 1 0 0 40490.dat
1 0 50 -200 140 -1 0 0 0 0 -1 0 -1 0 2780.dat
1 0 50 -180 140 -1 0 0 0 0 -1 0 -1 0 2780.dat
1 0 -50 -200 140 -1 0 0 0 0 -1 0 -1 0 2780.dat
1 0 -50 -180 140 -1 0 0 0 0 -1 0 -1 0 2780.dat
1 71 60 -100 140 -1 0 0 0 0 -1 0 -1 0 55615.dat
1 71 -60 -100 140 -1 0 0 0 0 -1 0 -1 0 55615.dat
1 0 60 -90 160 0 0 1 -1 0 0 0 -1 0 2780.dat
1 0 -60 -90 160 0 0 1 -1 0 0 0 -1 0 2780.dat
1 72 60 -180 140 0 0 -1 0 -1 0 -1 0 0 42003.dat
1 72 -60 -180 140 0 0 -1 0 -1 0 -1 0 0 42003.dat
1 1 -60 -160 150 0 0 -1 0 -1 0 -1 0 0 43093.dat
1 1 60 -160 150 0 0 -1 0 -1 0 -1 0 0 43093.dat
1 0 80 -100 180 -1 0 0 0 -1 0 0 0 1 15100.dat
1 72 0 -80 170 0 0 -1 0 -1 0 -1 0 0 87083.dat
1 19 0 -80 160 0 -1 0 -1 0 0 0 0 -1 32269.dat
1 71 0 -80 175 0 -1 0 -1 0 0 0 0 -1 32123.dat
1 0 -60 -100 120 0 0 -1 0 -1 0 -1 0 0 32013.dat
1 0 60 -100 120 0 0 1 0 1 0 -1 0 0 32013.dat
1 71 0 -100 120 1 0 0 0 1 0 0 0 1 32073.dat
1 71 20 -100 120 0 0 -1 1 0 0 0 -1 0 3713.dat
1 71 -20 -100 120 0 0 1 -1 0 0 0 -1 0 3713.dat
1 72 0 -100 120 0 1 0 0 0 1 1 0 0 60483.dat
1 71 -120 -80 140 0 0 1 0 -1 0 1 0 0 32140.dat
1 71 120 -80 140 0 0 -1 0 1 0 1 0 0 32140.dat
1 4 -120 -80 140 0 0 -1 1 0 0 0 -1 0 32062.dat
1 4 -100 -80 140 0 0 -1 1 0 0 0 -1 0 32062.dat
1 4 100 -80 140 0 0 -1 1 0 0 0 -1 0 32062.dat
1 4 120 -80 140 0 0 -1 1 0 0 0 -1 0 32062.dat
1 0 100 -80 160 0 0 -1 1 0 0 0 -1 0 92907.dat
1 0 -100 -80 160 0 0 1 -1 0 0 0 -1 0 92907.dat
1 72 -40 -160 20 0 1 0 -1 0 0 0 0 1 32525.dat
1 1 -30 -160 60 1 0 0 0 -1 0 0 0 -1 43093.dat
1 71 0 -160 60 0 0 1 0 1 0 -1 0 0 32034.dat
1 1 30 -160 60 -1 0 0 0 -1 0 0 0 1 43093.dat
1 1 -30 -160 40 1 0 0 0 -1 0 0 0 -1 43093.dat
1 71 -20 -160 20 1 0 0 0 0 1 0 -1 0 32184.dat
1 0 -20 -170 20 0 0 1 -1 0 0 0 -1 0 2780.dat
1 71 -40 -160 0 1 0 0 0 0 1 0 -1 0 4519.dat
1 72 40 -160 20 0 1 0 -1 0 0 0 0 1 32525.dat
1 1 30 -160 40 -1 0 0 0 1 0 0 0 -1 43093.dat
1 71 20 -160 20 1 0 0 0 0 1 0 -1 0 32184.dat
1 0 20 -170 20 0 0 1 -1 0 0 0 -1 0 2780.dat
1 71 40 -160 0 1 0 0 0 0 1 0 -1 0 4519.dat
1 19 70 -160 -80 1 0 0 0 0 -1 0 1 0 99008.dat
1 19 -70 -160 -80 -1 0 0 0 0 -1 0 -1 0 99008.dat
1 71 0 -200 150 0 -1 0 -1 0 0 0 0 -1 99499.dat
1 72 40 -526 -200 0 0 -1 0 1 0 1 0 0 58124.dat
1 16 0 -200 19.0496 1 0 0 0 0 -1 0 1 0 u9190.dat
1 16 0 -200 18.1488 0.999853 0 -0.017133 -0.017133 0 -0.999853 0 1 0 u9190.dat
1 16 0 -200 17.498 0.999398 0 -0.034707 -0.034707 0 -0.999398 0 1 0 u9190.dat
1 16 0 -200 16.8472 0.998609 0 -0.052722 -0.052722 0 -0.998609 0 1 0 u9190.dat
1 16 0 -200 16.1964 0.997464 0 -0.071177 -0.071177 0 -0.997464 0 1 0 u9190.dat
1 16 0 -200 15.5456 0.995936 0 -0.090068 -0.090068 0 -0.995936 0 1 0 u9190.dat
1 16 0 -200 14.6448 0.993999 0 -0.109389 -0.109389 0 -0.993999 0 1 0 u9190.dat
1 16 0 -200 13.994 0.991627 0 -0.129134 -0.129134 0 -0.991627 0 1 0 u9190.dat
1 16 0 -200 13.3432 0.988793 0 -0.149291 -0.149291 0 -0.988793 0 1 0 u9190.dat
1 16 0 -200 12.6924 0.98547 0 -0.169848 -0.169848 0 -0.98547 0 1 0 u9190.dat
1 16 0 -200 12.0416 0.981631 0 -0.190788 -0.190788 0 -0.981631 0 1 0 u9190.dat
1 16 0 -200 11.1408 0.97725 0 -0.212093 -0.212093 0 -0.97725 0 1 0 u9190.dat
1 16 0 -200 10.49 0.972299 0 -0.233741 -0.233741 0 -0.972299 0 1 0 u9190.dat
1 16 0 -200 9.8392 0.966755 0 -0.255706 -0.255706 0 -0.966755 0 1 0 u9190.dat
1 16 0 -200 9.1884 0.960593 0 -0.27796 -0.27796 0 -0.960593 0 1 0 u9190.dat
1 16 0 -200 8.5376 0.953791 0 -0.300471 -0.300471 0 -0.953791 0 1 0 u9190.dat
1 16 0 -200 7.6368 0.94633 0 -0.323203 -0.323203 0 -0.94633 0 1 0 u9190.dat
1 16 0 -200 6.986 0.938191 0 -0.346119 -0.346119 0 -0.938191 0 1 0 u9190.dat
1 16 0 -200 6.3352 0.929359 0 -0.369177 -0.369177 0 -0.929359 0 1 0 u9190.dat
1 16 0 -200 5.6844 0.919824 0 -0.392332 -0.392332 0 -0.919824 0 1 0 u9190.dat
1 16 0 -200 5.0335 0.909576 0 -0.415538 -0.415538 0 -0.909576 0 1 0 u9190.dat
1 16 0 -200 4.1327 0.898611 0 -0.438746 -0.438746 0 -0.898611 0 1 0 u9190.dat
1 16 0 -200 3.4819 0.88693 0 -0.461904 -0.461904 0 -0.88693 0 1 0 u9190.dat
1 16 0 -200 2.8311 0.874536 0 -0.484961 -0.484961 0 -0.874536 0 1 0 u9190.dat
1 16 0 -200 2.1803 0.861438 0 -0.507862 -0.507862 0 -0.861438 0 1 0 u9190.dat
1 16 0 -200 1.5295 0.84765 0 -0.530556 -0.530556 0 -0.84765 0 1 0 u9190.dat
1 16 0 -200 0.6287 0.833189 0 -0.552989 -0.552989 0 -0.833189 0 1 0 u9190.dat
1 16 0 -200 -0.0221 0.818078 0 -0.575108 -0.575108 0 -0.818078 0 1 0 u9190.dat
1 16 0 -200 -0.6729 0.802344 0 -0.596862 -0.596862 0 -0.802344 0 1 0 u9190.dat
1 16 0 -200 -1.3237 0.786019 0 -0.618203 -0.618203 0 -0.786019 0 1 0 u9190.dat
1 16 0 -200 -1.9745 0.769137 0 -0.639084 -0.639084 0 -0.769137 0 1 0 u9190.dat
1 16 0 -200 -2.8753 0.751737 0 -0.659463 -0.659463 0 -0.751737 0 1 0 u9190.dat
1 16 0 -200 -3.5261 0.733861 0 -0.679299 -0.679299 0 -0.733861 0 1 0 u9190.dat
1 16 0 -200 -4.1769 0.715554 0 -0.698557 -0.698557 0 -0.715554 0 1 0 u9190.dat
1 16 0 -200 -4.8277 0.696862 0 -0.717205 -0.717205 0 -0.696862 0 1 0 u9190.dat
1 16 0 -200 -5.4785 0.677833 0 -0.735216 -0.735216 0 -0.677833 0 1 0 u9190.dat
1 16 0 -200 -6.3793 0.658516 0 -0.752567 -0.752567 0 -0.658516 0 1 0 u9190.dat
1 16 0 -200 -7.0301 0.63896 0 -0.76924 -0.76924 0 -0.63896 0 1 0 u9190.dat
1 16 0 -200 -7.6809 0.619215 0 -0.785221 -0.785221 0 -0.619215 0 1 0 u9190.dat
1 16 0 -200 -8.3317 0.59933 0 -0.800502 -0.800502 0 -0.59933 0 1 0 u9190.dat
1 16 0 -200 -8.9825 0.579351 0 -0.815078 -0.815078 0 -0.579351 0 1 0 u9190.dat
1 16 0 -200 -9.8833 0.559325 0 -0.828949 -0.828949 0 -0.559325 0 1 0 u9190.dat
1 16 0 -200 -10.5341 0.539296 0 -0.842117 -0.842117 0 -0.539296 0 1 0 u9190.dat
1 16 0 -200 -11.1849 0.519305 0 -0.854589 -0.854589 0 -0.519305 0 1 0 u9190.dat
1 16 0 -200 -11.8357 0.499393 0 -0.866375 -0.866375 0 -0.499393 0 1 0 u9190.dat
1 16 0 -200 -12.4865 0.479597 0 -0.877489 -0.877489 0 -0.479597 0 1 0 u9190.dat
1 16 0 -200 -13.3873 0.45995 0 -0.887945 -0.887945 0 -0.45995 0 1 0 u9190.dat
1 16 0 -200 -14.0381 0.440483 0 -0.897761 -0.897761 0 -0.440483 0 1 0 u9190.dat
1 16 0 -200 -14.6889 0.421225 0 -0.906956 -0.906956 0 -0.421225 0 1 0 u9190.dat
1 16 0 -200 -15.3397 0.402202 0 -0.915551 -0.915551 0 -0.402202 0 1 0 u9190.dat
1 16 0 -200 -15.9905 0.383436 0 -0.923568 -0.923568 0 -0.383436 0 1 0 u9190.dat
1 16 0 -200 -16.8913 0.364946 0 -0.931029 -0.931029 0 -0.364946 0 1 0 u9190.dat
1 16 0 -200 -17.5421 0.346751 0 -0.937957 -0.937957 0 -0.346751 0 1 0 u9190.dat
1 16 0 -200 -18.1929 0.328864 0 -0.944377 -0.944377 0 -0.328864 0 1 0 u9190.dat
1 16 0 -200 -18.8437 0.311299 0 -0.950312 -0.950312 0 -0.311299 0 1 0 u9190.dat
1 16 0 -200 -19.4945 0.294065 0 -0.955785 -0.955785 0 -0.294065 0 1 0 u9190.dat
1 16 0 -200 -20.3953 0.27717 0 -0.960821 -0.960821 0 -0.27717 0 1 0 u9190.dat
1 16 -0.0005 -200.0219 -21.0459 0.26063 0.000694 -0.965438 -0.964974 0.031214 -0.260483 0.029954 0.999512 0.008805 u9190.dat
1 16 -0.0006 -200.0284 -21.6967 0.257598 0.000372 -0.966252 -0.966118 0.016762 -0.257556 0.0161 0.999859 0.004678 u9190.dat
1 16 -0.0016 -200.0711 -22.3462 0.256259 0.001378 -0.966607 -0.964769 0.062023 -0.255684 0.059599 0.998074 0.017224 u9190.dat
1 16 -0.0022 -200.0999 -22.9965 0.254867 0.001108 -0.966975 -0.965787 0.049868 -0.254497 0.047939 0.998755 0.01378 u9190.dat
1 16 -0.0039 -200.1775 -23.8939 0.253538 0.001872 -0.967324 -0.963927 0.084244 -0.252484 0.081019 0.996443 0.023164 u9190.dat
1 16 -0.0052 -200.2337 -24.5423 0.252162 0.001918 -0.967683 -0.964116 0.086306 -0.251061 0.083035 0.996267 0.023612 u9190.dat
1 16 -0.0071 -200.3176 -25.1878 0.250845 0.002566 -0.968024 -0.961628 0.115451 -0.248881 0.111121 0.99331 0.031427 u9190.dat
1 16 -0.0089 -200.4005 -25.8332 0.249492 0.002813 -0.968373 -0.960675 0.126586 -0.247141 0.121887 0.991952 0.034285 u9190.dat
1 16 -0.0112 -200.5043 -26.4757 0.248177 0.003314 -0.968709 -0.958005 0.149125 -0.244924 0.143647 0.988813 0.040184 u9190.dat
1 16 -0.0147 -200.6597 -27.3629 0.24687 0.003807 -0.969041 -0.95488 0.171332 -0.242589 0.165104 0.985206 0.045932 u9190.dat
1 16 -0.0182 -200.8172 -27.9946 0.245779 0.005266 -0.969312 -0.942021 0.236971 -0.237572 0.228447 0.971502 0.063203 u9190.dat
1 16 -0.0209 -200.9424 -28.6337 0.244245 0.004585 -0.969703 -0.949078 0.20633 -0.238074 0.198987 0.978472 0.054747 u9190.dat
1 16 -0.025 -201.125 -29.2587 0.243225 0.006115 -0.969951 -0.932924 0.275196 -0.232205 0.265507 0.961369 0.07264 u9190.dat
1 16 -0.029 -201.3056 -29.8839 0.241848 0.006152 -0.970295 -0.932801 0.276835 -0.230747 0.267192 0.960898 0.07269 u9190.dat
1 16 -0.035 -201.574 -30.7437 0.240588 0.006597 -0.970605 -0.927342 0.296853 -0.227847 0.286624 0.9549 0.077537 u9190.dat
1 16 -0.0399 -201.7933 -31.3564 0.239466 0.007427 -0.970876 -0.915664 0.334217 -0.223291 0.322825 0.942467 0.086834 u9190.dat
1 16 -0.0451 -202.0301 -31.9626 0.238236 0.007879 -0.971175 -0.908777 0.354544 -0.220053 0.342591 0.935006 0.091625 u9190.dat
1 16 -0.0512 -202.3049 -32.5528 0.237411 0.009275 -0.971365 -0.883665 0.417369 -0.211991 0.403451 0.90869 0.107284 u9190.dat
1 16 -0.0574 -202.582 -33.1416 0.236076 0.009401 -0.971689 -0.881416 0.423066 -0.21005 0.409114 0.90605 0.108162 u9190.dat
1 16 -0.0663 -202.9839 -33.9476 0.234912 0.009891 -0.971966 -0.87144 0.445108 -0.206086 0.430591 0.895422 0.113181 u9190.dat
1 16 -0.0734 -203.3045 -34.5138 0.234022 0.010874 -0.97217 -0.849106 0.489334 -0.198924 0.473553 0.872029 0.123748 u9190.dat
1 16 -0.081 -203.6446 -35.0687 0.232912 0.01138 -0.972431 -0.836629 0.512117 -0.194392 0.495787 0.85884 0.128799 u9190.dat
1 16 -0.0894 -204.024 -35.5978 0.232437 0.012841 -0.972527 -0.795497 0.577823 -0.182498 0.559605 0.816061 0.144522 u9190.dat
1 16 -0.0979 -204.4053 -36.1251 0.231127 0.012963 -0.972837 -0.791939 0.58335 -0.180376 0.565166 0.812118 0.145094 u9190.dat
1 16 -0.11 -204.9518 -36.8409 0.230085 0.013457 -0.973077 -0.776279 0.60556 -0.175178 0.5869 0.795686 0.149777 u9190.dat
1 16 -0.1201 -205.4054 -37.3087 0.23024 0.015333 -0.973013 -0.706722 0.689998 -0.156355 0.66898 0.723648 0.169701 u9190.dat
1 16 -0.13 -205.8482 -37.7862 0.228702 0.01518 -0.973378 -0.713264 0.6831 -0.156934 0.662532 0.730167 0.167054 u9190.dat
1 16 -0.1401 -206.3053 -38.2491 0.227679 0.015583 -0.973611 -0.696625 0.701217 -0.151683 0.68035 0.712777 0.170508 u9190.dat
1 16 -0.151 -206.7937 -38.6798 0.227031 0.016331 -0.973751 -0.663068 0.734916 -0.142269 0.713301 0.677962 0.177678 u9190.dat
1 16 -0.1665 -207.4904 -39.2507 0.226535 0.017143 -0.973852 -0.622646 0.771416 -0.131259 0.748995 0.6361 0.185427 u9190.dat
1 16 -0.178 -208.0096 -39.6428 0.225809 0.017691 -0.974011 -0.592532 0.796115 -0.122909 0.77325 0.604887 0.190252 u9190.dat
1 16 -0.1897 -208.538 -40.0225 0.224723 0.017933 -0.974258 -0.578541 0.806985 -0.118593 0.784085 0.590299 0.191723 u9190.dat
1 16 -0.2021 -209.0935 -40.3621 0.224701 0.018889 -0.974245 -0.516677 0.85 -0.102687 0.826168 0.526444 0.200755 u9190.dat
1 16 -0.2144 -209.6487 -40.7015 0.223373 0.018935 -0.974549 -0.513539 0.852083 -0.101151 0.828482 0.523063 0.200056 u9190.dat
1 16 -0.2317 -210.428 -41.1527 0.222424 0.019213 -0.974761 -0.493287 0.864607 -0.095518 0.840949 0.502082 0.201787 u9190.dat
1 16 -0.2449 -211.0214 -41.4212 0.222822 0.020175 -0.97465 -0.412406 0.907867 -0.075491 0.88333 0.418773 0.210613 u9190.dat
1 16 -0.258 -211.6081 -41.7034 0.221203 0.020071 -0.975021 -0.42225 0.903186 -0.077204 0.879076 0.428781 0.208262 u9190.dat
1 16 -0.2711 -212.2015 -41.97 0.220182 0.020253 -0.975249 -0.40513 0.911377 -0.07254 0.88735 0.411074 0.208874 u9190.dat
1 16 -0.2846 -212.8076 -42.2075 0.219462 0.020555 -0.975404 -0.374417 0.924997 -0.064749 0.900915 0.379418 0.210698 u9190.dat
1 16 -0.3034 -213.654 -42.5151 0.218834 0.020865 -0.975539 -0.33956 0.93891 -0.056089 0.914773 0.343529 0.212551 u9190.dat
1 16 -0.3171 -214.2711 -42.7212 0.217968 0.021059 -0.975729 -0.315373 0.94765 -0.049998 0.923596 0.318617 0.213199 u9190.dat
1 16 -0.3309 -214.8912 -42.9185 0.216791 0.021136 -0.975989 -0.305144 0.951137 -0.047182 0.927302 0.308046 0.212648 u9190.dat
1 16 -0.3449 -215.52 -43.0863 0.216397 0.021445 -0.97607 -0.25966 0.965015 -0.036365 0.941142 0.261316 0.214395 u9190.dat
1 16 -0.3588 -216.1442 -43.2702 0.214675 0.021355 -0.976452 -0.273869 0.960968 -0.039195 0.937502 0.275834 0.212144 u9190.dat
1 16 -0.3782 -217.0204 -43.4785 0.214184 0.021602 -0.976554 -0.23269 0.972102 -0.029531 0.948673 0.23356 0.213235 u9190.dat
1 16 -0.3924 -217.6563 -43.6166 0.213206 0.021703 -0.976766 -0.21336 0.976657 -0.024871 0.953426 0.213705 0.21286 u9190.dat
1 16 -0.4065 -218.2935 -43.7481 0.211969 0.021741 -0.977034 -0.205646 0.97836 -0.022844 0.955395 0.205765 0.211853 u9190.dat
1 16 -0.4208 -218.935 -43.8569 0.211337 0.021894 -0.977168 -0.170713 0.985209 -0.014847 0.96239 0.169953 0.211949 u9190.dat
1 16 -0.435 -219.5764 -43.9667 0.209946 0.021897 -0.977468 -0.169884 0.985359 -0.014415 0.962841 0.169082 0.210592 u9190.dat
1 16 -0.4548 -220.4656 -44.1091 0.208762 0.021935 -0.97772 -0.159719 0.98709 -0.011957 0.964836 0.158657 0.20957 u9190.dat
1 16 -0.4691 -221.1102 -44.1978 0.207803 0.022005 -0.977923 -0.139367 0.990214 -0.007333 0.968191 0.137814 0.208836 u9190.dat
1 16 -0.4835 -221.7556 -44.2796 0.206572 0.02203 -0.978183 -0.131249 0.991335 -0.005391 0.969588 0.1295 0.207673 u9190.dat
1 16 -0.4978 -222.4031 -44.3447 0.205754 0.0221 -0.978354 -0.104523 0.994522 0.000484 0.973006 0.102161 0.206937 u9190.dat
1 16 -0.5122 -223.0503 -44.4108 0.204349 0.022101 -0.978649 -0.104166 0.99456 0.00071 0.97334 0.101797 0.205539 u9190.dat
1 16 -0.5322 -223.9469 -44.4953 0.203102 0.022118 -0.978908 -0.096675 0.995313 0.002431 0.974373 0.094142 0.204288 u9190.dat
1 16 -0.5466 -224.5956 -44.5459 0.202017 0.022147 -0.979132 -0.081864 0.996627 0.005653 0.975955 0.079014 0.203149 u9190.dat
1 16 -0.561 -225.2446 -44.5919 0.200727 0.022157 -0.979397 -0.076241 0.997065 0.006931 0.976676 0.073279 0.201827 u9190.dat
1 16 -0.5754 -225.8944 -44.6253 0.199757 0.022186 -0.979594 -0.056219 0.998356 0.011147 0.978231 0.052845 0.200675 u9190.dat
1 16 -0.5899 -226.5438 -44.6659 0.198197 0.022177 -0.979911 -0.062677 0.997985 0.009909 0.978156 0.059454 0.199188 u9190.dat
1 16 -0.6099 -227.4436 -44.7038 0.197141 0.022196 -0.980124 -0.046447 0.998833 0.013278 0.979274 0.042906 0.197942 u9190.dat
1 16 -0.6243 -228.0939 -44.7261 0.195899 0.022203 -0.980373 -0.038562 0.999145 0.014923 0.979866 0.034882 0.196588 u9190.dat
1 16 -0.6388 -228.7442 -44.7461 0.194544 0.022205 -0.980643 -0.035752 0.99924 0.015534 0.980242 0.032038 0.19519 u9190.dat
1 16 -0.6532 -229.3946 -44.7648 0.193193 0.022207 -0.980909 -0.032714 0.999334 0.016181 0.980615 0.028964 0.19379 u9190.dat
1 16 -0.6677 -230.0452 -44.7744 0.191986 0.022213 -0.981146 -0.023152 0.999568 0.018099 0.981125 0.01924 0.192417 u9190.dat
1 16 -0.6877 -230.9457 -44.7839 0.190746 0.022215 -0.981388 -0.015074 0.999692 0.0197 0.981524 0.011036 0.191022 u9190.dat
1 16 -0.7021 -231.5963 -44.7911 0.189327 0.022215 -0.981663 -0.01502 0.999693 0.019727 0.981799 0.01101 0.189603 u9190.dat
1 16 -0.7166 -232.247 -44.7913 0.188067 0.022217 -0.981905 -0.007786 0.999746 0.021129 0.982125 0.003672 0.188192 u9190.dat
1 16 -0.7311 -232.8976 -44.7911 0.186726 0.022217 -0.982161 -0.004187 0.999753 0.021819 0.982403 0.000038 0.186773 u9190.dat
1 16 -0.7455 -233.5482 -44.7868 0.185404 0.022217 -0.982411 0.000322 0.999743 0.022669 0.982662 -0.00452 0.18535 u9190.dat
1 16 -0.7655 -234.4488 -44.7827 0.183983 0.022217 -0.982678 0.000355 0.999743 0.022669 0.982929 -0.00452 0.183928 u9190.dat
1 16 -0.78 -235.0993 -44.7706 0.182847 0.022213 -0.98289 0.013279 0.999598 0.025061 0.983052 -0.017634 0.182479 u9190.dat
1 16 -0.7944 -235.75 -44.7654 0.181281 0.022215 -0.98318 0.006859 0.999692 0.023853 0.983407 -0.011068 0.181073 u9190.dat
1 16 -0.8089 -236.4005 -44.7523 0.180041 0.022213 -0.983408 0.015135 0.999564 0.025348 0.983543 -0.019448 0.179627 u9190.dat
1 16 -0.8234 -237.051 -44.7408 0.178592 0.022213 -0.983672 0.014009 0.999586 0.025116 0.983823 -0.018266 0.178207 u9190.dat
1 16 -0.8434 -237.9514 -44.7231 0.177196 0.022212 -0.983925 0.01531 0.999562 0.025323 0.984056 -0.019551 0.176778 u9190.dat
1 16 -0.8578 -238.6019 -44.7089 0.175817 0.022212 -0.984172 0.017375 0.99952 0.025662 0.98427 -0.021611 0.175346 u9190.dat
1 16 -0.8723 -239.2524 -44.6943 0.174406 0.022211 -0.984423 0.018034 0.999506 0.025747 0.984509 -0.022243 0.173919 u9190.dat
1 16 -0.8867 -239.9029 -44.6795 0.17299 0.022211 -0.984673 0.018492 0.999496 0.025794 0.98475 -0.022671 0.172492 u9190.dat
1 16 -0.9012 -240.5533 -44.6636 0.171589 0.02221 -0.984918 0.019666 0.999469 0.025965 0.984972 -0.023825 0.171061 u9190.dat
1 16 -0.9212 -241.4536 -44.642 0.170166 0.02221 -0.985165 0.01985 0.999466 0.025961 0.985215 -0.023974 0.169634 u9190.dat
1 16 -0.9356 -242.1041 -44.6264 0.168739 0.02221 -0.98541 0.019887 0.999466 0.025932 0.98546 -0.023972 0.168208 u9190.dat
1 16 -0.9501 -242.7546 -44.6114 0.167299 0.022211 -0.985656 0.0193 0.999481 0.025798 0.985717 -0.02334 0.166783 u9190.dat
1 16 -0.9646 -243.405 -44.5964 0.165867 0.022211 -0.985898 0.019172 0.999485 0.025742 0.985962 -0.023171 0.165356 u9190.dat
1 16 -0.979 -244.0555 -44.5824 0.164414 0.022211 -0.986141 0.018048 0.999511 0.025521 0.986226 -0.021994 0.163932 u9190.dat
1 16 -0.999 -244.9559 -44.5634 0.162966 0.022212 -0.986382 0.017207 0.999531 0.025351 0.986482 -0.021104 0.162507 u9190.dat
1 16 -1.0135 -245.6064 -44.5516 0.161478 0.022213 -0.986626 0.014577 0.999584 0.02489 0.986769 -0.018401 0.161087 u9190.dat
1 16 -1.0279 -246.257 -44.5403 0.160033 0.022213 -0.986862 0.013884 0.999597 0.024751 0.987014 -0.017663 0.15966 u9190.dat
1 16 -1.0424 -246.9076 -44.5325 0.158487 0.022215 -0.987111 0.00871 0.999676 0.023896 0.987323 -0.012385 0.158243 u9190.dat
1 16 -1.0568 -247.5582 -44.5227 0.157098 0.022214 -0.987333 0.010567 0.999652 0.024173 0.987526 -0.014231 0.156809 u9190.dat
1 16 -1.0769 -248.4587 -44.5152 0.155545 0.022216 -0.987579 0.005064 0.999716 0.023286 0.987816 -0.008623 0.155388 u9190.dat
1 16 -1.0913 -249.1093 -44.5095 0.154117 0.022216 -0.987803 0.005201 0.999715 0.023295 0.988039 -0.008728 0.153957 u9190.dat
1 16 -1.1058 -249.76 -44.5093 0.152561 0.022217 -0.988044 -0.000395 0.999749 0.022419 0.988294 -0.00303 0.152531 u9190.dat
1 16 -1.1202 -250.4106 -44.5096 0.151057 0.022217 -0.988275 -0.003616 0.999753 0.021922 0.988518 0.000262 0.1511 u9190.dat
1 16 -1.1347 -251.0612 -44.5139 0.149531 0.022217 -0.988507 -0.007861 0.999743 0.02128 0.988726 0.004588 0.149667 u9190.dat
1 16 -1.1547 -251.9618 -44.518 0.148099 0.022217 -0.988723 -0.00783 0.999743 0.021291 0.988942 0.004588 0.148235 u9190.dat
1 16 -1.1692 -252.6123 -44.5341 0.146255 0.022211 -0.988998 -0.026336 0.999481 0.018552 0.988896 0.023333 0.146764 u9190.dat
1 16 -1.1836 -253.2629 -44.5402 0.145034 0.022215 -0.989177 -0.016801 0.999659 0.019987 0.989284 0.01372 0.145357 u9190.dat
1 16 -1.1981 -253.9133 -44.5613 0.143218 0.022206 -0.989442 -0.033975 0.999269 0.017509 0.989108 0.031109 0.143868 u9190.dat
1 16 -1.2125 -254.5636 -44.5807 0.141804 0.022207 -0.989646 -0.033104 0.999296 0.01768 0.989341 0.030254 0.142439 u9190.dat
1 16 -1.2325 -255.4637 -44.6116 0.140286 0.022204 -0.989862 -0.03688 0.999172 0.017186 0.989424 0.034095 0.140989 u9190.dat
1 16 -1.247 -256.1136 -44.6414 0.138615 0.022194 -0.990098 -0.047557 0.998745 0.01573 0.989204 0.044906 0.139496 u9190.dat
1 16 -1.2614 -256.7635 -44.6729 0.137127 0.022192 -0.990305 -0.049957 0.998632 0.015461 0.989293 0.047353 0.138048 u9190.dat
1 16 -1.2758 -257.4132 -44.7073 0.135581 0.022186 -0.990518 -0.054968 0.998378 0.014838 0.98924 0.052435 0.136581 u9190.dat
1 16 -1.2903 -258.0624 -44.7517 0.13391 0.022172 -0.990745 -0.065622 0.997754 0.01346 0.988818 0.063212 0.135064 u9190.dat
1 16 -1.3102 -258.9603 -44.8209 0.13219 0.022152 -0.990977 -0.07845 0.996848 0.011819 0.988115 0.07618 0.133511 u9190.dat
1 16 -1.3246 -259.6091 -44.8702 0.130764 0.022153 -0.991166 -0.078029 0.996879 0.011986 0.988338 0.075773 0.132084 u9190.dat
1 16 -1.339 -260.2567 -44.9337 0.129002 0.022125 -0.991398 -0.092718 0.995641 0.010155 0.9873 0.09061 0.130491 u9190.dat
1 16 -1.3534 -260.904 -44.9986 0.12738 0.022107 -0.991608 -0.1011 0.994834 0.009192 0.986688 0.099081 0.128957 u9190.dat
1 16 -1.3678 -261.5504 -45.0727 0.125719 0.022084 -0.99182 -0.111211 0.993764 0.00803 0.985813 0.109291 0.127391 u9190.dat
1 16 -1.3877 -262.4456 -45.1712 0.124284 0.022084 -0.992001 -0.111199 0.993764 0.008191 0.985996 0.109291 0.125964 u9190.dat
1 16 -1.402 -263.0883 -45.2738 0.121857 0.021951 -0.992305 -0.15578 0.987788 0.002721 0.980247 0.154249 0.123788 u9190.dat
1 16 -1.4163 -263.7325 -45.3662 0.120608 0.021979 -0.992457 -0.147354 0.989076 0.003998 0.981703 0.14576 0.122529 u9190.dat
1 16 -1.4306 -264.3758 -45.4633 0.119098 0.021968 -0.992639 -0.15065 0.98858 0.003803 0.981387 0.149088 0.121047 u9190.dat
1 16 -1.4448 -265.0168 -45.5748 0.117326 0.021915 -0.992852 -0.165739 0.986167 0.002182 0.979165 0.164299 0.119335 u9190.dat
1 16 -1.4645 -265.9035 -45.7326 0.115663 0.021876 -0.993048 -0.175931 0.984402 0.001194 0.977584 0.17457 0.117707 u9190.dat
1 16 -1.4786 -266.538 -45.8773 0.113246 0.021677 -0.993331 -0.220054 0.97548 -0.0038 0.968892 0.219017 0.115239 u9190.dat
1 16 -1.4928 -267.1776 -45.9979 0.11232 0.021786 -0.993433 -0.197069 0.980389 -0.000781 0.973934 0.195863 0.11441 u9190.dat
1 16 -1.5068 -267.8082 -46.1588 0.109831 0.021548 -0.993717 -0.244409 0.969654 -0.005987 0.963432 0.243531 0.111764 u9190.dat
1 16 -1.5209 -268.44 -46.3144 0.10846 0.021565 -0.993867 -0.241413 0.970408 -0.00529 0.964342 0.240507 0.110457 u9190.dat
1 16 -1.5403 -269.3118 -46.5403 0.106807 0.02151 -0.994047 -0.251121 0.967937 -0.006037 0.962045 0.250271 0.108784 u9190.dat
1 16 -1.5541 -269.936 -46.7241 0.10471 0.021327 -0.994274 -0.280833 0.959715 -0.00899 0.954028 0.280166 0.106481 u9190.dat
1 16 -1.568 -270.5591 -46.9112 0.103161 0.021294 -0.994437 -0.28584 0.958234 -0.009134 0.952708 0.285192 0.104939 u9190.dat
1 16 -1.5816 -271.1728 -47.1278 0.100748 0.020977 -0.994691 -0.329757 0.943969 -0.013492 0.938675 0.329366 0.10202 u9190.dat
1 16 -1.5953 -271.787 -47.3427 0.099297 0.020972 -0.994837 -0.330368 0.943762 -0.013079 0.938614 0.329961 0.100641 u9190.dat
1 16 -1.6141 -272.6333 -47.6506 0.097613 0.020884 -0.995005 -0.341487 0.939786 -0.013776 0.934804 0.341126 0.098867 u9190.dat
1 16 -1.6275 -273.2354 -47.8972 0.095396 0.020583 -0.995227 -0.376532 0.926249 -0.016935 0.921479 0.37635 0.096111 u9190.dat
1 16 -1.6408 -273.8361 -48.1473 0.093838 0.020534 -0.995376 -0.381954 0.924026 -0.016947 0.919405 0.381778 0.094552 u9190.dat
1 16 -1.6538 -274.4213 -48.4322 0.091251 0.020018 -0.995627 -0.433685 0.900805 -0.021637 0.896432 0.433763 0.090881 u9190.dat
1 16 -1.6668 -275.0075 -48.7147 0.08981 0.020016 -0.995758 -0.433878 0.900726 -0.021027 0.896484 0.433926 0.089579 u9190.dat
1 16 -1.6847 -275.813 -49.1175 0.088093 0.019879 -0.995914 -0.446439 0.894552 -0.021634 0.890467 0.446521 0.087679 u9190.dat
1 16 -1.6973 -276.3803 -49.4363 0.085767 0.019408 -0.996126 -0.486459 0.87335 -0.024868 0.869484 0.486707 0.084345 u9190.dat
1 16 -1.7099 -276.9456 -49.7584 0.084204 0.019337 -0.996261 -0.492103 0.870187 -0.024702 0.866455 0.492343 0.082789 u9190.dat
1 16 -1.722 -277.4879 -50.1186 0.081511 0.018568 -0.996499 -0.548605 0.835568 -0.029305 0.832099 0.549074 0.078294 u9190.dat
1 16 -1.734 -278.0319 -50.4757 0.080079 0.018573 -0.996615 -0.548345 0.835767 -0.028485 0.832409 0.54877 0.077112 u9190.dat
1 16 -1.7506 -278.7763 -50.9825 0.078349 0.018377 -0.996757 -0.561522 0.826957 -0.028892 0.823744 0.561964 0.075111 u9190.dat
1 16 -1.7621 -279.2931 -51.378 0.075971 0.017699 -0.996953 -0.603863 0.79645 -0.031877 0.793459 0.604445 0.071195 u9190.dat
1 16 -1.7735 -279.8075 -51.7764 0.074414 0.017608 -0.997072 -0.60926 0.792345 -0.031479 0.789471 0.609819 0.06969 u9190.dat
1 16 -1.7842 -280.2908 -52.2127 0.071736 0.016576 -0.997286 -0.665116 0.745899 -0.035445 0.743287 0.665853 0.064533 u9190.dat
1 16 -1.795 -280.7769 -52.6454 0.070314 0.01659 -0.997387 -0.664439 0.746549 -0.034424 0.744027 0.665123 0.063516 u9190.dat
1 16 -1.8097 -281.4386 -53.2564 0.0686 0.016338 -0.99751 -0.676937 0.735232 -0.034511 0.732838 0.677619 0.061497 u9190.dat
1 16 -1.8198 -281.8898 -53.7253 0.066279 0.015475 -0.997681 -0.716731 0.696377 -0.036813 0.694192 0.717509 0.057247 u9190.dat
1 16 -1.8297 -282.3386 -54.1965 0.064741 0.015371 -0.997784 -0.721279 0.691701 -0.036144 0.689612 0.722021 0.055869 u9190.dat
1 16 -1.8389 -282.7498 -54.7013 0.062205 0.014132 -0.997963 -0.770769 0.635918 -0.039039 0.634071 0.771627 0.05045 u9190.dat
1 16 -1.8481 -283.165 -55.2025 0.060792 0.014161 -0.99805 -0.769727 0.63725 -0.037843 0.635472 0.770527 0.04964 u9190.dat
1 16 -1.8606 -283.7266 -55.9065 0.059121 0.013873 -0.998154 -0.780283 0.624299 -0.03754 0.622626 0.781063 0.047735 u9190.dat
1 16 -1.869 -284.103 -56.4375 0.056968 0.012923 -0.998292 -0.81258 0.581554 -0.038842 0.580059 0.813405 0.043631 u9190.dat
1 16 -1.8773 -284.4771 -56.9699 0.055459 0.012822 -0.998379 -0.815867 0.576996 -0.03791 0.575574 0.816646 0.042461 u9190.dat
1 16 -1.8847 -284.8099 -57.5295 0.053138 0.011465 -0.998521 -0.855728 0.515907 -0.039615 0.51469 0.856568 0.037225 u9190.dat
1 16 -1.8926 -285.1692 -58.0726 0.05204 0.012011 -0.998573 -0.84053 0.54048 -0.037303 0.53926 0.841271 0.038222 u9190.dat
1 16 -1.9024 -285.6072 -58.8599 0.049919 0.010868 -0.998694 -0.871405 0.489072 -0.038234 0.488018 0.872176 0.033884 u9190.dat
1 16 -1.909 -285.9048 -59.4387 0.048129 0.010212 -0.998789 -0.887352 0.459519 -0.038061 0.458574 0.888109 0.031177 u9190.dat
1 16 -1.9156 -286.2009 -60.0182 0.046658 0.010143 -0.998859 -0.888993 0.456432 -0.036891 0.455538 0.8897 0.030313 u9190.dat
1 16 -1.9219 -286.4847 -60.6037 0.045013 0.009723 -0.998939 -0.898463 0.437552 -0.036226 0.436736 0.89914 0.028432 u9190.dat
1 16 -1.9277 -286.7444 -61.2006 0.043304 0.009138 -0.99902 -0.910839 0.411214 -0.03572 0.410485 0.911493 0.02613 u9190.dat
1 16 -1.9359 -287.1148 -62.0217 0.041868 0.009138 -0.999081 -0.910889 0.411214 -0.034411 0.410522 0.911493 0.025541 u9190.dat
1 16 -1.9403 -287.3116 -62.643 0.039562 0.006884 -0.999193 -0.95015 0.309769 -0.035486 0.309274 0.950787 0.018796 u9190.dat
1 16 -1.9459 -287.5659 -63.2435 0.038567 0.008111 -0.999223 -0.93043 0.364986 -0.032949 0.364436 0.930978 0.021623 u9190.dat
1 16 -1.95 -287.7514 -63.8678 0.036559 0.006459 -0.999311 -0.956256 0.290652 -0.033106 0.290237 0.956807 0.016802 u9190.dat
1 16 -1.9549 -287.9694 -64.4815 0.035341 0.007131 -0.99935 -0.946598 0.320904 -0.031185 0.320473 0.947085 0.018091 u9190.dat
1 16 -1.9604 -288.2161 -65.3479 0.033597 0.006139 -0.999417 -0.960594 0.276266 -0.030595 0.275917 0.961062 0.015179 u9190.dat
1 16 -1.9644 -288.3982 -65.9727 0.032185 0.006214 -0.999463 -0.95966 0.279648 -0.029165 0.279317 0.960082 0.014964 u9190.dat
1 16 -1.9677 -288.5487 -66.6061 0.030552 0.005478 -0.999518 -0.968724 0.246526 -0.028259 0.246253 0.969121 0.012839 u9190.dat
1 16 -1.9712 -288.7054 -67.2377 0.029089 0.005359 -0.999562 -0.970111 0.241161 -0.026939 0.240911 0.97047 0.012214 u9190.dat
1 16 -1.9742 -288.8405 -67.8744 0.027536 0.004849 -0.999609 -0.975565 0.218188 -0.025816 0.217978 0.975895 0.010738 u9190.dat
1 16 -1.9783 -289.0247 -68.7561 0.026042 0.004561 -0.99965 -0.978398 0.205266 -0.024552 0.205082 0.978696 0.009809 u9190.dat
1 16 -1.9808 -289.1362 -69.3973 0.024475 0.003858 -0.999693 -0.984536 0.173609 -0.023434 0.173465 0.984807 0.008047 u9190.dat
1 16 -1.9833 -289.2474 -70.0385 0.023036 0.003817 -0.999727 -0.984889 0.17178 -0.022039 0.171649 0.985128 0.007717 u9190.dat
1 16 -1.9855 -289.3494 -70.6812 0.021553 0.003505 -0.999762 -0.987267 0.157716 -0.020731 0.157606 0.987478 0.006859 u9190.dat
1 16 -1.9875 -289.4357 -71.3263 0.020065 0.003123 -0.999794 -0.989887 0.140521 -0.019428 0.140431 0.990073 0.005911 u9190.dat
1 16 -1.9903 -289.5622 -72.2182 0.018635 0.003123 -0.999821 -0.989914 0.140521 -0.018012 0.140439 0.990073 0.00571 u9190.dat
1 16 -1.9918 -289.6292 -72.8656 0.017109 0.002344 -0.999851 -0.994278 0.1055 -0.016766 0.105445 0.994416 0.004136 u9190.dat
1 16 -1.9933 -289.6963 -73.5129 0.015676 0.002308 -0.999874 -0.994473 0.103868 -0.015352 0.10382 0.994588 0.003924 u9190.dat
1 16 -1.9946 -289.7551 -74.161 0.01422 0.00203 -0.999897 -0.99572 0.091361 -0.013975 0.091323 0.995816 0.003321 u9190.dat
1 16 -1.9956 -289.8006 -74.8102 0.012764 0.001704 -0.999917 -0.996975 0.076693 -0.012596 0.076665 0.997053 0.002678 u9190.dat
1 16 -1.9971 -289.8697 -75.7084 0.011336 0.001704 -0.999934 -0.996992 0.076693 -0.011172 0.076669 0.997053 0.002569 u9190.dat
1 16 -1.9978 -289.899 -76.3586 0.009868 0.00105 -0.999951 -0.998835 0.04725 -0.009808 0.047237 0.998883 0.001515 u9190.dat
1 16 -1.9984 -289.9287 -77.0087 0.00844 0.001027 -0.999964 -0.998897 0.046199 -0.008384 0.046189 0.998932 0.001415 u9190.dat
1 16 -1.9991 -289.9588 -77.6588 0.007014 0.001027 -0.999975 -0.998908 0.046199 -0.006959 0.04619 0.998932 0.00135 u9190.dat
1 16 -1.9994 -289.971 -78.3095 0.005573 0.000609 -0.999984 -0.999609 0.027388 -0.005554 0.027384 0.999625 0.000761 u9190.dat
1 16 -1.9997 -289.9862 -79.2101 0.004142 0.000388 -0.999991 -0.999839 0.017446 -0.004135 0.017444 0.999848 0.00046 u9190.dat
1 16 -1.9999 -289.9976 -79.8608 0.002717 0.000388 -0.999996 -0.999844 0.017446 -0.00271 0.017445 0.999848 0.000435 u9190.dat
1 16 -2.0013 -289.9957 -80.5117 0.001292 0.001563 -0.999998 -0.999993 0.003536 -0.001287 0.003534 0.999993 0.001568 u9190.dat
1 16 -2.0024 -289.9967 -81.1625 0.00006 0.001725 -0.999999 -0.999999 0.001621 -0.000057 0.001621 0.999997 0.001725 u9190.dat
1 16 -2.0036 -289.9977 -81.8133 0.000685 0.001725 -0.999998 -0.999998 0.001621 -0.000682 0.00162 0.999997 0.001726 u9190.dat
1 16 -2.0051 -289.9992 -82.7141 0.00131 0.001725 -0.999998 -0.999998 0.001621 -0.001307 0.001619 0.999997 0.001727 u9190.dat
1 16 -2.0089 -289.9987 -83.3649 0.001919 0.00551 -0.999983 -0.999998 -0.000534 -0.001922 -0.000545 0.999985 0.005509 u9190.dat
1 16 -2.0125 -289.9984 -84.0157 0.002539 0.005566 -0.999981 -0.999997 -0.000566 -0.002542 -0.00058 0.999984 0.005564 u9190.dat
1 16 -2.0162 -289.998 -84.6665 0.00316 0.005566 -0.99998 -0.999995 -0.000566 -0.003163 -0.000583 0.999984 0.005564 u9190.dat
1 16 -2.0198 -289.9976 -85.3172 0.003781 0.005566 -0.999977 -0.999993 -0.000566 -0.003784 -0.000587 0.999984 0.005563 u9190.dat
1 16 -2.0286 -289.997 -86.218 0.004365 0.009531 -0.999945 -0.99999 -0.00071 -0.004372 -0.000752 0.999954 0.009527 u9190.dat
1 16 -2.0345 -289.9965 -86.8688 0.004985 0.009144 -0.999946 -0.999987 -0.000696 -0.004992 -0.000742 0.999958 0.00914 u9190.dat
1 16 -2.0404 -289.9961 -87.5196 0.005602 0.009144 -0.999943 -0.999984 -0.000696 -0.005609 -0.000747 0.999958 0.00914 u9190.dat
1 16 -2.0477 -289.9957 -88.1703 0.006195 0.010976 -0.999921 -0.999981 -0.000599 -0.006202 -0.000667 0.99994 0.010972 u9190.dat
1 16 -2.0566 -289.9954 -88.8211 0.006783 0.012805 -0.999895 -0.999977 -0.000502 -0.00679 -0.000589 0.999918 0.012801 u9190.dat
1 16 -2.0649 -289.9951 -89.4718 0.007396 0.012805 -0.999891 -0.999972 -0.000502 -0.007403 -0.000597 0.999918 0.012801 u9190.dat
1 16 -2.0732 -289.9947 -90.1226 0.008008 0.012805 -0.999886 -0.999968 -0.000502 -0.008015 -0.000605 0.999918 0.0128 u9190.dat
1 16 -2.0879 -289.9947 -91.0232 0.008561 0.016161 -0.999833 -0.999963 -0.000047 -0.008563 -0.000185 0.999869 0.01616 u9190.dat
1 16 -2.0988 -289.9947 -91.674 0.009161 0.016566 -0.999821 -0.999958 0.000008 -0.009162 -0.000144 0.999863 0.016565 u9190.dat
1 16 -2.1095 -289.9947 -92.3247 0.009769 0.016566 -0.999815 -0.999952 0.000008 -0.00977 -0.000154 0.999863 0.016565 u9190.dat
1 16 -2.1204 -289.9947 -92.9754 0.010375 0.016627 -0.999808 -0.999946 0.000022 -0.010376 -0.000151 0.999862 0.016626 u9190.dat
1 16 -2.1348 -289.9955 -93.626 0.010898 0.020438 -0.999732 -0.99994 0.000875 -0.010882 0.000652 0.999791 0.020446 u9190.dat
1 16 -2.1532 -289.9963 -94.5266 0.0115 0.020438 -0.999725 -0.999934 0.000875 -0.011485 0.00064 0.999791 0.020447 u9190.dat
1 16 -2.1665 -289.9969 -95.1773 0.012103 0.020438 -0.999718 -0.999927 0.000875 -0.012088 0.000627 0.999791 0.020447 u9190.dat
1 16 -2.1824 -289.9983 -95.8279 0.012637 0.023141 -0.999652 -0.999919 0.001738 -0.0126 0.001446 0.999731 0.023161 u9190.dat
1 16 -2.1983 -289.9997 -96.4785 0.013202 0.024433 -0.999614 -0.999911 0.002151 -0.013153 0.001829 0.999699 0.024459 u9190.dat
1 16 -2.2142 -290.0011 -97.1291 0.013799 0.024433 -0.999606 -0.999903 0.002151 -0.013751 0.001814 0.999699 0.02446 u9190.dat
1 16 -2.2363 -290.0031 -98.0297 0.014397 0.024433 -0.999598 -0.999895 0.002151 -0.014348 0.001799 0.999699 0.024461 u9190.dat
1 16 -2.2573 -290.0067 -98.6801 0.014781 0.03178 -0.999386 -0.999879 0.005267 -0.014621 0.004799 0.999481 0.031854 u9190.dat
1 16 -2.2749 -290.0088 -99.3307 0.015464 0.028565 -0.999472 -0.999874 0.003903 -0.015359 0.003462 0.999584 0.028622 u9190.dat
1 16 -2.2935 -290.0113 -99.9812 0.016056 0.028565 -0.999463 -0.999865 0.003903 -0.015951 0.003446 0.999584 0.028624 u9190.dat
1 16 -2.314 -290.0149 -100.6317 0.016584 0.030542 -0.999396 -0.999853 0.00497 -0.01644 0.004465 0.999521 0.03062 u9190.dat
1 16 -2.3437 -290.0205 -101.532 0.017097 0.032854 -0.999314 -0.999838 0.006218 -0.016902 0.005658 0.999441 0.032955 u9190.dat
1 16 -2.3651 -290.0246 -102.1824 0.017683 0.032854 -0.999304 -0.999828 0.006218 -0.017488 0.005639 0.999441 0.032958 u9190.dat
1 16 -2.3888 -290.0302 -102.8328 0.018185 0.035314 -0.999211 -0.999809 0.007863 -0.017918 0.007224 0.999345 0.03545 u9190.dat
1 16 -2.4126 -290.0358 -103.4831 0.018728 0.036442 -0.99916 -0.999793 0.008618 -0.018426 0.007939 0.999299 0.036596 u9190.dat
1 16 -2.4363 -290.0414 -104.1335 0.019309 0.036442 -0.999149 -0.999782 0.008618 -0.019006 0.007918 0.999299 0.036601 u9190.dat
1 16 -2.4691 -290.0492 -105.0336 0.019889 0.036442 -0.999138 -0.999771 0.008618 -0.019587 0.007896 0.999299 0.036605 u9190.dat
1 16 -2.4985 -290.0592 -105.6837 0.020182 0.044484 -0.998806 -0.999697 0.01495 -0.019534 0.014064 0.998898 0.044773 u9190.dat
1 16 -2.524 -290.0663 -106.334 0.020879 0.040915 -0.998944 -0.999718 0.01214 -0.020398 0.011292 0.999089 0.041157 u9190.dat
1 16 -2.5508 -290.0743 -106.9842 0.021445 0.041124 -0.998924 -0.999704 0.012337 -0.020953 0.011462 0.999078 0.041377 u9190.dat
