0 Main
0 Name: 42063-1 - BMW R 1200 GS Adventure.mpd
0 Author: LTRON
1 71 0 -145 0 -1 0 0 0 -1 -0.017 0 -0.017 1 64178.dat
1 71 -40 -143.3 -100 1 0 0 0 1 -0.017 0 0.017 1 32054.dat
1 71 40 -143.3 -100 -1 0 0 0 -1 -0.017 0 -0.017 1 32054.dat
1 0 20 -143.81 -70 0 -1 0 0.017 0 1 -1 0 0.017 2780.dat
1 0 -20 -143.81 -70 0 -1 0 0.017 0 1 -1 0 0.017 2780.dat
1 0 20 -145.85 50 0 -1 0 0.017 0 1 -1 0 0.017 2780.dat
1 0 -20 -145.85 50 0 -1 0 0.017 0 1 -1 0 0.017 2780.dat
1 0 40 -126.02 60.34 0 -1 0 -1 0 0.017 -0.017 0 -1 15100.dat
1 0 -40 -126.02 60.34 0 -1 0 -1 0 0.017 -0.017 0 -1 15100.dat
1 1 40 -126.02 60.34 -1 0 0 0 1 0.017 0 0.017 -1 6558.dat
1 71 10 -126.02 60.34 -1 0 0 0 1 0.017 0 0.017 -1 62462.dat
1 1 -20 -126.02 60.34 -1 0 0 0 1 0.017 0 0.017 -1 6558.dat
1 72 -20 -126.02 60.34 0 -1 0 -1 0 0.017 -0.017 0 -1 18654.dat
1 1 40 -143.98 -60 0 -1 0 -1 0 0.017 -0.017 0 -1 6558.dat
1 1 -40 -143.98 -60 0 -1 0 -1 0 0.017 -0.017 0 -1 6558.dat
1 71 40 -123.98 -59.66 0 0 1 -0.017 -1 0 1 -0.017 0 87082.dat
1 71 -40 -123.98 -59.66 0 0 1 -0.017 -1 0 1 -0.017 0 87082.dat
1 71 0 -124.32 -39.66 0 0 1 1 -0.017 0 0.017 1 0 32316.dat
1 19 0 -144.15 -50 0 -1 0 -0.017 0 -1 1 0 -0.017 3749.dat
1 0 0 -185.68 39.32 1 0 0 0 0.017 1 0 -1 0.017 60484.dat
1 71 0 -145.68 40 0 0 1 0.017 1 0 -1 0.017 0 32073.dat
1 19 0 -145.34 20 -1 0 0 0 1 0.017 0 0.017 -1 32269.dat
1 71 0 -183.98 -60.68 0 1 0 -1 0 -0.017 -0.017 0 1 32184.dat
1 0 -20 -183.98 -60.68 0 1 0 -1 0 -0.017 -0.017 0 1 18651.dat
1 0 20 -183.98 -60.68 0 1 0 -1 0 -0.017 -0.017 0 1 18651.dat
1 71 -40 -203.98 -61.02 0 1 0 -1 0 -0.017 -0.017 0 1 32184.dat
1 71 40 -203.98 -61.02 0 1 0 -1 0 -0.017 -0.017 0 1 32184.dat
1 0 -60 -183.98 -60.68 0 1 0 -1 0 -0.017 -0.017 0 1 18651.dat
1 71 -80 -183.98 -60.68 0 1 0 -1 0 -0.017 -0.017 0 1 32184.dat
1 71 80 -183.98 -60.68 0 1 0 -1 0 -0.017 -0.017 0 1 32184.dat
1 0 60 -183.98 -60.68 0 1 0 -1 0 -0.017 -0.017 0 1 18651.dat
1 0 0 -163.98 -60.34 0 0 1 0.017 1 0 -1 0.017 0 32524.dat
1 71 -40 -203.98 -61.02 0 0 -1 -0.017 1 0 1 0.017 0 32054.dat
1 71 40 -203.98 -61.02 0 0 -1 -0.017 1 0 1 0.017 0 32054.dat
1 4 100 -183.98 -60.68 0 1 0 -1 0 -0.017 -0.017 0 1 32062.dat
1 4 -100 -183.98 -60.68 0 1 0 -1 0 -0.017 -0.017 0 1 32062.dat
1 71 120 -183.64 -80.68 0 0 1 1 -0.017 0 0.017 1 0 92907.dat
1 71 -120 -183.64 -80.68 0 0 -1 -1 -0.017 0 -0.017 1 0 92907.dat
1 4 120 -183.98 -60.68 0 1 0 -1 0 -0.017 -0.017 0 1 32062.dat
1 4 -120 -183.98 -60.68 0 1 0 -1 0 -0.017 -0.017 0 1 32062.dat
1 71 110 -183.64 -80.68 1 0 0 0 1 -0.017 0 0.017 1 3673.dat
1 71 -110 -183.64 -80.68 1 0 0 0 1 -0.017 0 0.017 1 3673.dat
1 148 120 -184.32 -40.68 0 -1 0 -0.017 0 -1 1 0 -0.017 11272.dat
1 148 -120 -184.32 -40.68 0 -1 0 -0.017 0 -1 1 0 -0.017 11272.dat
1 4 120 -184.66 -20.68 0 1 0 -1 0 -0.017 -0.017 0 1 32062.dat
1 4 -120 -184.66 -20.68 0 1 0 -1 0 -0.017 -0.017 0 1 32062.dat
1 71 120 -184.66 -20.68 0 0 1 -1 0.017 0 -0.017 -1 0 41678.dat
1 71 -120 -184.66 -20.68 0 0 -1 -1 -0.017 0 -0.017 1 0 41678.dat
1 0 40 -204.83 -11.02 0 -1 0 -0.017 0 -1 1 0 -0.017 2780.dat
1 0 -40 -204.83 -11.02 0 -1 0 -0.017 0 -1 1 0 -0.017 2780.dat
1 0 -40 -164.83 -10.34 0 -1 0 -0.017 0 -1 1 0 -0.017 2780.dat
1 0 40 -164.83 -10.34 0 -1 0 -0.017 0 -1 1 0 -0.017 2780.dat
1 0 -20 -205 -1.02 0 -1 0 1 0 -0.017 0.017 0 1 6536.dat
1 0 -20 -165 -0.34 0 -1 0 1 0 -0.017 0.017 0 1 6536.dat
1 0 20 -165 -0.34 0 1 0 -1 0 -0.017 -0.017 0 1 6536.dat
1 0 20 -205 -1.02 0 1 0 -1 0 -0.017 -0.017 0 1 6536.dat
1 14 20 -185 -0.68 0 1 0 -1 0 -0.017 -0.017 0 1 4519.dat
1 14 -20 -185 -0.68 0 1 0 -1 0 -0.017 -0.017 0 1 4519.dat
1 71 0 -185 -0.68 0 1 0 -1 0 -0.017 -0.017 0 1 32184.dat
1 14 10 -183.98 -60.68 1 0 0 0 -1 0.017 0 -0.017 -1 2853.dat
1 14 0 -184.49 -30.68 -1 0 0 0 1 0.017 0 0.017 -1 2853.dat
1 71 10 -184.49 -30.68 0 -1 0 -1 0 0.017 -0.017 0 -1 2852.dat
1 71 10 -184.49 -30.68 0 1 0 -1 0 -0.017 -0.017 0 1 2852.dat
1 14 50 -184.49 -30.68 0 -1 0 -1 0 0.017 -0.017 0 -1 2851.dat
1 14 -30 -184.49 -30.68 0 1 0 1 0 0.017 0.017 0 -1 2851.dat
1 14 0 -183.725 -75.68 0 1 0 1 0 0.017 0.017 0 -1 32123.dat
1 4 0 -185.34 19.32 0 0 -1 0.017 -1 0 -1 -0.017 0 3705.dat
1 0 0 -185.34 19.32 0 -1 0 1 0 -0.017 0.017 0 1 32270.dat
1 71 40 -114.6131 196.8163 1 0 0 0 0.992363 0.12217 0 -0.12217 0.992363 14720.dat
1 0 40 -129.5736 238.9542 0 0 1 0.992363 0.12217 0 -0.12217 0.992363 0 15100.dat
1 71 20 -129.5736 238.9542 0 0 1 0.992363 0.12217 0 -0.12217 0.992363 0 87082.dat
1 71 60 -129.5736 238.9542 0 0 1 0.992363 0.12217 0 -0.12217 0.992363 0 87082.dat
1 0 50 -92.3225 214.2202 -1 0 0 0 0.12217 0.992363 0 0.992363 -0.12217 2780.dat
1 0 60 -112.1697 216.6635 0 0 -1 0.12217 0.992363 0 0.992363 -0.12217 0 42003.dat
1 0 50 -112.1697 216.6635 -1 0 0 0 0.12217 0.992363 0 0.992363 -0.12217 2780.dat
1 1 20 -128.3519 248.8778 0 0 -1 0.12217 0.992363 0 0.992363 -0.12217 0 43093.dat
1 14 60 -129.5736 238.9542 0 0 -1 0.12217 0.992363 0 0.992363 -0.12217 0 4519.dat
1 0 40 -128.3519 248.8778 0 0 1 -0.992363 -0.12217 0 0.12217 -0.992363 0 87408.dat
1 72 40 -129.3293 240.9389 0 0 1 0.12217 -0.992363 0 0.992363 0.12217 0 87083.dat
1 19 40 -125.542 271.7022 -1 0 0 0 -0.992363 0.12217 0 0.12217 0.992363 6589.dat
1 14 40 -131.4061 224.0688 -1 0 0 0 -0.992363 0.12217 0 0.12217 0.992363 32123.dat
1 0 40 -92.3225 214.2202 0 1 0 -0.992363 0 0.12217 0.12217 0 0.992363 32526.dat
1 70 20 -122.2434 298.496 1 0 0 0 0.992363 0.12217 0 -0.12217 0.992363 15462.dat
1 14 55 -122.2434 298.496 0 0 -1 0.12217 0.992363 0 0.992363 -0.12217 0 32123.dat
1 19 23 -122.2434 298.496 0 0 -1 0.12217 0.992363 0 0.992363 -0.12217 0 32198.dat
1 0 60 -117.0565 176.969 -1 0 0 0 -0.992363 0.12217 0 0.12217 0.992363 15100.dat
1 4 19.693 -141.2642 143.994 0.406 -0.914 0 0.111663 0.049601 -0.992363 0.90702 0.402899 0.12217 3705.dat
1 1 60 -136.9038 179.4124 0 -1 0 -0.992363 0 -0.12217 0.12217 0 -0.992363 6558.dat
1 1 60 -139.3472 159.5652 0 -1 0 -0.992363 0 -0.12217 0.12217 0 -0.992363 6558.dat
1 0 60 -144.234 119.8707 1 0 0 0 0.992363 0.12217 0 -0.12217 0.992363 32140.dat
1 71 40 -154.3076 201.7031 1 0 0 0 0.992363 0.12217 0 -0.12217 0.992363 14720.dat
1 0 60 -156.7511 181.8558 -1 0 0 0 -0.992363 0.12217 0 0.12217 0.992363 15100.dat
1 0 20 -179.0417 164.452 0 -1 0 0.992363 0 0.12217 -0.12217 0 0.992363 15100.dat
1 0 40 -169.1181 163.2303 0 0 1 0.992363 0.12217 0 -0.12217 0.992363 0 2780.dat
1 0 40 -159.3445 242.6193 0 0 1 0.992363 0.12217 0 -0.12217 0.992363 0 2780.dat
1 1 60 -141.7906 139.7179 0 -1 0 -0.992363 0 -0.12217 0.12217 0 -0.992363 6558.dat
1 0 0 -121.9433 137.2745 0 0 -1 0.12217 0.992363 0 0.992363 -0.12217 0 32524.dat
1 1 40 -141.7906 139.7179 0 -1 0 -0.992363 0 -0.12217 0.12217 0 -0.992363 6558.dat
1 1 -40 -141.7906 139.7179 0 -1 0 -0.992363 0 -0.12217 0.12217 0 -0.992363 6558.dat
1 1 -60 -141.7906 139.7179 0 -1 0 -0.992363 0 -0.12217 0.12217 0 -0.992363 6558.dat
1 0 -40 -141.7906 139.7179 -1 0 0 0 0.992363 -0.12217 0 -0.12217 -0.992363 32523.dat
1 71 -60 -144.234 119.8707 1 0 0 0 0.992363 0.12217 0 -0.12217 0.992363 60483.dat
1 71 40 -144.234 119.8707 1 0 0 0 0.992363 0.12217 0 -0.12217 0.992363 60483.dat
1 0 0 -161.6378 142.1613 0 0 -1 0.12217 0.992363 0 0.992363 -0.12217 0 32524.dat
1 0 -20 -171.5615 143.383 0 0 1 0.992363 0.12217 0 -0.12217 0.992363 0 2780.dat
1 4 -60 -144.234 119.8707 0 0 1 0.992363 0.12217 0 -0.12217 0.992363 0 32062.dat
1 4 -40 -144.234 119.8707 0 0 1 0.992363 0.12217 0 -0.12217 0.992363 0 32062.dat
1 4 40 -164.0813 122.314 0 0 1 0.992363 0.12217 0 -0.12217 0.992363 0 3705.dat
1 4 60 -144.234 119.8707 0 0 1 0.992363 0.12217 0 -0.12217 0.992363 0 32062.dat
1 71 60 -146.6774 100.0234 0 0 1 0.992363 0.12217 0 -0.12217 0.992363 0 92907.dat
1 71 -60 -146.6774 100.0234 0 0 -1 -0.992363 0.12217 0 0.12217 0.992363 0 92907.dat
1 71 60 -146.6774 100.0234 -1 0 0 0 -0.992363 0.12217 0 0.12217 0.992363 32054.dat
1 71 -60 -146.6774 100.0234 1 0 0 0 -0.992363 -0.12217 0 0.12217 -0.992363 32054.dat
1 0 -20 -179.0417 164.452 1 0 0 0 -0.12217 0.992363 0 -0.992363 -0.12217 6536.dat
1 14 40 -169.0431 122.9249 0 1 0 0.12217 0 0.992363 0.992363 0 -0.12217 32123.dat
1 0 40 -176.5983 184.2992 1 0 0 0 0.992363 0.12217 0 -0.12217 0.992363 32524.dat
1 0 20 -109.5763 155.9001 0 0 1 0.992363 0.12217 0 -0.12217 0.992363 0 2780.dat
1 0 20 -112.0197 136.0528 0 0 1 0.992363 0.12217 0 -0.12217 0.992363 0 2780.dat
1 0 -40 -99.6527 154.6784 0 0 1 -0.12217 0.992363 0 -0.992363 -0.12217 0 32140.dat
1 0 0 -109.5763 155.9001 0 0 1 0.992363 0.12217 0 -0.12217 0.992363 0 2780.dat
1 71 0 -119.4999 157.1218 0 0 1 0.992363 0.12217 0 -0.12217 0.992363 0 32013.dat
1 0 -40 -119.4999 157.1218 0 0 -1 0.992363 -0.12217 0 -0.12217 -0.992363 0 10197.dat
1 4 -40 -129.4236 158.3435 0 0 1 0.992363 0.12217 0 -0.12217 0.992363 0 3705.dat
1 71 -40 -179.0417 164.452 1 0 0 0 0.12217 -0.992363 0 0.992363 0.12217 32013.dat
1 72 -10 -179.0417 164.452 -1 0 0 0 -0.12217 -0.992363 0 -0.992363 0.12217 87083.dat
1 71 0 -146.6774 100.0234 0 -0.914 0.406 0.992363 0.049601 0.111663 -0.12217 0.402899 0.90702 62520.dat
1 71 40 -135.6821 189.3361 0 -1 0 0.992363 0 0.12217 -0.12217 0 0.992363 62520.dat
1 71 40 -135.6821 189.3361 0.914 0 -0.406 -0.049601 -0.992363 -0.111663 -0.402899 0.12217 -0.90702 62520.dat
1 71 40 -135.6821 189.3361 0 -0.914 0.406 0.992363 0.049601 0.111663 -0.12217 0.402899 0.90702 62519.dat
1 71 0 -146.6774 100.0234 1 0 0 0 -0.999421 0.01699 0 -0.01699 -0.999421 62520.dat
1 71 0 -146.6774 100.0234 0 -1 0 0.992363 0 0.12217 -0.12217 0 0.992363 62519.dat
1 0 -20 -226.36 78.64 0 -1 0 1 0 -0.017 0.017 0 1 32009.dat
1 71 0 -223.64 -81.36 -1 0 0 0 -1 -0.017 0 -0.017 1 32073.dat
1 0 -30 -224.32 -41.36 1 0 0 0 -1 0.017 0 -0.017 -1 2780.dat
1 0 -30 -224.66 -21.36 1 0 0 0 -1 0.017 0 -0.017 -1 2780.dat
1 0 -30 -225.34 18.64 1 0 0 0 -1 0.017 0 -0.017 -1 2780.dat
1 1 0 -225 -1.36 1 0 0 0 -1 0.017 0 -0.017 -1 6558.dat
1 1 0 -225.68 38.64 1 0 0 0 -1 0.017 0 -0.017 -1 6558.dat
1 0 0 -225 -1.36 0 1 0 -1 0 -0.017 -0.017 0 1 32526.dat
1 1 0 -226.36 78.64 1 0 0 0 -0.999578 -0.017017 0 0.017017 -0.999578 6558.dat
1 0 0 -183.3 -100.68 0 1 0 0.017 0 -1 -1 0 -0.017 60484.dat
1 1 0 -223.3 -101.36 1 0 0 0 -1 0.017 0 -0.017 -1 6558.dat
1 1 0 -183.3 -100.68 1 0 0 0 -1 0.017 0 -0.017 -1 6558.dat
1 0 20 -203.3 -101.02 0 -1 0 0.017 0 1 -1 0 0.017 32524.dat
1 0 -20 -203.3 -101.02 0 -1 0 0.017 0 1 -1 0 0.017 32524.dat
1 0 20 -226.36 78.64 0 -1 0 1 0 -0.017 0.017 0 1 32009.dat
1 0 30 -224.32 -41.36 1 0 0 0 -1 0.017 0 -0.017 -1 2780.dat
1 0 30 -224.66 -21.36 1 0 0 0 -1 0.017 0 -0.017 -1 2780.dat
1 1 20 -186.36 79.32 1 0 0 0 -0.764256 0.645175 0 -0.645175 -0.764256 6558.dat
1 0 0 -199.2664 94.6021 0 1 0 0.764256 0 0.645175 0.645175 0 -0.764256 32523.dat
1 1 0 -199.2664 94.6021 1 0 0 0 -0.764256 0.645175 0 -0.645175 -0.764256 6558.dat
1 1 0 -212.1729 109.8841 1 0 0 0 -0.764256 0.645175 0 -0.645175 -0.764256 6558.dat
1 71 0 -222.96 -121.36 -1 0 0 0 -1 -0.017 0 -0.017 1 32073.dat
1 72 0 -222.96 -121.36 1 0 0 0 0.901616 0.432802 0 -0.432802 0.901616 57515.dat
1 14 25 -222.96 -121.36 0 0 1 0.017 1 0 -1 0.017 0 32123.dat
1 14 -25 -222.96 -121.36 0 0 1 0.017 1 0 -1 0.017 0 32123.dat
1 71 40 -223.64 -81.36 0 -1 0 -1 0 0.017 -0.017 0 -1 32316.dat
1 71 -40 -223.64 -81.36 0 -1 0 -1 0 0.017 -0.017 0 -1 32316.dat
1 4 0 -240.262 -157.4315 1 0 0 0 -0.901616 -0.432802 0 0.432802 -0.901616 32062.dat
1 16 0 -339.5635 -110.0744 0 0 -1 0.430785 0.902582 0 0.902582 -0.430785 0 4255.dat
1 0 0 -240.2795 -157.4608 0 0 -1 0.430785 0.902582 0 0.902582 -0.430785 0 4254.dat
1 0 30 -243.3 -101.7 1 0 0 0 -0.945797 -0.32502 0 0.32502 -0.945797 2780.dat
1 0 -30 -243.3 -101.7 1 0 0 0 -1 0.017 0 -0.017 -1 2780.dat
1 71 0 -288.1068 -24.2751 0 1 0 0.857993 0 -0.514567 -0.514567 0 -0.857993 40490.dat
1 1 0 -277.8155 -7.1153 1 0 0 0 0.476817 0.879761 0 -0.879761 0.476817 6558.dat
1 1 0 -267.5241 10.0446 1 0 0 0 0.857993 0.514567 0 -0.514567 0.857993 6558.dat
1 1 0 -246.9414 44.3643 1 0 0 0 0.857993 0.514567 0 -0.514567 0.857993 6558.dat
1 71 -20 -246.9414 44.3643 0 -1 0 0.857993 0 0.514567 -0.514567 0 0.857993 32316.dat
1 14 0 -298.3981 -41.435 -1 0 0 0 -0.857993 0.514567 0 0.514567 0.857993 4519.dat
1 71 20 -298.3981 -41.435 0 1 0 0.857993 0 -0.514567 -0.514567 0 -0.857993 2825.dat
1 71 -20 -298.3981 -41.435 0 -1 0 -0.857993 0 -0.514567 0.514567 0 -0.857993 2825.dat
1 71 0 -329.2722 -92.9146 1 0 0 0 -0.857993 -0.514567 0 0.514567 -0.857993 32073.dat
1 1 20 -318.9808 -75.7547 -1 0 0 0 -0.857993 0.514567 0 0.514567 0.857993 6558.dat
1 0 -30 -318.9808 -75.7547 -1 0 0 0 -0.857993 0.514567 0 0.514567 0.857993 2780.dat
1 72 0 -318.9808 -75.7547 1 0 0 0 0.857993 0.514567 0 -0.514567 0.857993 57515.dat
1 4 0 -339.5635 -110.0744 1 0 0 0 0.857993 0.514567 0 -0.514567 0.857993 32062.dat
1 71 20 -246.9419 44.3353 0 -1 0 0.857993 0 0.514567 -0.514567 0 0.857993 32316.dat
1 71 -20 -225.0784 125.1662 0 1 0 0.764256 0 0.645175 0.645175 0 -0.764256 32316.dat
1 71 20 -225.0784 125.1662 0 1 0 0.764256 0 0.645175 0.645175 0 -0.764256 32316.dat
1 71 20 -250.8913 155.7304 1 0 0 0 -0.764256 0.645175 0 -0.645175 -0.764256 32054.dat
1 72 -20 -250.8913 155.7304 1 0 0 0 -0.764256 0.645175 0 -0.645175 -0.764256 11214.dat
1 71 40 -281.1406 -88.7164 0 1 0 -0.32502 0 -0.945797 -0.945797 0 0.32502 32316.dat
1 71 -40 -281.1406 -88.7164 0 1 0 -0.32502 0 -0.945797 -0.945797 0 0.32502 32316.dat
1 4 -50 -146.36 80 1 0 0 0 1 -0.017 0 0.017 1 3705.dat
1 4 50 -146.36 80 1 0 0 0 1 -0.017 0 0.017 1 3705.dat
1 71 60 -146.36 80 0 0 -1 1 0.017 0 0.017 -1 0 3713.dat
1 71 80 -146.36 80 0 0 -1 1 0.017 0 0.017 -1 0 3713.dat
1 71 -60 -146.36 80 0 0 1 -1 0.017 0 -0.017 -1 0 3713.dat
1 71 -80 -146.36 80 0 0 1 -1 0.017 0 -0.017 -1 0 3713.dat
1 0 40 -186.36 79.32 -1 0 0 0 0.017 -1 0 -1 -0.017 10197.dat
1 0 40 -166.36 79.66 1 0 0 0 -1 0.017 0 -0.017 -1 32140.dat
1 71 40 -186.7 99.32 0 1 0 1 0 0.017 0.017 0 -1 3713.dat
1 71 40 -165.34 19.66 0 -1 0 1 0 -0.017 0.017 0 1 32054.dat
1 16 0 -278.0026 116.3392 0 0 1 0.437419 0.899826 0 -0.899826 0.437419 0 4255.dat
1 0 0 -179.0218 164.4553 0 0 1 0.437419 0.899826 0 -0.899826 0.437419 0 4254.dat
1 1 -20 -296.9909 173.1679 0 -1 0 -0.95207 0 0.306269 -0.306269 0 -0.95207 6629.dat
1 14 0 -301.0377 28.9855 1 0 0 0 -0.577895 0.816257 0 -0.816257 -0.577895 4519.dat
1 71 0 -301.0377 28.9855 0 1 0 0.816257 0 -0.577895 -0.577895 0 -0.816257 60483.dat
1 1 0 -312.5956 12.6604 -1 0 0 0 0.306269 -0.95207 0 -0.95207 -0.306269 6558.dat
1 1 0 -266.364 77.9609 1 0 0 0 0.306269 0.95207 0 -0.95207 0.306269 6558.dat
1 1 0 -278.6148 116.0437 1 0 0 0 0.306269 0.95207 0 -0.95207 0.306269 6558.dat
1 72 0 -277.9219 61.6358 1 0 0 0 -0.18005 -0.984268 0 0.984268 -0.18005 11214.dat
1 1 0 -333.3553 31.1712 0 -1 0 0.734227 0 0.678875 -0.678875 0 0.734227 32140.dat
1 14 0 -333.3553 31.1712 1 0 0 0 -0.678875 0.734227 0 -0.734227 -0.678875 4519.dat
1 1 0 -319.7718 45.8535 -1 0 0 0 0.18005 -0.984268 0 -0.984268 -0.18005 6558.dat
1 72 0 -284.7401 135.0851 1 0 0 0 -0.306269 -0.95207 0 0.95207 -0.306269 11214.dat
1 71 0 -284.7401 135.0851 0 -1 0 -0.306269 0 -0.95207 0.95207 0 -0.306269 22961.dat
1 1 0 -296.9909 173.1679 1 0 0 0 0.95207 -0.306269 0 0.306269 0.95207 32016.dat
1 71 0 -296.9909 173.1679 1 0 0 0 0.95207 -0.306269 0 0.306269 0.95207 32073.dat
1 1 20 -296.9909 173.1679 0 -1 0 -0.95207 0 0.306269 -0.306269 0 -0.95207 6629.dat
1 0 30 -290.8645 154.1266 1 0 0 0 -0.944696 0.32815 0 -0.32815 -0.944696 2780.dat
1 0 -30 -290.8645 154.1266 1 0 0 0 -0.95207 0.306269 0 -0.306269 -0.95207 2780.dat
1 0 20 -295.2034 2.7671 0 -1 0 -0.494363 0 0.869653 -0.869653 0 -0.494363 32523.dat
1 0 -20 -295.2034 2.7671 0 -1 0 -0.494363 0 0.869653 -0.869653 0 -0.494363 32523.dat
1 0 40 -270.8784 154.9285 0 -1 0 0.04 0 0.999609 -0.999609 0 0.04 32523.dat
1 0 -40 -270.8784 154.9285 0 -1 0 0.04 0 0.999609 -0.999609 0 0.04 32523.dat
1 0 100 -183.64 -80.68 0 1 0 0.624464 0 -0.781613 -0.781613 0 -0.624464 15100.dat
1 0 -100 -183.64 -80.68 0 1 0 0.624464 0 -0.781613 -0.781613 0 -0.624464 15100.dat
1 16 40 -123.7577 -72.7393 0 0 1 1 -0.017 0 0.017 1 0 79.dat
1 16 40 -123.6654 -78.1639 0 0 1 1 -0.017 0 0.017 1 0 80.dat
1 16 40 -123.5789 -83.2544 0 0 1 1 -0.017 0 0.017 1 0 80.dat
1 16 40 -123.4924 -88.345 0 0 1 1 -0.017 0 0.017 1 0 80.dat
1 16 40 -123.4058 -93.4355 0.000101 -0.022958 0.999736 1.000111 -0.008166 -0.000289 0.00817 0.999847 0.02296 80.dat
1 16 40.2331 -123.4092 -98.5124 0.0009 -0.113902 0.993492 0.999759 0.027656 0.002265 -0.027734 0.993251 0.1139 80.dat
1 16 41.0836 -123.6611 -103.242 0.008405 -0.271349 0.962444 0.995779 0.091742 0.017169 -0.092955 0.958238 0.270975 80.dat
1 16 42.8299 -124.2839 -107.6765 0.03137 -0.44794 0.893513 0.984768 0.167561 0.049428 -0.171858 0.878353 0.446374 80.dat
1 16 45.5156 -125.3172 -111.8234 0.073634 -0.608036 0.790488 0.965627 0.242055 0.096238 -0.249857 0.75623 0.604959 80.dat
1 16 48.9396 -126.7124 -115.2718 0.130905 -0.730223 0.67055 0.940366 0.305967 0.149616 -0.31442 0.610977 0.72673 80.dat
1 16 52.8743 -128.3992 -117.9786 0.195054 -0.80973 0.553437 0.913188 0.356027 0.199056 -0.358219 0.466565 0.80888 80.dat
1 16 57.1225 -130.3121 -119.9864 0.262026 -0.855676 0.446274 0.888293 0.39476 0.235349 -0.377554 0.334755 0.863528 80.dat
1 16 61.5384 -132.4033 -121.3697 0.336925 -0.878682 0.338231 0.874976 0.425013 0.23253 -0.348072 0.217599 0.912022 80.dat
1 16 66.0232 -134.6439 -122.1975 0.436929 -0.898855 -0.033958 0.847689 0.424113 -0.319124 0.301249 0.110649 0.947257 80.dat
1 16 70.506 -137.0172 -122.5277 -0.01751 -0.892558 -0.450592 -0.04622 0.450968 -0.891505 0.998922 0.005216 -0.04915 80.dat
1 16 74.9315 -139.5159 -122.3994 -0.41341 -0.863018 -0.290329 -0.62001 0.500383 -0.60456 0.667022 -0.069924 -0.741944 80.dat
1 16 79.2497 -142.1392 -121.8346 -0.51317 -0.834938 -0.198833 -0.646752 0.52852 -0.550151 0.564429 -0.153725 -0.811219 80.dat
1 16 83.4075 -144.8898 -120.8414 -0.584583 -0.797714 -0.148038 -0.614141 0.554347 -0.561978 0.530363 -0.237606 -0.81397 80.dat
1 16 87.1606 -147.6251 -119.5033 -0.654678 -0.748214 -0.107573 -0.567158 0.580317 -0.584682 0.499894 -0.321767 -0.804276 80.dat
1 16 90.6254 -150.4902 -117.7365 -0.728426 -0.681268 -0.072587 -0.506438 0.606794 -0.612872 0.461575 -0.409671 -0.787024 80.dat
1 16 93.8787 -153.6304 -115.431 -0.80717 -0.588846 -0.041682 -0.427966 0.632366 -0.645947 0.406721 -0.50355 -0.762433 80.dat
1 16 96.5837 -156.8866 -112.6416 -0.885422 -0.46449 -0.016658 -0.329312 0.652235 -0.682958 0.328092 -0.59922 -0.730466 80.dat
1 16 98.5685 -160.2118 -109.3818 -0.951885 -0.306454 -0.000379 -0.211904 0.659092 -0.721792 0.221446 -0.686983 -0.692319 80.dat
1 16 99.6714 -163.5217 -105.7215 -0.989985 -0.141102 0.004572 -0.095808 0.647704 -0.756035 0.103717 -0.748902 -0.654735 80.dat
1 16 99.9924 -166.7503 -101.8169 -0.999473 -0.032392 0.00213 -0.022095 0.630708 -0.775892 0.023789 -0.77553 -0.631092 80.dat
1 16 100 -169.9297 -97.8406 -1 -0.00075 0.000234 -0.000651 0.624433 -0.781262 0.00044 -0.781262 -0.624434 80.dat
1 16 100 -173.1076 -93.8629 -1 0 0 0 0.624281 -0.781384 0 -0.781384 -0.624281 80.dat
1 16 100 -176.2957 -89.8725 -1 0 0 0 -0.624281 0.781384 0 0.781384 0.624281 79.dat
1 16 -40 -123.7577 -72.7393 0 0 -1 -1 -0.017 0 -0.017 1 0 79.dat
1 16 -40 -123.6654 -78.1639 0 0 -1 -1 -0.017 0 -0.017 1 0 80.dat
1 16 -40 -123.5789 -83.2544 0 0 -1 -1 -0.017 0 -0.017 1 0 80.dat
1 16 -40 -123.4924 -88.345 0 0 -1 -1 -0.017 0 -0.017 1 0 80.dat
1 16 -40 -123.4058 -93.4355 0.000101 0.022958 -0.999736 -1.000111 -0.008166 -0.000289 -0.00817 0.999847 0.02296 80.dat
1 16 -40.2331 -123.4092 -98.5124 0.0009 0.113902 -0.993492 -0.999759 0.027656 0.002265 0.027734 0.993251 0.1139 80.dat
1 16 -41.0836 -123.6611 -103.242 0.008405 0.271349 -0.962444 -0.995779 0.091742 0.017169 0.092955 0.958238 0.270975 80.dat
1 16 -42.8299 -124.2839 -107.6765 0.03137 0.44794 -0.893513 -0.984768 0.167561 0.049428 0.171858 0.878353 0.446374 80.dat
1 16 -45.5156 -125.3172 -111.8234 0.073634 0.608036 -0.790488 -0.965627 0.242055 0.096238 0.249857 0.75623 0.604959 80.dat
1 16 -48.9396 -126.7124 -115.2718 0.130905 0.730223 -0.67055 -0.940366 0.305967 0.149616 0.31442 0.610977 0.72673 80.dat
1 16 -52.8743 -128.3992 -117.9786 0.195054 0.80973 -0.553437 -0.913188 0.356027 0.199056 0.358219 0.466565 0.80888 80.dat
1 16 -57.1225 -130.3121 -119.9864 0.262026 0.855676 -0.446274 -0.888293 0.39476 0.235349 0.377554 0.334755 0.863528 80.dat
1 16 -61.5384 -132.4033 -121.3697 0.336925 0.878682 -0.338231 -0.874976 0.425013 0.23253 0.348072 0.217599 0.912022 80.dat
1 16 -66.0232 -134.6439 -122.1975 0.436929 0.898855 0.033958 -0.847689 0.424113 -0.319124 -0.301249 0.110649 0.947257 80.dat
1 16 -70.506 -137.0172 -122.5277 -0.01751 0.892558 0.450592 0.04622 0.450968 -0.891505 -0.998922 0.005216 -0.04915 80.dat
1 16 -74.9315 -139.5159 -122.3994 -0.41341 0.863018 0.290329 0.62001 0.500383 -0.60456 -0.667022 -0.069924 -0.741944 80.dat
1 16 -79.2497 -142.1392 -121.8346 -0.51317 0.834938 0.198833 0.646752 0.52852 -0.550151 -0.564429 -0.153725 -0.811219 80.dat
1 16 -83.4075 -144.8898 -120.8414 -0.584583 0.797714 0.148038 0.614141 0.554347 -0.561978 -0.530363 -0.237606 -0.81397 80.dat
1 16 -87.1606 -147.6251 -119.5033 -0.654678 0.748214 0.107573 0.567158 0.580317 -0.584682 -0.499894 -0.321767 -0.804276 80.dat
1 16 -90.6254 -150.4902 -117.7365 -0.728426 0.681268 0.072587 0.506438 0.606794 -0.612872 -0.461575 -0.409671 -0.787024 80.dat
1 16 -93.8787 -153.6304 -115.431 -0.80717 0.588846 0.041682 0.427966 0.632366 -0.645947 -0.406721 -0.50355 -0.762433 80.dat
1 16 -96.5837 -156.8866 -112.6416 -0.885422 0.46449 0.016658 0.329312 0.652235 -0.682958 -0.328092 -0.59922 -0.730466 80.dat
1 16 -98.5685 -160.2118 -109.3818 -0.951885 0.306454 0.000379 0.211904 0.659092 -0.721792 -0.221446 -0.686983 -0.692319 80.dat
1 16 -99.6714 -163.5217 -105.7215 -0.989985 0.141102 -0.004572 0.095808 0.647704 -0.756035 -0.103717 -0.748902 -0.654735 80.dat
1 16 -99.9924 -166.7503 -101.8169 -0.999473 0.032392 -0.00213 0.022095 0.630708 -0.775892 -0.023789 -0.77553 -0.631092 80.dat
1 16 -100 -169.9297 -97.8406 -1 0.00075 -0.000234 0.000651 0.624433 -0.781262 -0.00044 -0.781262 -0.624434 80.dat
1 16 -100 -173.1076 -93.8629 -1 0 0 0 0.624281 -0.781384 0 -0.781384 -0.624281 80.dat
1 16 -100 -176.2957 -89.8725 -1 0 0 0 -0.624281 0.781384 0 0.781384 0.624281 79.dat
1 1 0 -335.8296 218.9121 1 0 0 0 -0.95207 0.306269 0 -0.306269 -0.95207 32016.dat
1 4 0 -316.4103 196.0408 0 0 -1 0.647635 -0.762412 0 -0.762412 -0.647635 0 32062.dat
1 1 0 -345.0176 247.4742 0 0 -1 0.306269 -0.95207 0 -0.95207 -0.306269 0 43093.dat
1 1 0 -335.8296 218.9121 -1 0 0 0 -0.95207 -0.306269 0 -0.306269 0.95207 6558.dat
1 1 20 -335.8296 218.9121 1 0 0 0 -0.95207 0.306269 0 -0.306269 -0.95207 32016.dat
1 1 -20 -335.8296 218.9121 1 0 0 0 -0.95207 0.306269 0 -0.306269 -0.95207 32016.dat
1 0 -20 -309.938 188.4164 0 1 0 0.762412 0 0.647635 0.647635 0 -0.762412 10197.dat
1 0 20 -309.938 188.4164 0 -1 0 -0.762412 0 0.647635 -0.647635 0 -0.762412 10197.dat
1 0 -20 -357.2684 285.557 0 0 -1 0.306269 -0.95207 0 -0.95207 -0.306269 0 3706.dat
1 0 20 -357.2684 285.557 0 0 -1 0.306269 -0.95207 0 -0.95207 -0.306269 0 3706.dat
1 1 0 -348.0803 256.9949 0 0 -1 0.95207 0.306269 0 0.306269 -0.95207 0 32523.dat
1 0 20 -354.2057 276.0363 0 0 -1 -0.306269 0.95207 0 0.95207 0.306269 0 63869.dat
1 0 -20 -354.2057 276.0363 0 0 -1 -0.306269 0.95207 0 0.95207 0.306269 0 63869.dat
1 1 0 -335.1643 282.1617 -1 0 0 0 -0.95207 -0.306269 0 -0.306269 0.95207 6558.dat
1 0 0 -322.9135 244.0789 0 -1 0 0.95207 0 -0.306269 0.306269 0 0.95207 6629.dat
1 1 0 -360.3311 295.0777 0 0 -1 0.95207 0.306269 0 0.306269 -0.95207 0 32523.dat
1 0 -40 -366.4565 314.1191 0 -1 0 -0.306269 0 -0.95207 0.95207 0 -0.306269 42003.dat
1 0 40 -366.4565 314.1191 0 1 0 -0.306269 0 0.95207 0.95207 0 0.306269 42003.dat
1 4 0 -318.8668 388.2613 1 0 0 0 0.816257 0.577895 0 -0.577895 0.816257 32062.dat
1 71 0 -318.8668 388.2613 1 0 0 0 -0.816257 -0.577895 0 0.577895 -0.816257 41678.dat
1 71 10 -315.4714 410.3654 0 -0.8 0.6 -0.816257 -0.346737 -0.462316 0.577895 -0.489754 -0.653006 4274.dat
1 71 -10 -315.4714 410.3654 0 -0.8 0.6 -0.816257 -0.346737 -0.462316 0.577895 -0.489754 -0.653006 4274.dat
1 0 0 -327.7805 406.826 0 0 -1 0.577895 0.816257 0 0.816257 -0.577895 0 3068.dat
1 71 -20 -378.7072 352.2019 0 0 -1 -0.306269 0.95207 0 0.95207 0.306269 0 32054.dat
1 71 20 -378.7072 352.2019 0 0 -1 -0.306269 0.95207 0 0.95207 0.306269 0 32054.dat
1 72 -20 -378.7072 352.2019 0 0 -1 0.95207 0.306269 0 0.306269 -0.95207 0 18654.dat
1 72 20 -378.7072 352.2019 0 0 -1 0.95207 0.306269 0 0.306269 -0.95207 0 18654.dat
1 0 0 -384.8326 371.2433 0 0 -1 0.95207 0.306269 0 0.306269 -0.95207 0 32523.dat
1 71 0 -387.8953 380.764 0 0 -1 -0.306269 0.95207 0 0.95207 0.306269 0 4274.dat
1 47 0 -390.3455 388.3806 0 0 -1 0.95207 0.306269 0 0.306269 -0.95207 0 98138.dat
1 1 -60 -366.4565 314.1191 0 -1 0 0.95207 0 -0.306269 0.306269 0 0.95207 6558.dat
1 1 60 -366.4565 314.1191 0 -1 0 0.95207 0 -0.306269 0.306269 0 0.95207 6558.dat
1 71 40 -309.9368 188.4153 0 1 0 0.762222 0 0.647141 0.647141 0 -0.762222 60483.dat
1 71 -40 -309.9368 188.4153 0 1 0 0.762222 0 0.647141 0.647141 0 -0.762222 60483.dat
1 72 -40 -363.319 -71.9101 1 0 0 0 0.984229 -0.179779 0 0.179779 0.984229 11214.dat
1 1 -20 -306.1541 60.5797 0 1 0 0.734361 0 -0.679516 -0.679516 0 -0.734361 6629.dat
1 1 -40 -370.5101 -32.541 -1 0 0 0 -0.984229 -0.179779 0 -0.179779 0.984229 6558.dat
1 0 -30 -374.1057 -12.8564 -1 0 0 0 -0.984229 -0.179779 0 -0.179779 0.984229 2780.dat
1 71 -20 -366.9146 -52.2255 -1 0 0 0 -0.984229 -0.179779 0 -0.179779 0.984229 32054.dat
1 1 -40 -346.29 -82.4182 0 -1 0 0.525858 0 -0.851734 0.851734 0 0.525858 32523.dat
1 1 -40 -370.5101 -32.541 0 1 0 -0.984229 0 -0.179779 -0.179779 0 0.984229 32523.dat
1 1 -60 -363.319 -71.9101 0 1 0 -0.984229 0 -0.179779 -0.179779 0 0.984229 32316.dat
1 0 -70 -356.1278 -111.2793 -1 0 0 0 -0.984229 -0.179779 0 -0.179779 0.984229 2780.dat
1 0 -70 -359.7234 -91.5947 -1 0 0 0 -0.984229 -0.179779 0 -0.179779 0.984229 2780.dat
1 1 -80 -348.9366 -150.6485 0 1 0 -0.984229 0 -0.179779 -0.179779 0 0.984229 11947.dat
1 72 40 -363.319 -71.9101 -1 0 0 0 0.984229 0.179779 0 0.179779 -0.984229 11214.dat
1 1 20 -306.1541 60.5797 0 1 0 0.734361 0 -0.679516 -0.679516 0 -0.734361 6629.dat
1 1 40 -370.5101 -32.541 1 0 0 0 -0.984229 0.179779 0 -0.179779 -0.984229 6558.dat
1 0 30 -374.1057 -12.8564 -1 0 0 0 -0.984229 -0.179779 0 -0.179779 0.984229 2780.dat
1 72 20 -366.9146 -52.2255 -1 0 0 0 0.984229 0.179779 0 0.179779 -0.984229 11214.dat
1 1 40 -346.29 -82.4182 0 1 0 -0.525858 0 -0.851734 -0.851734 0 0.525858 32523.dat
1 1 40 -370.5101 -32.541 0 -1 0 0.984229 0 -0.179779 0.179779 0 0.984229 32523.dat
1 1 60 -363.319 -71.9101 0 -1 0 0.984229 0 -0.179779 0.179779 0 0.984229 32316.dat
1 0 70 -356.1278 -111.2793 -1 0 0 0 -0.984229 -0.179779 0 -0.179779 0.984229 2780.dat
1 0 70 -359.7234 -91.5947 -1 0 0 0 -0.984229 -0.179779 0 -0.179779 0.984229 2780.dat
1 1 80 -348.9366 -150.6485 0 -1 0 0.984229 0 -0.179779 0.179779 0 0.984229 11946.dat
1 0 0 -122.2434 298.496 0 0 1 0.992363 0.12217 0 -0.12217 0.992363 0 88517.dat
1 256 0 -124.4592 301.1531 0 0 1 0.992363 0.12217 0 -0.12217 0.992363 0 11957.dat
1 71 -20 -122.2434 298.496 0 0 -1 0.12417 0.992397 0 0.992397 -0.12417 0 3713.dat
1 72 -40 -114.6131 196.8163 1 0 0 0 0.992363 0.12217 0 -0.12217 0.992363 32192.dat
1 14 -40 -163.8389 259.8639 0 -1 0 -0.615566 0 -0.787766 0.787766 0 -0.615566 44294.dat
1 71 -40 -139.225 228.3391 0.001 -1 0 -0.788766 0 0.615566 -0.615583 0 -0.787766 3713.dat
1 71 -40 -151.5314 244.1015 -1 0 0 0 -0.615566 0.787766 0 0.787766 0.615566 60483.dat
1 71 -40 -163.8378 259.8629 -1 0 0 0 -0.615566 0.787766 0 0.787766 0.615566 60483.dat
1 71 -40 -176.1443 275.6253 -1 0 0 0 -0.615566 0.787766 0 0.787766 0.615566 60483.dat
1 71 -40 -188.4507 291.3867 -1 0 0 0 -0.615566 0.787766 0 0.787766 0.615566 60483.dat
1 71 -40 -200.7571 307.1491 -1 0 0 0 -0.615566 0.787766 0 0.787766 0.615566 60483.dat
1 0 -40 -239.5198 -202.1478 1 0 0 0 0.432802 -0.901616 0 0.901616 0.432802 32278.dat
1 0 -40 -140.7021 -227.3957 0 1 0 -0.432802 0 -0.901616 -0.901616 0 0.432802 15100.dat
1 0 -30 -140.7021 -227.3957 1 0 0 0 0.432802 -0.901616 0 0.901616 0.432802 2780.dat
1 0 -40 -121.9496 -280.7724 -1 0 0 0 0.901616 -0.432802 0 -0.432802 -0.901616 10197.dat
1 0 -40 -158.0142 -263.4603 -1 0 0 0 -0.432802 -0.901616 0 -0.901616 0.432802 32034.dat
1 0 -30 -158.0142 -263.4603 1 0 0 0 0.432802 -0.901616 0 0.901616 0.432802 2780.dat
1 0 -40 -207.7832 -228.476 0 -1 0 0.432802 0 -0.901616 0.901616 0 0.432802 2780.dat
1 4 -40 -185.0627 -250.4762 0 -1 0 0.901616 0 0.432802 -0.432802 0 0.901616 32062.dat
1 0 -40 -212.1112 -237.4922 0 1 0 -0.432802 0 -0.901616 -0.901616 0 0.432802 32034.dat
1 0 -20 -149.3582 -245.428 0 -1 0 -0.901616 0 -0.432802 0.432802 0 -0.901616 32523.dat
1 71 -40 -284.2405 -202.868 0 0 -1 -0.432802 -0.901616 0 -0.901616 0.432802 0 87082.dat
1 0 -40 -302.2728 -194.212 0 0 1 0.432802 -0.901616 0 0.901616 0.432802 0 15100.dat
1 14 0 -121.9496 -280.7724 1 0 0 0 -0.432802 0.901616 0 -0.901616 -0.432802 44294.dat
1 71 -60 -121.9496 -280.7724 0 0 1 -0.901616 -0.432802 0 0.432802 -0.901616 0 3713.dat
1 14 -15 -121.9496 -280.7724 0 0 -1 0.901616 -0.432802 0 -0.432802 -0.901616 0 32123.dat
1 1 0 -397.0981 -170.8805 0 1 0 0.432802 0 0.901616 0.901616 0 -0.432802 32140.dat
1 1 0 -379.0658 -179.5366 -1 0 0 0 0.901616 -0.432802 0 -0.432802 -0.901616 6558.dat
1 0 -20 -370.4097 -161.5043 0 0 -1 0.901616 -0.432802 0 -0.432802 -0.901616 0 6536.dat
1 0 20 -370.4097 -161.5043 0 0 -1 0.901616 -0.432802 0 -0.432802 -0.901616 0 6536.dat
1 72 -20 -352.3774 -170.1603 0 0 1 -0.901616 -0.432802 0 0.432802 -0.901616 0 11214.dat
1 72 20 -352.3774 -170.1603 0 0 1 -0.901616 -0.432802 0 0.432802 -0.901616 0 11214.dat
1 71 0 -352.3774 -170.1603 0 0 1 0.432802 -0.901616 0 0.901616 0.432802 0 32316.dat
1 1 -20 -343.0011 -196.8487 -1 0 0 0 0.432802 0.901616 0 0.901616 -0.432802 6536.dat
1 1 20 -343.0011 -196.8487 -1 0 0 0 0.432802 0.901616 0 0.901616 -0.432802 6536.dat
1 14 0 -343.0011 -196.8487 -1 0 0 0 0.432802 0.901616 0 0.901616 -0.432802 4519.dat
1 0 0 -361.3936 -165.8323 0 0 1 0.901616 0.432802 0 -0.432802 0.901616 0 6628.dat
1 71 -40 -302.2728 -194.212 0 0 1 0.901616 0.432802 0 -0.432802 0.901616 0 60485.dat
1 14 -40 -315.797 -187.7199 -1 0 0 0 0.432802 0.901616 0 0.901616 -0.432802 32123.dat
1 0 -40 -374.4021 -159.5878 0 0 1 0.432802 -0.901616 0 0.901616 0.432802 0 15100.dat
1 0 -40 -256.8319 -238.2124 -1 0 0 0 0.432802 0.901616 0 0.901616 -0.432802 6536.dat
1 0 -40 -266.2082 -211.5241 0 0 -1 0.901616 -0.432802 0 -0.432802 -0.901616 0 6536.dat
1 0 -30 -274.8642 -229.5564 1 0 0 0 0.432802 -0.901616 0 0.901616 0.432802 2780.dat
1 71 0 -256.8319 -238.2124 1 0 0 0 0.432802 -0.901616 0 0.901616 0.432802 32073.dat
1 71 -20 -256.8319 -238.2124 0 1 0 -0.432802 0 -0.901616 -0.901616 0 0.432802 60483.dat
1 1 0 -256.8319 -238.2124 1 0 0 0 0.432802 -0.901616 0 0.901616 0.432802 6536.dat
1 0 0 -257.192 -215.8521 0 0 1 0.901616 0.432802 0 -0.432802 0.901616 0 6628.dat
1 0 40 -266.2082 -211.5241 0 0 1 -0.901616 -0.432802 0 0.432802 -0.901616 0 6536.dat
1 71 20 -256.8319 -238.2124 0 -1 0 0.432802 0 -0.901616 0.901616 0 0.432802 60483.dat
1 0 30 -274.8642 -229.5564 1 0 0 0 0.432802 -0.901616 0 0.901616 0.432802 2780.dat
1 0 40 -256.8319 -238.2124 -1 0 0 0 0.432802 0.901616 0 0.901616 -0.432802 6536.dat
1 0 0 -121.9496 -280.7724 0 0 1 0.432802 -0.901616 0 0.901616 0.432802 0 88517.dat
1 14 15 -121.9496 -280.7724 0 0 -1 0.901616 -0.432802 0 -0.432802 -0.901616 0 32123.dat
1 256 0 -126.2776 -289.7885 0 0 1 0.432802 -0.901616 0 0.901616 0.432802 0 11957.dat
1 0 40 -239.5198 -202.1478 1 0 0 0 0.432802 -0.901616 0 0.901616 0.432802 32278.dat
1 0 40 -140.7021 -227.3957 0 -1 0 -0.432802 0 0.901616 -0.901616 0 -0.432802 15100.dat
1 0 30 -140.7021 -227.3957 1 0 0 0 0.432802 -0.901616 0 0.901616 0.432802 2780.dat
1 0 40 -121.9496 -280.7724 -1 0 0 0 0.901616 -0.432802 0 -0.432802 -0.901616 10197.dat
1 0 40 -158.0142 -263.4603 -1 0 0 0 -0.432802 -0.901616 0 -0.901616 0.432802 32034.dat
1 0 30 -158.0142 -263.4603 1 0 0 0 0.432802 -0.901616 0 0.901616 0.432802 2780.dat
1 0 40 -207.7832 -228.476 0 1 0 -0.432802 0 -0.901616 -0.901616 0 0.432802 2780.dat
1 4 40 -185.0627 -250.4762 0 1 0 -0.901616 0 0.432802 0.432802 0 0.901616 32062.dat
1 0 40 -212.1112 -237.4922 0 1 0 -0.432802 0 -0.901616 -0.901616 0 0.432802 32034.dat
1 0 20 -149.3582 -245.428 0 1 0 0.901616 0 -0.432802 -0.432802 0 -0.901616 32523.dat
1 71 40 -284.2405 -202.868 0 0 1 0.432802 -0.901616 0 0.901616 0.432802 0 87082.dat
1 0 40 -302.2728 -194.212 0 0 1 0.432802 -0.901616 0 0.901616 0.432802 0 15100.dat
1 0 40 -374.4021 -159.5878 0 0 1 0.432802 -0.901616 0 0.901616 0.432802 0 15100.dat
1 71 60 -121.9496 -280.7724 0 0 -1 -0.901616 0.432802 0 0.432802 0.901616 0 3713.dat
1 71 40 -302.2728 -194.212 0 0 -1 -0.901616 0.432802 0 0.432802 0.901616 0 60485.dat
1 71 0 -292.9081 -220.9265 0 0 1 0.901616 0.432802 0 -0.432802 0.901616 0 32316.dat
1 0 0 -288.5831 -211.9084 0 0 1 0.432802 -0.901616 0 0.901616 0.432802 0 2780.dat
1 72 0 -284.2591 -202.8903 0 0 1 -0.901616 -0.432802 0 0.432802 -0.901616 0 18654.dat
1 71 0 -397.1649 -170.927 -1 0 0 0 0.901616 -0.432802 0 -0.432802 -0.901616 41678.dat
1 4 0 -397.1649 -170.927 -1 0 0 0 0.901616 -0.432802 0 -0.432802 -0.901616 32062.dat
1 0 -10 -397.5251 -148.5666 0 0 -1 0.901616 -0.432802 0 -0.432802 -0.901616 0 2780.dat
1 0 10 -397.5251 -148.5666 0 0 -1 0.901616 -0.432802 0 -0.432802 -0.901616 0 2780.dat
1 0 0 -397.8852 -126.2063 -1 0 0 0 -0.432802 -0.901616 0 -0.901616 0.432802 32291.dat
1 4 0 -397.8852 -126.2063 -1 0 0 0 0.901616 -0.432802 0 -0.432802 -0.901616 32062.dat
1 71 -15 -415.9175 -117.5502 0 1 0 0.432802 0 0.901616 0.901616 0 -0.432802 41677.dat
1 71 15 -415.9175 -117.5502 0 1 0 0.432802 0 0.901616 0.901616 0 -0.432802 41677.dat
1 4 0 -415.9175 -117.5502 1 0 0 0 -0.432802 0.901616 0 -0.901616 -0.432802 3705.dat
1 72 0 -415.9175 -117.5502 0 -1 0 -0.432802 0 0.901616 -0.901616 0 -0.432802 18654.dat
1 71 50 -415.9175 -117.5502 0 0 1 -0.901616 -0.432802 0 0.432802 -0.901616 0 32016.dat
1 71 -50 -415.9175 -117.5502 0 0 -1 0.901616 -0.432802 0 -0.432802 -0.901616 0 32016.dat
1 4 77.716 -410.9485 -107.1988 -0.924 0 0.383 -0.165763 0.901616 -0.399909 -0.345319 -0.432802 -0.833093 32062.dat
1 4 -77.716 -410.9485 -107.1988 -0.924 0 -0.383 0.165763 0.901616 -0.399909 0.345319 -0.432802 -0.833093 32062.dat
1 0 -105.433 -405.9799 -96.8482 -0.924 0 -0.383 0.165763 0.901616 -0.399909 0.345319 -0.432802 -0.833093 32054.dat
1 0 105.433 -405.9799 -96.8482 0.924 0 0.383 0.165763 -0.901616 -0.399909 0.345319 0.432802 -0.833093 32054.dat
1 72 60 -86.02 61.02 0 -1 0 0.017 0 1 -1 0 0.017 32192.dat
1 72 95.355 -50.665 61.621 0.707 0 -0.707 0.707 0.017 0.707 0.012019 -1 0.012019 87083.dat
1 0 30 -225.34 18.64 1 0 0 0 0.017 1 0 -1 0.017 2780.dat
1 1 0 -320.1646 -308.0339 -1 0 0 0 -0.984229 -0.179779 0 -0.179779 0.984229 6558.dat
1 72 0 -320.1646 -308.0339 0 1 0 -0.984229 0 -0.179779 -0.179779 0 0.984229 18654.dat
1 0 -20 -320.1646 -308.0339 1 0 0 0 -0.984229 0.179779 0 -0.179779 -0.984229 32016.dat
1 0 20 -320.1646 -308.0339 1 0 0 0 -0.984229 0.179779 0 -0.179779 -0.984229 32016.dat
1 72 -20 -327.3557 -268.6648 0 0 -1 0.179779 -0.984229 0 -0.984229 -0.179779 0 11214.dat
1 72 20 -327.3557 -268.6648 0 0 -1 0.179779 -0.984229 0 -0.984229 -0.179779 0 11214.dat
1 1 -20 -303.8819 -333.2488 0 0 1 -0.543076 -0.840572 0 0.840572 -0.543076 0 43093.dat
1 1 20 -303.8819 -333.2488 0 0 1 -0.543076 -0.840572 0 0.840572 -0.543076 0 43093.dat
1 0 0 -298.4552 -341.6542 0 0 1 0.840572 -0.543076 0 0.543076 0.840572 0 32523.dat
1 0 0 -327.3557 -268.6648 0 0 1 0.984229 -0.179779 0 0.179779 0.984229 0 32523.dat
1 0 0 -350.6359 -252.5758 -1 0 0 0 0.984229 0.179779 0 0.179779 -0.984229 63869.dat
1 71 0 -350.6359 -252.5758 -1 0 0 0 0.984229 0.179779 0 0.179779 -0.984229 32073.dat
1 0 -20 -350.6359 -252.5758 1 0 0 0 -0.984229 0.179779 0 -0.179779 -0.984229 6536.dat
1 0 20 -350.6359 -252.5758 1 0 0 0 -0.984229 0.179779 0 -0.179779 -0.984229 32291.dat
1 71 -20 -368.5226 -266.0136 1 0 0 0 0.179779 0.984229 0 -0.984229 0.179779 4740.dat
1 47 -20 -367.0844 -273.8875 1 0 0 0 0.179779 0.984229 0 -0.984229 0.179779 4740.dat
1 71 10 -368.5226 -266.0136 0 0 1 0.179779 0.984229 0 -0.984229 0.179779 0 4274.dat
1 71 30 -368.5226 -266.0136 0 0 1 0.179779 0.984229 0 -0.984229 0.179779 0 4274.dat
1 47 10 -367.0844 -273.8875 1 0 0 0 -0.179779 -0.984229 0 0.984229 -0.179779 6141.dat
1 47 30 -367.444 -271.919 1 0 0 0 -0.179779 -0.984229 0 0.984229 -0.179779 6141.dat
1 47 20 -366.0057 -279.7928 1 0 0 0 -0.179779 -0.984229 0 0.984229 -0.179779 3069.dat
1 71 35 -357.827 -213.2066 0 -1 0 -0.984229 0 0.179779 -0.179779 0 -0.984229 32056.dat
1 71 45 -357.827 -213.2066 0 -1 0 -0.984229 0 0.179779 -0.179779 0 -0.984229 32249.dat
1 4 50 -357.827 -213.2066 1 0 0 0 -0.984229 0.179779 0 -0.179779 -0.984229 32062.dat
1 71 55 -361.4226 -193.522 0 1 0 0.984229 0 0.179779 0.179779 0 -0.984229 41677.dat
1 71 65 -361.4226 -193.522 0 1 0 0.984229 0 0.179779 0.179779 0 -0.984229 41677.dat
1 71 80 -361.4226 -193.522 -1 0 0 0 0.984229 0.179779 0 0.179779 -0.984229 22961.dat
1 0 30 -377.5116 -216.8022 -1 0 0 0 0.984229 0.179779 0 0.179779 -0.984229 2780.dat
1 72 20 -377.5116 -216.8022 0 -1 0 -0.984229 0 0.179779 -0.179779 0 -0.984229 18654.dat
1 0 80 -351.5803 -191.7242 0 0 1 -0.984229 0.179779 0 -0.179779 -0.984229 0 2780.dat
1 1 80 -341.738 -189.9265 0 1 0 0.984229 0 0.179779 0.179779 0 -0.984229 32016.dat
1 4 80 -347.1314 -160.3996 0 1 0 -0.179779 0 0.984229 0.984229 0 0.179779 32062.dat
1 4 68.519 -336.7553 -217.2053 0.383 0.924 0 -0.166116 0.068855 0.984229 0.909428 -0.37696 0.179779 32062.dat
1 1 64.693 -335.0943 -226.2986 0 -0.924 -0.383 -0.984229 -0.068855 0.166116 -0.179779 0.37696 -0.909428 11947.dat
1 71 -35 -357.827 -213.2066 0 -1 0 -0.984229 0 0.179779 -0.179779 0 -0.984229 32056.dat
1 71 -45 -357.827 -213.2066 0 -1 0 -0.984229 0 0.179779 -0.179779 0 -0.984229 32249.dat
1 4 -50 -357.827 -213.2066 1 0 0 0 -0.984229 0.179779 0 -0.179779 -0.984229 32062.dat
1 71 -55 -361.4226 -193.522 0 -1 0 -0.984229 0 0.179779 -0.179779 0 -0.984229 41677.dat
1 71 -65 -361.4226 -193.522 0 -1 0 -0.984229 0 0.179779 -0.179779 0 -0.984229 41677.dat
1 71 -80 -361.4226 -193.522 1 0 0 0 0.984229 -0.179779 0 0.179779 0.984229 22961.dat
1 1 -20 -377.5116 -216.8022 1 0 0 0 0.638322 -0.77057 0 0.77057 0.638322 6558.dat
1 72 -20 -377.5116 -216.8022 0 1 0 0.984229 0 0.179779 0.179779 0 -0.984229 18654.dat
1 71 -30 -397.1962 -220.3978 -1 0 0 0 0.984229 0.179779 0 0.179779 -0.984229 2736.dat
1 47 0 -477.4456 -211.9524 1 0 0 0 0.638322 -0.77057 0 0.77057 0.638322 24116.dat
1 4 -80 -347.1314 -160.3996 0 -1 0 0.179779 0 0.984229 -0.984229 0 0.179779 32062.dat
1 0 -80 -351.5803 -191.7242 0 0 -1 0.984229 0.179779 0 0.179779 -0.984229 0 2780.dat
1 1 -80 -341.738 -189.9265 0 -1 0 -0.984229 0 0.179779 -0.179779 0 -0.984229 32016.dat
1 4 -68.519 -336.7553 -217.2053 0.383 -0.924 0 0.166116 0.068855 0.984229 -0.909428 -0.37696 0.179779 32062.dat
1 1 -64.693 -335.0943 -226.2986 0 0.924 0.383 0.984229 -0.068855 0.166116 0.179779 0.37696 -0.909428 11946.dat
1 0 100 -304.32 -42.72 -1 0 0 0 1 0.017 0 0.017 -1 64391.dat
1 0 100 -293.64 -82.55 0 1 0 1 0 0.017 0.017 0 -1 2780.dat
1 0 100 -293.3 -102.55 0 1 0 1 0 0.017 0.017 0 -1 2780.dat
1 0 100 -292.96 -122.55 0 1 0 1 0 0.017 0.017 0 -1 2780.dat
1 0 100 -284.66 -22.38 -1 0 0 0 1 0.017 0 0.017 -1 32526.dat
1 0 100 -294.66 -22.55 0 1 0 1 0 0.017 0.017 0 -1 2780.dat
1 0 80 -282.28 -162.38 1 0 0 0 1 -0.017 0 0.017 1 60484.dat
1 0 80 -272.96 -122.21 0 1 0 1 0 0.017 0.017 0 -1 2780.dat
1 0 80 -272.62 -142.21 0 1 0 1 0 0.017 0.017 0 -1 2780.dat
