0 
0 Name: New Model.ldr
0 Author: 
1 0 -2640 -215 -960 1 0 0 0 1 0 0 0 1 2681.dat
1 7 -2000 -109.162 -1000 0.93144 0 0.363895 0.363895 0 -0.93144 0 1 0 3710.dat
1 7 -2000 -109.162 -920 0.93144 0 0.363895 0.363895 0 -0.93144 0 -1 0 3710.dat
1 0 -2000 -95 -960 -1 0 0 0 1 0 0 0 -1 2680.dat
1 7 -2640 -230 -1000 -1 0 0 0 0 1 0 1 0 3710.dat
1 7 -2640 -230 -920 -1 0 0 0 0 -1 0 -1 0 3710.dat
1 15 -2640 -230 -896 1 0 0 0 0 1 0 -1 0 3004.dat
1 15 -2640 -230 -872 1 0 0 0 0 1 0 -1 0 3660.dat
1 15 -2640 -320 -864 0 0 1 -1 0 0 0 -1 0 3832.dat
1 15 -2640 -400 -872 0 0 1 -1 0 0 0 -1 0 4285.dat
1 36 -2640 -400 -880 0 0 1 -1 0 0 0 -1 0 4589.dat
1 15 -2640 -400 -856 1 0 0 0 0 1 0 -1 0 3956.dat
1 36 -2640 -436 -836 1 0 0 0 1 0 0 0 1 3957.dat
1 15 -2689.7114 -290.9227 -960 0 -0.094108 0.995562 0 0.995562 0.094108 -1 0 0 3023.dat
1 15 -2351.2205 -258.926 -960 0 -0.094108 0.995562 0 0.995562 0.094108 -1 0 0 3710.dat
1 15 -2391.0427 -262.6903 -960 0 -0.094108 0.995562 0 0.995562 0.094108 -1 0 0 3023.dat
1 15 -2450.7766 -268.3368 -960 0 -0.094108 0.995562 0 0.995562 0.094108 -1 0 0 3023.dat
1 15 -2420.9097 -265.5135 -990 -0.995562 -0.094108 0 -0.094108 0.995562 0 0 0 -1 3710.dat
1 15 -2420.9097 -265.5135 -930 -0.995562 -0.094108 0 -0.094108 0.995562 0 0 0 -1 3710.dat
1 15 -2490.5991 -272.1011 -960 0 -0.094108 -0.995562 0 0.995562 -0.094108 1 0 0 3710.dat
1 15 -2688.9585 -298.8872 -960 0 -0.094108 -0.995562 0 0.995562 -0.094108 1 0 0 2342.dat
1 15 -2676.9922 -337.6431 -960 0 -0.458262 -0.888817 0 0.888817 -0.458262 1 0 0 3070.dat
1 15 -2509.0046 -289.9123 -930 -0.995562 -0.094108 0 -0.094108 0.995562 0 0 0 -1 3665.dat
1 15 -2509.0046 -289.9123 -990 0.995562 -0.094108 0 0.094108 0.995562 0 0 0 1 3665.dat
1 15 -2509.0046 -289.9123 -960 0 -0.094108 0.995562 0 0.995562 0.094108 -1 0 0 3004.dat
1 15 -2489.8462 -280.0656 -960 0 -0.094108 0.995562 0 0.995562 0.094108 -1 0 0 3069.dat
1 15 -2350.4675 -266.8905 -960 0 -0.094108 0.995562 0 0.995562 0.094108 -1 0 0 3069.dat
1 15 -2350.4675 -266.8905 -930 -0.995562 -0.094108 0 -0.094108 0.995562 0 0 0 -1 4081.dat
1 15 -2350.4675 -266.8905 -990 0.995562 -0.094108 0 0.094108 0.995562 0 0 0 1 4081.dat
1 15 -2489.8462 -280.0656 -990 0.995562 -0.094108 0 0.094108 0.995562 0 0 0 1 4081.dat
1 15 -2489.8462 -280.0656 -930 -0.995562 -0.094108 0 -0.094108 0.995562 0 0 0 -1 4081.dat
1 15 -2450.0237 -276.3013 -960 0 -0.094108 -0.995562 0 0.995562 -0.094108 1 0 0 3710.dat
1 15 -2390.29 -270.6548 -960 0 -0.094108 -0.995562 0 0.995562 -0.094108 1 0 0 3710.dat
1 15 -2420.1567 -273.478 -930 0.995562 -0.094108 0 0.094108 0.995562 0 0 0 1 3023.dat
1 15 -2420.1567 -273.478 -990 0.995562 -0.094108 0 0.094108 0.995562 0 0 0 1 3023.dat
1 15 -2419.4041 -281.4425 -990 -0.995562 -0.094108 0 -0.094108 0.995562 0 0 0 -1 4162.dat
1 15 -2419.4041 -281.4425 -930 -0.995562 -0.094108 0 -0.094108 0.995562 0 0 0 -1 4162.dat
1 0 -2449.2708 -284.2658 -960 0 -0.094108 -0.995562 0 0.995562 -0.094108 1 0 0 3069.dat
1 0 -2389.5371 -278.6193 -960 0 -0.094108 -0.995562 0 0.995562 -0.094108 1 0 0 3069.dat
1 33 -2462.1587 -275.4395 -1010 0 -0.995562 0.094108 0 -0.094108 -0.995562 1 0 0 4589.dat
1 33 -2462.1587 -275.4395 -910 0 -0.995562 0.094108 0 -0.094108 -0.995562 1 0 0 4589.dat
1 33 -2378.5315 -267.5344 -1010 0 0.995562 -0.094108 0 0.094108 0.995562 1 0 0 4589.dat
1 33 -2378.5315 -267.5344 -910 0 0.995562 -0.094108 0 0.094108 0.995562 1 0 0 4589.dat
1 15 -2728.0281 -310.616 -960 0 -0.094108 0.995562 0 0.995562 0.094108 -1 0 0 3010.dat
1 15 -2658.3389 -304.0284 -990 -0.995562 -0.094108 0 -0.094108 0.995562 0 0 0 -1 3009.dat
1 15 -2658.3389 -304.0284 -930 -0.995562 -0.094108 0 -0.094108 0.995562 0 0 0 -1 3009.dat
1 15 -2727.2754 -318.5805 -960 0 -0.094108 0.995562 0 0.995562 0.094108 -1 0 0 2436.dat
1 0 -2657.5859 -311.993 -930 -0.995562 -0.094108 0 -0.094108 0.995562 0 0 0 -1 2436.dat
1 0 -2657.5859 -311.993 -990 0.995562 -0.094108 0 0.094108 0.995562 0 0 0 1 2436.dat
1 0 -2508.2517 -297.8767 -960 0 -0.094108 0.995562 0 0.995562 0.094108 -1 0 0 3023.dat
1 36 -2750.1187 -310.6953 -930 0 0.995562 0.094108 0 0.094108 -0.995562 -1 0 0 3024.dat
1 36 -2750.1187 -310.6953 -990 0 0.995562 0.094108 0 0.094108 -0.995562 -1 0 0 3024.dat
1 15 -2750.1187 -310.6953 -960 0 0.995562 0.094108 0 0.094108 -0.995562 -1 0 0 3794.dat
1 15 -2758.0833 -311.4481 -960 0 0.995562 0.094108 0 0.094108 -0.995562 -1 0 0 4740.dat
1 33 -2766.0479 -312.201 -960 0 0.995562 0.094108 0 0.094108 -0.995562 -1 0 0 6141.dat
1 15 -2774.0122 -312.9539 -960 0 0.995562 0.094108 0 0.094108 -0.995562 -1 0 0 4740.dat
1 33 -2781.9768 -313.7067 -960 0 0.995562 0.094108 0 0.094108 -0.995562 -1 0 0 6141.dat
1 15 -2789.9412 -314.4596 -960 0 0.995562 0.094108 0 0.094108 -0.995562 -1 0 0 4740.dat
1 15 -2768.0388 -312.3892 -990 0 0.995562 0.094108 0 0.094108 -0.995562 -1 0 0 752.dat
1 15 -2768.0388 -312.3892 -930 0 0.995562 0.094108 0 0.094108 -0.995562 -1 0 0 752.dat
1 511 -2768.0388 -312.3892 -990 0 -0.995562 -0.094108 0 -0.094108 0.995562 -1 0 0 755.dat
1 511 -2768.0388 -312.3892 -930 0 -0.995562 -0.094108 0 -0.094108 0.995562 -1 0 0 755.dat
1 511 -2774.9651 -313.0439 -930.032 0.050973 -0.994268 0.094108 0.004818 -0.093986 -0.995562 -0.9987 -0.0512 0 756.dat
1 511 -2777.2129 -313.2564 -930.148 0.088406 -0.991679 0.094108 0.008357 -0.093741 -0.995562 -0.9961 -0.0888 0 756.dat
1 511 -2779.4819 -313.4709 -930.351 0.125939 -0.987598 0.094108 0.011905 -0.093355 -0.995562 -0.992 -0.1265 0 756.dat
1 511 -2781.7158 -313.6821 -930.637 0.16377 -0.982022 0.094108 0.015481 -0.092828 -0.995562 -0.9864 -0.1645 0 756.dat
1 511 -2783.938 -313.8921 -931.009 0.202298 -0.974755 0.094108 0.019123 -0.092141 -0.995562 -0.9791 -0.2032 0 756.dat
1 511 -2786.1462 -314.1008 -931.47 0.241722 -0.965795 0.094108 0.022849 -0.091294 -0.995562 -0.9701 -0.2428 0 756.dat
1 511 -2788.3354 -314.3078 -932.02 0.282441 -0.954644 0.094108 0.026698 -0.09024 -0.995562 -0.9589 -0.2837 0 756.dat
1 511 -2790.5017 -314.5126 -932.664 0.324454 -0.941204 0.094108 0.03067 -0.08897 -0.995562 -0.9454 -0.3259 0 756.dat
1 511 -2792.6392 -314.7146 -933.404 0.368159 -0.924977 0.094108 0.034801 -0.087436 -0.995562 -0.9291 -0.3698 0 756.dat
1 511 -2794.7419 -314.9134 -934.244 0.413357 -0.905663 0.094108 0.039074 -0.08561 -0.995562 -0.9097 -0.4152 0 756.dat
1 511 -2796.7759 -315.1056 -935.177 0.460547 -0.882665 0.094108 0.043534 -0.083436 -0.995562 -0.8866 -0.4626 0 756.dat
1 511 -2798.7839 -315.2954 -936.229 0.510026 -0.854989 0.094108 0.048212 -0.08082 -0.995562 -0.8588 -0.5123 0 756.dat
1 511 -2800.7292 -315.4793 -937.395 0.561397 -0.822235 0.094108 0.053068 -0.077724 -0.995562 -0.8259 -0.5639 0 756.dat
1 511 -2802.5979 -315.656 -938.677 0.614063 -0.783607 0.094108 0.058046 -0.074072 -0.995562 -0.7871 -0.6168 0 756.dat
1 511 -2804.3569 -315.8223 -940.061 0.667823 -0.738309 0.094108 0.063128 -0.06979 -0.995562 -0.7416 -0.6708 0 756.dat
1 511 -2806.0315 -315.9806 -941.583 0.722181 -0.685245 0.094108 0.068266 -0.064775 -0.995562 -0.6883 -0.7254 0 756.dat
1 511 -2807.5847 -316.1273 -943.226 0.775941 -0.62372 0.094108 0.073348 -0.058959 -0.995562 -0.6265 -0.7794 0 756.dat
1 511 -2809.0122 -316.2623 -945.011 0.827013 -0.554229 0.094108 0.078176 -0.05239 -0.995562 -0.5567 -0.8307 0 756.dat
1 511 -2810.2656 -316.3808 -946.889 0.873506 -0.477571 0.094108 0.08257 -0.045144 -0.995562 -0.4797 -0.8774 0 756.dat
1 511 -2811.3438 -316.4827 -948.871 0.913926 -0.39484 0.094108 0.086391 -0.037323 -0.995562 -0.3966 -0.918 0 756.dat
1 511 -2812.2358 -316.567 -950.945 0.946879 -0.30743 0.094108 0.089506 -0.029061 -0.995562 -0.3088 -0.9511 0 756.dat
1 511 -2812.9397 -316.6336 -953.121 0.97137 -0.218327 0.094108 0.091821 -0.020638 -0.995562 -0.2192 -0.9757 0 756.dat
1 511 -2813.4336 -316.6802 -955.329 0.986901 -0.130717 0.094108 0.093289 -0.012356 -0.995562 -0.1313 -0.9913 0 756.dat
1 511 -2813.7292 -316.7082 -957.574 0.994467 -0.046393 0.094108 0.094004 -0.004385 -0.995562 -0.0466 -0.9989 0 756.dat
1 511 -2813.8347 -316.7182 -959.835 0.994965 0.034446 0.094108 0.094052 0.003256 -0.995562 0.0346 -0.9994 0 756.dat
1 511 -2813.7561 -316.7107 -962.095 0.988494 0.117974 0.094108 0.09344 0.011152 -0.995562 0.1185 -0.9929 0 756.dat
1 511 -2813.4893 -316.6855 -964.343 0.974157 0.205285 0.094108 0.092085 0.019405 -0.995562 0.2062 -0.9785 0 756.dat
1 511 -2813.0254 -316.6417 -966.557 0.95116 0.29389 0.094108 0.089911 0.027781 -0.995562 0.2952 -0.9554 0 756.dat
1 511 -2812.3604 -316.5788 -968.717 0.919501 0.381698 0.094108 0.086918 0.036081 -0.995562 0.3834 -0.9236 0 756.dat
1 511 -2811.4883 -316.4964 -970.828 0.879878 0.465724 0.094108 0.083173 0.044024 -0.995562 0.4678 -0.8838 0 756.dat
1 511 -2810.4358 -316.3969 -972.825 0.834181 0.543278 0.094108 0.078853 0.051355 -0.995562 0.5457 -0.8379 0 756.dat
1 511 -2809.2083 -316.2809 -974.718 0.783906 0.613664 0.094108 0.074101 0.058008 -0.995562 0.6164 -0.7874 0 756.dat
1 511 -2807.8196 -316.1496 -976.5 0.730842 0.675987 0.094108 0.069085 0.063899 -0.995562 0.679 -0.7341 0 756.dat
1 511 -2806.2883 -316.0048 -978.163 0.676584 0.730344 0.094108 0.063956 0.069038 -0.995562 0.7336 -0.6796 0 756.dat
1 511 -2804.6318 -315.8482 -979.704 0.622326 0.777036 0.094108 0.058827 0.073451 -0.995562 0.7805 -0.6251 0 756.dat
1 511 -2802.8667 -315.6814 -981.124 0.569063 0.816859 0.094108 0.053792 0.077216 -0.995562 0.8205 -0.5716 0 756.dat
1 511 -2801.0088 -315.5058 -982.424 0.517493 0.850509 0.094108 0.048917 0.080396 -0.995562 0.8543 -0.5198 0 756.dat
1 511 -2799.0745 -315.3229 -983.606 0.468014 0.878683 0.094108 0.04424 0.08306 -0.995562 0.8826 -0.4701 0 756.dat
1 511 -2797.0994 -315.1362 -984.663 0.420525 0.902377 0.094108 0.039751 0.085299 -0.995562 0.9064 -0.4224 0 756.dat
1 511 -2795.0464 -314.9422 -985.624 0.37473 0.922388 0.094108 0.035422 0.087191 -0.995562 0.9265 -0.3764 0 756.dat
1 511 -2792.95 -314.744 -986.479 0.330726 0.939014 0.094108 0.031263 0.088763 -0.995562 0.9432 -0.3322 0 756.dat
1 511 -2790.8164 -314.5423 -987.234 0.288414 0.952852 0.094108 0.027263 0.090071 -0.995562 0.9571 -0.2897 0 756.dat
1 511 -2788.6541 -314.3379 -987.892 0.247596 0.964301 0.094108 0.023405 0.091153 -0.995562 0.9686 -0.2487 0 756.dat
1 511 -2786.4678 -314.1312 -988.456 0.207973 0.97356 0.094108 0.019659 0.092028 -0.995562 0.9779 -0.2089 0 756.dat
1 511 -2784.2625 -313.9228 -988.929 0.169345 0.981027 0.094108 0.016008 0.092734 -0.995562 0.9854 -0.1701 0 756.dat
1 511 -2782.0415 -313.7128 -989.314 0.131514 0.986801 0.094108 0.012432 0.09328 -0.995562 0.9912 -0.1321 0 756.dat
1 511 -2779.8093 -313.5018 -989.613 0.094081 0.991082 0.094108 0.008893 0.093685 -0.995562 0.9955 -0.0945 0 756.dat
1 511 -2777.5684 -313.29 -989.826 0.056847 0.993969 0.094108 0.005374 0.093957 -0.995562 0.9984 -0.0571 0 756.dat
1 511 -2775.3215 -313.0776 -989.956 0.019413 0.995363 0.094108 0.001835 0.094089 -0.995562 0.9998 -0.0195 0 756.dat
1 511 -2773.0447 -312.8624 -990 0 0.995562 0.094108 0 0.094108 -0.995562 1 0 0 756.dat
1 511 -2770.8076 -312.6509 -990 0 0.995562 0.094108 0 0.094108 -0.995562 1 0 0 756.dat
1 511 -2678.4382 -303.9195 -1012 0.995562 0 0.094108 0.094108 0 -0.995562 0 1 0 3023.dat
1 0 -2678.4382 -303.9195 -1028 0.094108 0 -0.995562 -0.995562 0 -0.094108 0 1 0 4595.dat
1 36 -2722.2429 -308.0602 -1018 0.094108 0.995562 0 -0.995562 0.094108 0 0 0 1 4589.dat
1 36 -2642.5981 -300.5316 -1018 0.094108 0.995562 0 -0.995562 0.094108 0 0 0 1 6141.dat
1 511 -2678.4382 -303.9195 -908 0.995562 0 -0.094108 0.094108 0 0.995562 0 -1 0 3023.dat
1 0 -2678.4382 -303.9195 -892 -0.094108 0 -0.995562 0.995562 0 -0.094108 0 -1 0 4595.dat
1 36 -2722.2429 -308.0602 -902 -0.094108 0.995562 0 0.995562 0.094108 0 0 0 -1 4589.dat
1 36 -2642.5981 -300.5316 -902 -0.094108 0.995562 0 0.995562 0.094108 0 0 0 -1 6141.dat
1 0 -2707.364 -316.6983 -990 0.995562 -0.094108 0 0.094108 0.995562 0 0 0 1 3623.dat
1 0 -2707.364 -316.6983 -930 0.995562 -0.094108 0 0.094108 0.995562 0 0 0 1 3623.dat
1 15 -2705.1055 -340.5918 -960 0 -0.094108 0.995562 0 0.995562 0.094108 -1 0 0 3037.dat
1 15 -2675.2385 -337.7686 -990 -0.995562 -0.094108 0 -0.094108 0.995562 0 0 0 -1 4865.dat
1 15 -2635.4163 -334.0043 -990 -0.995562 -0.094108 0 -0.094108 0.995562 0 0 0 -1 4865.dat
1 15 -2675.2385 -337.7686 -930 0.995562 -0.094108 0 0.094108 0.995562 0 0 0 1 4865.dat
1 15 -2635.4163 -334.0043 -930 0.995562 -0.094108 0 0.094108 0.995562 0 0 0 1 4865.dat
1 15 -2595.5938 -330.24 -990 -0.995562 -0.094108 0 -0.094108 0.995562 0 0 0 -1 4865.dat
1 15 -2595.5938 -330.24 -930 0.995562 -0.094108 0 0.094108 0.995562 0 0 0 1 4865.dat
1 15 -2555.7712 -326.4756 -990 -0.995562 -0.094108 0 -0.094108 0.995562 0 0 0 -1 4865.dat
1 15 -2555.7712 -326.4756 -930 0.995562 -0.094108 0 0.094108 0.995562 0 0 0 1 4865.dat
1 15 -2558.7827 -294.6176 -930 -0.995562 -0.094108 0 -0.094108 0.995562 0 0 0 -1 3010.dat
1 15 -2558.7827 -294.6176 -990 -0.995562 -0.094108 0 -0.094108 0.995562 0 0 0 -1 3010.dat
1 0 -2577.9409 -304.4643 -930 -0.995562 -0.094108 0 -0.094108 0.995562 0 0 0 -1 3666.dat
1 0 -2577.9409 -304.4643 -990 -0.995562 -0.094108 0 -0.094108 0.995562 0 0 0 -1 3666.dat
1 15 -2525.9043 -323.6524 -970 0 -0.094108 0.995562 0 0.995562 0.094108 -1 0 0 2357.dat
1 15 -2525.9043 -323.6524 -950 0.995562 -0.094108 0 0.094108 0.995562 0 0 0 1 2357.dat
1 15 -2503.7346 -345.6637 -960 0 -0.094108 0.995562 0 0.995562 0.094108 -1 0 0 3004.dat
1 15 -2502.9817 -353.6282 -960 0 -0.094108 0.995562 0 0.995562 0.094108 -1 0 0 3023.dat
1 15 -2502.2288 -361.5927 -960 0 -0.094108 0.995562 0 0.995562 0.094108 -1 0 0 3023.dat
1 15 -2502.2288 -361.5927 -990 0.995562 -0.094108 0 0.094108 0.995562 0 0 0 1 4460.dat
1 15 -2502.2288 -361.5927 -930 -0.995562 -0.094108 0 -0.094108 0.995562 0 0 0 -1 4460.dat
1 15 -2501.4758 -369.5572 -960 0 -0.094108 0.995562 0 0.995562 0.094108 -1 0 0 4315.dat
1 33 -2515.7903 -366.8925 -960 0 -0.094108 0.995562 0 0.995562 0.094108 -1 0 0 2337.dat
1 33 -2595.4351 -374.4211 -960 0 -0.094108 0.995562 0 0.995562 0.094108 -1 0 0 4474.dat
1 0 -2418.6511 -289.407 -960 0.995562 -0.094108 0 0.094108 0.995562 0 0 0 1 3035.dat
1 15 -2417.8982 -297.3715 -930 0.995562 -0.094108 0 0.094108 0.995562 0 0 0 1 3460.dat
1 15 -2417.1453 -305.336 -930 0.995562 -0.094108 0 0.094108 0.995562 0 0 0 1 3460.dat
1 15 -2417.8982 -297.3715 -990 0.995562 -0.094108 0 0.094108 0.995562 0 0 0 1 3460.dat
1 15 -2417.1453 -305.336 -990 0.995562 -0.094108 0 0.094108 0.995562 0 0 0 1 3460.dat
1 15 -2411.8752 -361.0875 -960 0 -0.094108 -0.995562 0 0.995562 -0.094108 1 0 0 4760.dat
1 0 -2359.6702 -275.7961 -960 0 -0.094108 -0.995562 0 0.995562 -0.094108 1 0 0 3022.dat
1 0 -2419.4041 -281.4425 -960 0 -0.094108 -0.995562 0 0.995562 -0.094108 1 0 0 3022.dat
1 0 -2479.1377 -287.089 -960 0 -0.094108 -0.995562 0 0.995562 -0.094108 1 0 0 3022.dat
1 15 -2411.1226 -369.052 -930 -0.995562 -0.094108 0 -0.094108 0.995562 0 0 0 -1 3069.dat
1 15 -2411.1226 -369.052 -990 -0.995562 -0.094108 0 -0.094108 0.995562 0 0 0 -1 3069.dat
1 15 -2440.2366 -379.8397 -960 0 -0.094108 -0.995562 0 0.995562 -0.094108 1 0 0 73666.dat
1 36 -2440.2366 -379.8397 -960 0 -0.094108 -0.995562 0 0.995562 -0.094108 1 0 0 4770.dat
1 0 -2410.3696 -377.0165 -960 0.995562 -0.094108 0 0.094108 0.995562 0 0 0 1 2726.dat
1 0 -2663.5413 -264.2726 -960 -0.999998 0.001746 0 0.001746 0.999998 0 0 0 -1 2686.dat
1 0 -2638.5193 -252.3168 -960 -0.999998 0.001746 0 0.001746 0.999998 0 0 0 -1 2688.dat
1 0 -2688.5208 -252.2279 -960 -0.999998 0.001746 0 0.001746 0.999998 0 0 0 -1 2688.dat
1 0 -2663.5149 -249.2725 -960 -0.995562 -0.094108 0 -0.094108 0.995562 0 0 0 -1 2697.dat
1 0 -2292.3601 -212.179 -960 -0.995562 -0.094108 0 -0.094108 0.995562 0 0 0 -1 2685.dat
1 0 -2249 -335 -960 0.979925 -0.199368 0 0.199368 0.979925 0 0 0 1 2684.dat
1 0 -2271.2295 -225.7384 -960 0.979925 -0.199368 0 0.199368 0.979925 0 0 0 1 2682.dat
1 0 -2235.5046 -205.7139 -960 0.979925 -0.199368 0 0.199368 0.979925 0 0 0 1 2688.dat
1 0 -2311.9387 -221.2646 -960 0.979925 -0.199368 0 0.199368 0.979925 0 0 0 1 2688.dat
1 15 -2249 -335 -960 0.979925 -0.199368 0 0.199368 0.979925 0 0 0 1 2683.dat
1 33 -2247.0063 -344.7993 -960 0.979925 -0.199368 0 0.199368 0.979925 0 0 0 1 6141.dat
1 33 -2245.4114 -352.6386 -960 0.979925 -0.199368 0 0.199368 0.979925 0 0 0 1 4740.dat
1 33 -2243.8164 -360.4781 -960 0.979925 -0.199368 0 0.199368 0.979925 0 0 0 1 6141.dat
1 0 -2315.6892 -273.0521 -960 0.199368 0.979925 0 -0.979925 0.199368 0 0 0 1 2726.dat
1 0 -2257.0801 -205.002 -960 0.953191 -0.30237 0 0.30237 0.953191 0 0 0 1 2685.dat
1 15 -1860.5424 -122.228 -960 0 -0.30237 -0.953191 0 0.953191 -0.30237 1 0 0 3023.dat
1 15 -2184.6274 -225.0338 -960 0 -0.30237 -0.953191 0 0.953191 -0.30237 1 0 0 3710.dat
1 15 -2146.4998 -212.939 -960 0 -0.30237 -0.953191 0 0.953191 -0.30237 1 0 0 3023.dat
1 15 -2089.3083 -194.7968 -960 0 -0.30237 -0.953191 0 0.953191 -0.30237 1 0 0 3023.dat
1 15 -2117.9041 -203.8679 -930 0.953191 -0.30237 0 0.30237 0.953191 0 0 0 1 3710.dat
1 15 -2117.9041 -203.8679 -990 0.953191 -0.30237 0 0.30237 0.953191 0 0 0 1 3710.dat
1 15 -2051.1807 -182.702 -960 0 -0.30237 0.953191 0 0.953191 0.30237 -1 0 0 3710.dat
1 15 -2022.5848 -173.6309 -960 0 -0.30237 0.953191 0 0.953191 0.30237 -1 0 0 3068.dat
1 15 -1984.4573 -161.5361 -960 0 -0.30237 0.953191 0 0.953191 0.30237 -1 0 0 3068.dat
1 15 -1858.1234 -129.8536 -960 0 -0.30237 0.953191 0 0.953191 0.30237 -1 0 0 2342.dat
1 15 -1853.9954 -170.2042 -960 0 0.074544 0.997218 0 0.997218 -0.074544 -1 0 0 3070.dat
1 15 -1951.0236 -167.7161 -990 0.953191 -0.30237 0 0.30237 0.953191 0 0 0 1 3665.dat
1 15 -1951.0236 -167.7161 -930 -0.953191 -0.30237 0 -0.30237 0.953191 0 0 0 -1 3665.dat
1 15 -1951.0236 -167.7161 -960 0 -0.30237 -0.953191 0 0.953191 -0.30237 1 0 0 3004.dat
1 15 -2048.7617 -190.3276 -960 0 -0.30237 -0.953191 0 0.953191 -0.30237 1 0 0 3069.dat
1 15 -2182.2083 -232.6594 -960 0 -0.30237 -0.953191 0 0.953191 -0.30237 1 0 0 3069.dat
1 15 -2182.2083 -232.6594 -990 0.953191 -0.30237 0 0.30237 0.953191 0 0 0 1 4081.dat
1 15 -2182.2083 -232.6594 -930 -0.953191 -0.30237 0 -0.30237 0.953191 0 0 0 -1 4081.dat
1 15 -2048.7617 -190.3276 -930 -0.953191 -0.30237 0 -0.30237 0.953191 0 0 0 -1 4081.dat
1 15 -2048.7617 -190.3276 -990 0.953191 -0.30237 0 0.30237 0.953191 0 0 0 1 4081.dat
1 15 -2086.8892 -202.4224 -960 0 -0.30237 0.953191 0 0.953191 0.30237 -1 0 0 3710.dat
1 15 -2144.0808 -220.5646 -960 0 -0.30237 0.953191 0 0.953191 0.30237 -1 0 0 3710.dat
1 15 -2115.4851 -211.4935 -990 -0.953191 -0.30237 0 -0.30237 0.953191 0 0 0 -1 3023.dat
1 15 -2115.4851 -211.4935 -930 -0.953191 -0.30237 0 -0.30237 0.953191 0 0 0 -1 3023.dat
1 15 -1979.6193 -176.7872 -930 -0.953191 -0.30237 0 -0.30237 0.953191 0 0 0 -1 3937.dat
1 15 -2017.7469 -188.882 -930 -0.953191 -0.30237 0 -0.30237 0.953191 0 0 0 -1 3937.dat
1 15 -2017.7469 -188.882 -990 0.953191 -0.30237 0 0.30237 0.953191 0 0 0 1 3937.dat
1 15 -1979.6193 -176.7872 -990 0.953191 -0.30237 0 0.30237 0.953191 0 0 0 1 3937.dat
1 15 -2113.0659 -219.119 -930 0.953191 -0.30237 0 0.30237 0.953191 0 0 0 1 4162.dat
1 15 -2113.0659 -219.119 -990 0.953191 -0.30237 0 0.30237 0.953191 0 0 0 1 4162.dat
1 0 -2084.4702 -210.0479 -960 0 -0.30237 0.953191 0 0.953191 0.30237 -1 0 0 3069.dat
1 0 -2141.6619 -228.1901 -960 0 -0.30237 0.953191 0 0.953191 0.30237 -1 0 0 3069.dat
1 33 -2076.0557 -196.8875 -910 0 0.953191 0.30237 0 0.30237 -0.953191 -1 0 0 4589.dat
1 33 -2076.0557 -196.8875 -1010 0 0.953191 0.30237 0 0.30237 -0.953191 -1 0 0 4589.dat
1 33 -2156.1238 -222.2866 -910 0 -0.953191 -0.30237 0 -0.30237 0.953191 -1 0 0 4589.dat
1 33 -2156.1238 -222.2866 -1010 0 -0.953191 -0.30237 0 -0.30237 0.953191 -1 0 0 4589.dat
1 15 -1817.5768 -125.3843 -960 0 -0.30237 -0.953191 0 0.953191 -0.30237 1 0 0 3010.dat
1 15 -1884.3002 -146.5502 -930 0.953191 -0.30237 0 0.30237 0.953191 0 0 0 1 3009.dat
1 15 -1884.3002 -146.5502 -990 0.953191 -0.30237 0 0.30237 0.953191 0 0 0 1 3009.dat
1 15 -1815.1578 -133.0098 -960 0 -0.30237 -0.953191 0 0.953191 -0.30237 1 0 0 2436.dat
1 0 -1881.8812 -154.1757 -990 0.953191 -0.30237 0 0.30237 0.953191 0 0 0 1 2436.dat
1 0 -1881.8812 -154.1757 -930 -0.953191 -0.30237 0 -0.30237 0.953191 0 0 0 -1 2436.dat
1 0 -1948.6046 -175.3416 -960 0 -0.30237 -0.953191 0 0.953191 -0.30237 1 0 0 3023.dat
1 36 -1797.2114 -116.8258 -990 0 -0.953191 0.30237 0 -0.30237 -0.953191 1 0 0 3024.dat
1 36 -1797.2114 -116.8258 -930 0 -0.953191 0.30237 0 -0.30237 -0.953191 1 0 0 3024.dat
1 15 -1797.2114 -116.8258 -960 0 -0.953191 0.30237 0 -0.30237 -0.953191 1 0 0 3794.dat
1 15 -1789.5858 -114.4068 -960 0 -0.953191 0.30237 0 -0.30237 -0.953191 1 0 0 4740.dat
1 33 -1781.9603 -111.9878 -960 0 -0.953191 0.30237 0 -0.30237 -0.953191 1 0 0 6141.dat
1 15 -1774.3348 -109.5689 -960 0 -0.953191 0.30237 0 -0.30237 -0.953191 1 0 0 4740.dat
1 33 -1766.7092 -107.1499 -960 0 -0.953191 0.30237 0 -0.30237 -0.953191 1 0 0 6141.dat
1 15 -1759.0837 -104.731 -960 0 -0.953191 0.30237 0 -0.30237 -0.953191 1 0 0 4740.dat
1 15 -1780.054 -111.3831 -930 0 -0.953191 0.30237 0 -0.30237 -0.953191 1 0 0 752.dat
1 15 -1780.054 -111.3831 -990 0 -0.953191 0.30237 0 -0.30237 -0.953191 1 0 0 752.dat
1 511 -1780.054 -111.3831 -930 0 0.953191 -0.30237 0 0.30237 0.953191 1 0 0 755.dat
1 511 -1780.054 -111.3831 -990 0 0.953191 -0.30237 0 0.30237 0.953191 1 0 0 755.dat
1 511 -1773.4226 -109.2795 -989.9682 -0.048803 0.951952 0.30237 -0.015481 0.301977 -0.953191 0.9987 0.0512 0 756.dat
1 511 -1771.2703 -108.5968 -989.8525 -0.084643 0.949474 0.30237 -0.02685 0.301191 -0.953191 0.9961 0.0888 0 756.dat
1 511 -1769.0979 -107.9077 -989.6494 -0.120579 0.945565 0.30237 -0.03825 0.299951 -0.953191 0.992 0.1265 0 756.dat
1 511 -1766.959 -107.2291 -989.3632 -0.1568 0.940228 0.30237 -0.04974 0.298258 -0.953191 0.9864 0.1645 0 756.dat
1 511 -1764.8314 -106.5543 -988.9908 -0.193688 0.933269 0.30237 -0.061442 0.29605 -0.953191 0.9791 0.2032 0 756.dat
1 511 -1762.7173 -105.8836 -988.5305 -0.231435 0.924691 0.30237 -0.073415 0.293329 -0.953191 0.9701 0.2428 0 756.dat
1 511 -1760.6212 -105.2187 -987.98 -0.27042 0.914015 0.30237 -0.085782 0.289943 -0.953191 0.9589 0.2837 0 756.dat
1 511 -1758.5471 -104.5607 -987.3364 -0.310645 0.901147 0.30237 -0.098542 0.285861 -0.953191 0.9454 0.3259 0 756.dat
1 511 -1756.5006 -103.9115 -986.5963 -0.35249 0.88561 0.30237 -0.111816 0.280932 -0.953191 0.9291 0.3698 0 756.dat
1 511 -1754.4874 -103.2729 -985.7558 -0.395765 0.867118 0.30237 -0.125544 0.275066 -0.953191 0.9097 0.4152 0 756.dat
1 511 -1752.54 -102.6552 -984.823 -0.440946 0.845099 0.30237 -0.139876 0.268081 -0.953191 0.8866 0.4626 0 756.dat
1 511 -1750.6174 -102.0453 -983.7707 -0.48832 0.8186 0.30237 -0.154904 0.259675 -0.953191 0.8588 0.5123 0 756.dat
1 511 -1748.755 -101.4545 -982.6054 -0.537504 0.78724 0.30237 -0.170506 0.249727 -0.953191 0.8259 0.5639 0 756.dat
1 511 -1746.9658 -100.8869 -981.3234 -0.587928 0.750257 0.30237 -0.186502 0.237995 -0.953191 0.7871 0.6168 0 756.dat
1 511 -1745.2825 -100.3529 -979.9393 -0.639401 0.706886 0.30237 -0.20283 0.224238 -0.953191 0.7416 0.6708 0 756.dat
1 511 -1743.6782 -99.8441 -978.4174 -0.691445 0.656081 0.30237 -0.219339 0.208121 -0.953191 0.6883 0.7254 0 756.dat
1 511 -1742.1923 -99.3727 -976.7738 -0.742917 0.597174 0.30237 -0.235667 0.189435 -0.953191 0.6265 0.7794 0 756.dat
1 511 -1740.8243 -98.9388 -974.9889 -0.791816 0.530641 0.30237 -0.251179 0.168329 -0.953191 0.5567 0.8307 0 756.dat
1 511 -1739.6244 -98.5581 -973.1113 -0.83633 0.457246 0.30237 -0.265299 0.145047 -0.953191 0.4797 0.8774 0 756.dat
1 511 -1738.592 -98.2306 -971.1293 -0.875029 0.378036 0.30237 -0.277576 0.11992 -0.953191 0.3966 0.918 0 756.dat
1 511 -1737.7379 -97.9597 -969.0554 -0.90658 0.294345 0.30237 -0.287584 0.093372 -0.953191 0.3088 0.9511 0 756.dat
1 511 -1737.0641 -97.7459 -966.8789 -0.930028 0.209035 0.30237 -0.295022 0.06631 -0.953191 0.2192 0.9757 0 756.dat
1 511 -1736.5913 -97.5959 -964.6711 -0.944898 0.125154 0.30237 -0.299739 0.039701 -0.953191 0.1313 0.9913 0 756.dat
1 511 -1736.3082 -97.5061 -962.4265 -0.952142 0.044419 0.30237 -0.302037 0.01409 -0.953191 0.0466 0.9989 0 756.dat
1 511 -1736.2072 -97.4741 -960.1655 -0.952619 -0.03298 0.30237 -0.302189 -0.010462 -0.953191 -0.0346 0.9994 0 756.dat
1 511 -1736.2825 -97.498 -957.9049 -0.946423 -0.112953 0.30237 -0.300223 -0.035831 -0.953191 -0.1185 0.9929 0 756.dat
1 511 -1736.5378 -97.579 -955.6573 -0.932697 -0.196548 0.30237 -0.295869 -0.062349 -0.953191 -0.2062 0.9785 0 756.dat
1 511 -1736.9821 -97.7199 -953.4434 -0.910679 -0.281382 0.30237 -0.288884 -0.08926 -0.953191 -0.2952 0.9554 0 756.dat
1 511 -1737.6188 -97.9219 -951.2835 -0.880367 -0.365453 0.30237 -0.279269 -0.115929 -0.953191 -0.3834 0.9236 0 756.dat
1 511 -1738.4539 -98.1868 -949.1717 -0.84243 -0.445903 0.30237 -0.267235 -0.141449 -0.953191 -0.4678 0.8838 0 756.dat
1 511 -1739.4613 -98.5064 -947.1754 -0.798679 -0.520156 0.30237 -0.253356 -0.165003 -0.953191 -0.5457 0.8379 0 756.dat
1 511 -1740.6366 -98.8792 -945.2817 -0.750543 -0.587547 0.30237 -0.238086 -0.186381 -0.953191 -0.6164 0.7874 0 756.dat
1 511 -1741.9663 -99.301 -943.5004 -0.699738 -0.647217 0.30237 -0.22197 -0.205309 -0.953191 -0.679 0.7341 0 756.dat
1 511 -1743.4324 -99.766 -941.8374 -0.647789 -0.699261 0.30237 -0.205491 -0.221819 -0.953191 -0.7336 0.6796 0 756.dat
1 511 -1745.0184 -100.2692 -940.2957 -0.59584 -0.743966 0.30237 -0.189011 -0.236 -0.953191 -0.7805 0.6251 0 756.dat
1 511 -1746.7085 -100.8053 -938.8758 -0.544844 -0.782093 0.30237 -0.172835 -0.248095 -0.953191 -0.8205 0.5716 0 756.dat
1 511 -1748.4871 -101.3695 -937.5761 -0.495469 -0.814311 0.30237 -0.157172 -0.258315 -0.953191 -0.8543 0.5198 0 756.dat
1 511 -1750.3391 -101.957 -936.3937 -0.448095 -0.841286 0.30237 -0.142144 -0.266872 -0.953191 -0.8826 0.4701 0 756.dat
1 511 -1752.2302 -102.5569 -935.3372 -0.402628 -0.863972 0.30237 -0.127721 -0.274068 -0.953191 -0.9064 0.4224 0 756.dat
1 511 -1754.1958 -103.1804 -934.3764 -0.358781 -0.883131 0.30237 -0.113812 -0.280146 -0.953191 -0.9265 0.3764 0 756.dat
1 511 -1756.2031 -103.8172 -933.5207 -0.31665 -0.89905 0.30237 -0.100447 -0.285195 -0.953191 -0.9432 0.3322 0 756.dat
1 511 -1758.2458 -104.4652 -932.766 -0.276139 -0.912299 0.30237 -0.087597 -0.289398 -0.953191 -0.9571 0.2897 0 756.dat
1 511 -1760.3162 -105.1219 -932.1084 -0.237059 -0.923261 0.30237 -0.075199 -0.292876 -0.953191 -0.9686 0.2487 0 756.dat
1 511 -1762.4094 -105.7859 -931.5444 -0.199122 -0.932125 0.30237 -0.063165 -0.295688 -0.953191 -0.9779 0.2089 0 756.dat
1 511 -1764.5208 -106.4557 -931.071 -0.162138 -0.939274 0.30237 -0.051433 -0.297955 -0.953191 -0.9854 0.1701 0 756.dat
1 511 -1766.6473 -107.1303 -930.6859 -0.125917 -0.944803 0.30237 -0.039943 -0.299709 -0.953191 -0.9912 0.1321 0 756.dat
1 511 -1768.7843 -107.8082 -930.3872 -0.090077 -0.948902 0.30237 -0.028574 -0.301009 -0.953191 -0.9955 0.0945 0 756.dat
1 511 -1770.9299 -108.4888 -930.1736 -0.054427 -0.951666 0.30237 -0.017265 -0.301886 -0.953191 -0.9984 0.0571 0 756.dat
1 511 -1773.0813 -109.1713 -930.0445 -0.018587 -0.953 0.30237 -0.005896 -0.30231 -0.953191 -0.9998 0.0195 0 756.dat
1 511 -1775.2612 -109.8628 -930 0 -0.953191 0.30237 0 -0.30237 -0.953191 -1 0 0 756.dat
1 511 -1777.4031 -110.5422 -930 0 -0.953191 0.30237 0 -0.30237 -0.953191 -1 0 0 756.dat
1 15 -1979.6193 -176.7872 -930 0.953191 -0.30237 0 0.30237 0.953191 0 0 0 1 3938.dat
1 15 -2017.7469 -188.882 -930 0.953191 -0.30237 0 0.30237 0.953191 0 0 0 1 3938.dat
1 0 -1996.2642 -190.4601 -930 0.953191 -0.30237 0 0.30237 0.953191 0 0 0 1 3710.dat
1 15 -1993.8452 -198.0856 -930 0.953191 -0.30237 0 0.30237 0.953191 0 0 0 1 3710.dat
1 15 -1991.4263 -205.7112 -930 0.953191 -0.30237 0 0.30237 0.953191 0 0 0 1 3710.dat
1 33 -1995.9763 -257.5117 -930 0.953191 -0.30237 0 0.30237 0.953191 0 0 0 1 4864.dat
1 33 -1957.8486 -245.4169 -930 0.953191 -0.30237 0 0.30237 0.953191 0 0 0 1 4864.dat
1 15 -2003.0892 -268.1609 -930 0 -0.30237 0.953191 0 0.953191 0.30237 -1 0 0 2420.dat
1 15 -1945.8978 -250.0188 -930 -0.953191 -0.30237 0 -0.30237 0.953191 0 0 0 -1 2420.dat
1 15 -2017.7469 -188.882 -990 -0.953191 -0.30237 0 -0.30237 0.953191 0 0 0 -1 3938.dat
1 15 -1979.6193 -176.7872 -990 -0.953191 -0.30237 0 -0.30237 0.953191 0 0 0 -1 3938.dat
1 0 -1996.2642 -190.4601 -990 -0.953191 -0.30237 0 -0.30237 0.953191 0 0 0 -1 3710.dat
1 15 -1993.8452 -198.0856 -990 -0.953191 -0.30237 0 -0.30237 0.953191 0 0 0 -1 3710.dat
1 15 -1991.4263 -205.7112 -990 -0.953191 -0.30237 0 -0.30237 0.953191 0 0 0 -1 3710.dat
1 33 -1957.8486 -245.4169 -990 -0.953191 -0.30237 0 -0.30237 0.953191 0 0 0 -1 4864.dat
1 33 -1995.9763 -257.5117 -990 -0.953191 -0.30237 0 -0.30237 0.953191 0 0 0 -1 4864.dat
1 15 -1945.8978 -250.0188 -990 0 -0.30237 -0.953191 0 0.953191 -0.30237 1 0 0 2420.dat
1 15 -2003.0892 -268.1609 -990 0.953191 -0.30237 0 0.30237 0.953191 0 0 0 1 2420.dat
1 511 -1865.8411 -138.5964 -908 -0.953191 0 0.30237 -0.30237 0 -0.953191 0 -1 0 3023.dat
1 0 -1865.8411 -138.5964 -892 0.30237 0 0.953191 -0.953191 0 0.30237 0 -1 0 4595.dat
1 36 -1823.9008 -125.2921 -902 0.30237 -0.953191 0 -0.953191 -0.30237 0 0 0 -1 4589.dat
1 36 -1900.156 -149.4817 -902 0.30237 -0.953191 0 -0.953191 -0.30237 0 0 0 -1 6141.dat
1 511 -1865.8411 -138.5964 -1012 -0.953191 0 -0.30237 -0.30237 0 0.953191 0 1 0 3023.dat
1 0 -1865.8411 -138.5964 -1028 -0.30237 0 0.953191 0.953191 0 0.30237 0 1 0 4595.dat
1 36 -1823.9008 -125.2921 -1018 -0.30237 -0.953191 0 0.953191 -0.30237 0 0 0 1 4589.dat
1 36 -1900.156 -149.4817 -1018 -0.30237 -0.953191 0 0.953191 -0.30237 0 0 0 1 6141.dat
1 0 -1834.2217 -139.0572 -930 -0.953191 -0.30237 0 -0.30237 0.953191 0 0 0 -1 3623.dat
1 0 -1834.2217 -139.0572 -990 -0.953191 -0.30237 0 -0.30237 0.953191 0 0 0 -1 3623.dat
1 0 -1920.0089 -166.2705 -930 -0.953191 -0.30237 0 -0.30237 0.953191 0 0 0 -1 3023.dat
1 0 -1920.0089 -166.2705 -990 -0.953191 -0.30237 0 -0.30237 0.953191 0 0 0 -1 3023.dat
1 15 -1826.9648 -161.9338 -960 0 -0.30237 -0.953191 0 0.953191 -0.30237 1 0 0 3037.dat
1 15 -1855.5605 -171.0049 -930 0.953191 -0.30237 0 0.30237 0.953191 0 0 0 1 4865.dat
1 15 -1893.6882 -183.0997 -930 0.953191 -0.30237 0 0.30237 0.953191 0 0 0 1 4865.dat
1 15 -1855.5605 -171.0049 -990 -0.953191 -0.30237 0 -0.30237 0.953191 0 0 0 -1 4865.dat
1 15 -1893.6882 -183.0997 -990 -0.953191 -0.30237 0 -0.30237 0.953191 0 0 0 -1 4865.dat
1 15 -1922.2839 -192.1708 -970 -0.953191 -0.30237 0 -0.30237 0.953191 0 0 0 -1 2357.dat
1 15 -1922.2839 -192.1708 -950 0 -0.30237 -0.953191 0 0.953191 -0.30237 1 0 0 2357.dat
1 15 -1929.2529 -236.3458 -930 -0.953191 -0.30237 0 -0.30237 0.953191 0 0 0 -1 4460.dat
1 15 -1929.2529 -236.3458 -990 0.953191 -0.30237 0 0.30237 0.953191 0 0 0 1 4460.dat
1 15 -1934.0908 -221.0948 -960 0 -0.30237 0.953191 0 0.953191 0.30237 -1 0 0 3004.dat
1 15 -1941.2039 -231.744 -960 0 -0.30237 0.953191 0 0.953191 0.30237 -1 0 0 3022.dat
1 15 -1948.3168 -242.3932 -960 0 -0.30237 0.953191 0 0.953191 0.30237 -1 0 0 3069.dat
1 15 -1929.2529 -236.3458 -960 0 -0.30237 0.953191 0 0.953191 0.30237 -1 0 0 3023.dat
1 15 -1926.834 -243.9714 -960 0 -0.30237 -0.953191 0 0.953191 -0.30237 1 0 0 4315.dat
1 33 -1914.6987 -235.9254 -960 0 -0.30237 -0.953191 0 0.953191 -0.30237 1 0 0 4474.dat
1 0 -2110.647 -226.7445 -960 0.953191 -0.30237 0 0.30237 0.953191 0 0 0 1 3035.dat
1 15 -2108.228 -234.37 -930 0.953191 -0.30237 0 0.30237 0.953191 0 0 0 1 3710.dat
1 15 -2108.228 -234.37 -990 0.953191 -0.30237 0 0.30237 0.953191 0 0 0 1 3710.dat
1 15 -2170.1135 -270.787 -960 0 -0.30237 0.953191 0 0.953191 0.30237 -1 0 0 3004.dat
1 15 -2036.6669 -228.4552 -960 0 -0.30237 0.953191 0 0.953191 0.30237 -1 0 0 3004.dat
1 15 -2160.5815 -267.7633 -990 0.953191 -0.30237 0 0.30237 0.953191 0 0 0 1 3937.dat
1 15 -2160.5815 -267.7633 -930 -0.953191 -0.30237 0 -0.30237 0.953191 0 0 0 -1 3937.dat
1 15 -2046.1987 -231.4789 -930 -0.953191 -0.30237 0 -0.30237 0.953191 0 0 0 -1 3937.dat
1 15 -2046.1987 -231.4789 -990 0.953191 -0.30237 0 0.30237 0.953191 0 0 0 1 3937.dat
1 15 -2081.9075 -251.1992 -930 0.953191 -0.30237 0 0.30237 0.953191 0 0 0 1 4865.dat
1 15 -2120.0352 -263.294 -930 0.953191 -0.30237 0 0.30237 0.953191 0 0 0 1 4865.dat
1 15 -2120.0352 -263.294 -990 -0.953191 -0.30237 0 -0.30237 0.953191 0 0 0 -1 4865.dat
1 15 -2081.9075 -251.1992 -990 -0.953191 -0.30237 0 -0.30237 0.953191 0 0 0 -1 4865.dat
1 15 -2162.8567 -293.6636 -960 0 -0.30237 -0.953191 0 0.953191 -0.30237 1 0 0 3004.dat
1 15 -2029.4099 -251.3318 -960 0 -0.30237 -0.953191 0 0.953191 -0.30237 1 0 0 3004.dat
1 15 -2160.4377 -301.2891 -960 0 -0.30237 -0.953191 0 0.953191 -0.30237 1 0 0 3023.dat
1 15 -2026.991 -258.9573 -960 0 -0.30237 -0.953191 0 0.953191 -0.30237 1 0 0 3023.dat
1 15 -2158.0188 -308.9146 -960 0 -0.30237 -0.953191 0 0.953191 -0.30237 1 0 0 3069.dat
1 15 -2024.572 -266.5828 -960 0 -0.30237 -0.953191 0 0.953191 -0.30237 1 0 0 3069.dat
1 0 -2055.8745 -200.9768 -960 0 -0.30237 -0.953191 0 0.953191 -0.30237 1 0 0 3022.dat
1 0 -2113.0659 -219.119 -960 0 -0.30237 -0.953191 0 0.953191 -0.30237 1 0 0 3022.dat
1 0 -2170.2576 -237.2612 -960 0 -0.30237 -0.953191 0 0.953191 -0.30237 1 0 0 3022.dat
1 15 -2046.1987 -231.4789 -930 0.953191 -0.30237 0 0.30237 0.953191 0 0 0 1 3938.dat
1 15 -2160.5815 -267.7633 -930 0.953191 -0.30237 0 0.30237 0.953191 0 0 0 1 3938.dat
1 15 -2158.1626 -275.3888 -930 0.953191 -0.30237 0 0.30237 0.953191 0 0 0 1 3023.dat
1 15 -2155.7437 -283.0143 -930 0.953191 -0.30237 0 0.30237 0.953191 0 0 0 1 3023.dat
1 15 -2043.7798 -239.1044 -930 0.953191 -0.30237 0 0.30237 0.953191 0 0 0 1 3023.dat
1 15 -2041.3608 -246.7299 -930 0.953191 -0.30237 0 0.30237 0.953191 0 0 0 1 3023.dat
1 15 -2091.2954 -287.7487 -930 0.953191 -0.30237 0 0.30237 0.953191 0 0 0 1 3008.dat
1 15 -2088.8765 -295.3743 -940 0.953191 -0.30237 0 0.30237 0.953191 0 0 0 1 3034.dat
1 15 -2086.4575 -302.9998 -930 0.953191 -0.30237 0 0.30237 0.953191 0 0 0 1 3069.dat
1 0 -2086.4575 -302.9998 -950 0.953191 -0.30237 0 0.30237 0.953191 0 0 0 1 3069.dat
1 15 -2160.5815 -267.7633 -990 -0.953191 -0.30237 0 -0.30237 0.953191 0 0 0 -1 3938.dat
1 15 -2046.1987 -231.4789 -990 -0.953191 -0.30237 0 -0.30237 0.953191 0 0 0 -1 3938.dat
1 15 -2043.7798 -239.1044 -990 -0.953191 -0.30237 0 -0.30237 0.953191 0 0 0 -1 3023.dat
1 15 -2041.3608 -246.7299 -990 -0.953191 -0.30237 0 -0.30237 0.953191 0 0 0 -1 3023.dat
1 15 -2158.1626 -275.3888 -990 -0.953191 -0.30237 0 -0.30237 0.953191 0 0 0 -1 3023.dat
1 15 -2155.7437 -283.0143 -990 -0.953191 -0.30237 0 -0.30237 0.953191 0 0 0 -1 3023.dat
1 15 -2091.2954 -287.7487 -990 -0.953191 -0.30237 0 -0.30237 0.953191 0 0 0 -1 3008.dat
1 15 -2088.8765 -295.3743 -980 -0.953191 -0.30237 0 -0.30237 0.953191 0 0 0 -1 3034.dat
1 15 -2086.4575 -302.9998 -990 0.953191 -0.30237 0 0.30237 0.953191 0 0 0 1 3069.dat
1 0 -2086.4585 -303.0001 -970 -0.953191 -0.30237 0 -0.30237 0.953191 0 0 0 -1 3069.dat
1 0 -1896.2704 -108.382 -960 0.950516 -0.310677 0 0.310677 0.950516 0 0 0 1 2686.dat
1 0 -1923.7616 -104.7431 -960 0.950516 -0.310677 0 0.310677 0.950516 0 0 0 1 2688.dat
1 0 -1876.2357 -89.2096 -960 0.950516 -0.310677 0 0.310677 0.950516 0 0 0 1 2688.dat
1 0 -1900.9305 -94.1247 -960 0.953191 -0.30237 0 0.30237 0.953191 0 0 0 1 2697.dat
1 14 -1893.2983 -213.2932 -960 -0.51501 -0.010472 -0.85712 -0.005393 0.999946 -0.008976 0.857167 0 -0.515038 2446.dat
1 33 -1897.2576 -211.4305 -962.3671 -0.51501 0.598671 -0.61348 -0.005393 0.713416 0.700721 0.857167 0.364187 -0.364187 2447.dat
1 14 -1893.2983 -213.2932 -960 -0.51501 -0.010472 -0.85712 -0.005393 0.999946 -0.008976 0.857167 0 -0.515038 3626.dat
1 14 -1893.5801 -186.2946 -960 0 -0.010472 -0.999946 0 0.999946 -0.010472 1 0 0 3838.dat
1 15 -1893.5801 -186.2946 -960 0 -0.010472 -0.999946 0 0.999946 -0.010472 1 0 0 973.dat
1 15 -2027.9757 -196.3232 -960 0 -0.953191 0.30237 0 -0.30237 -0.953191 1 0 0 4032.dat
1 15 -2015.881 -234.4508 -960 0 -0.953191 0.30237 0 -0.30237 -0.953191 1 0 0 4032.dat
1 0 -2014.3029 -212.968 -960 -0.30237 -0.953191 0 0.953191 -0.30237 0 0 0 1 3020.dat
1 15 -1982.3551 -234.3069 -950 0 -0.953191 -0.30237 0 -0.30237 0.953191 -1 0 0 4070.dat
1 15 -1982.3551 -234.3069 -970 0 -0.953191 -0.30237 0 -0.30237 0.953191 -1 0 0 4070.dat
1 15 -2015.7484 -181.9534 -960 0 -0.953191 -0.30237 0 -0.30237 0.953191 -1 0 0 2342.dat
1 36 -1982.8159 -265.9263 -950 0.953191 -0.30237 0 0.30237 0.953191 0 0 0 1 3062.dat
1 36 -1982.8159 -265.9263 -970 0.953191 -0.30237 0 0.30237 0.953191 0 0 0 1 3062.dat
1 0 -2307.03 -297.697 -960 0.9885 -1.894 0 0.1515 12.3589 0 0 0 -1 993.dat
