0 Main
0 Name: 7685 - Dozer .mpd
0 Author: LTRON
1 72 -50 0 0 0 0 -1 0 1 0 1 0 0 32018.dat
1 1 -30 0 -120 0 0 1 0 1 0 -1 0 0 2458.dat
1 0 0 24 120 -1 0 0 0 1 0 0 0 -1 3795.dat
1 72 50 0 0 0 0 -1 0 1 0 1 0 0 32018.dat
1 1 30 0 -120 0 0 -1 0 1 0 1 0 0 2458.dat
1 72 0 24 -160 0 0 -1 0 1 0 1 0 0 3958.dat
1 71 50 0 -160 0 0 -1 0 1 0 1 0 0 32000.dat
1 71 -50 0 -160 0 0 -1 0 1 0 1 0 0 32000.dat
1 71 -50 0 -200 0 0 -1 0 1 0 1 0 0 32000.dat
1 71 50 0 -200 0 0 -1 0 1 0 1 0 0 32000.dat
1 72 0 -8 -160 0 0 -1 0 1 0 1 0 0 3958.dat
1 1 -50 -8 -60 0 0 -1 0 1 0 1 0 0 3710.dat
1 1 50 -8 -60 0 0 -1 0 1 0 1 0 0 3710.dat
1 0 0 -8 0 -1 0 0 0 1 0 0 0 -1 3795.dat
1 0 0 -8 120 -1 0 0 0 1 0 0 0 -1 3795.dat
1 1 -50 -8 60 0 0 -1 0 1 0 1 0 0 3710.dat
1 1 50 -8 60 0 0 -1 0 1 0 1 0 0 3710.dat
1 1 0 -16 -170 -1 0 0 0 1 0 0 0 -1 3710.dat
1 14 0 -32 -200 -1 0 0 0 1 0 0 0 -1 2456.dat
1 1 0 -32 -80 0 0 1 0 1 0 -1 0 0 3007.dat
1 72 0 -40 -190 1 0 0 0 1 0 0 0 1 2431.dat
1 72 0 -40 -210 1 0 0 0 1 0 0 0 1 2431.dat
1 14 0 -56 -150 1 0 0 0 1 0 0 0 1 2877.dat
1 71 10 -56 -100 0 0 -1 0 1 0 1 0 0 30414.dat
1 71 -10 -56 -100 0 0 1 0 1 0 -1 0 0 30414.dat
1 72 0 -56 -40 0 0 1 0 1 0 -1 0 0 6143.dat
1 0 28 -36 -80 0 -1 0 0 0 1 -1 0 0 3795.dat
1 71 52 -36 -120 0 -1 0 0 0 -1 1 0 0 44675.dat
1 71 52 -36 -80 0 -1 0 0 0 -1 1 0 0 44675.dat
1 71 52 -36 -40 0 -1 0 0 0 -1 1 0 0 44675.dat
1 0 -28 -36 -80 0 1 0 0 0 1 1 0 0 3795.dat
1 71 -52 -36 -40 0 1 0 0 0 -1 -1 0 0 44675.dat
1 71 -52 -36 -80 0 1 0 0 0 -1 -1 0 0 44675.dat
1 71 -52 -36 -120 0 1 0 0 0 -1 -1 0 0 44675.dat
1 14 50 -32 60 0 0 -1 0 1 0 1 0 0 3008.dat
1 14 -50 -32 60 0 0 -1 0 1 0 1 0 0 3008.dat
1 14 -50 -56 130 -1 0 0 0 1 0 0 0 -1 3665.dat
1 14 50 -56 130 -1 0 0 0 1 0 0 0 -1 3665.dat
1 14 0 -56 0 -1 0 0 0 1 0 0 0 -1 2456.dat
1 71 0 -64 -80 0 0 1 0 1 0 -1 0 0 3035.dat
1 72 0 -64 80 0 0 1 0 1 0 -1 0 0 3036.dat
1 57 -50 -64 -10 0 0 1 0 1 0 -1 0 0 3024.dat
1 57 50 -64 -10 0 0 1 0 1 0 -1 0 0 3024.dat
1 0 0 -88 -150 1 0 0 0 1 0 0 0 1 3700.dat
1 19 0 -78 -160 0 0 1 0 1 0 -1 0 0 3749.dat
1 71 0 -78 -170 1 0 0 0 1 0 0 0 1 41530.dat
1 72 30 -88 -140 0 0 -1 0 1 0 1 0 0 30236.dat
1 72 -30 -88 -140 0 0 1 0 1 0 -1 0 0 30236.dat
1 72 30 -88 -100 0 0 -1 0 1 0 1 0 0 30236.dat
1 72 -30 -88 -100 0 0 1 0 1 0 -1 0 0 30236.dat
1 72 30 -88 -60 0 0 -1 0 1 0 1 0 0 30236.dat
1 72 -30 -88 -60 0 0 1 0 1 0 -1 0 0 30236.dat
1 14 40 -88 0 1 0 0 0 1 0 0 0 1 41768.dat
1 14 -40 -88 0 1 0 0 0 1 0 0 0 1 41767.dat
1 1 -50 -88 60 0 0 1 0 1 0 -1 0 0 2458.dat
1 1 -50 -88 100 0 0 1 0 1 0 -1 0 0 2458.dat
1 1 50 -88 100 0 0 -1 0 1 0 1 0 0 2458.dat
1 1 50 -88 60 0 0 -1 0 1 0 1 0 0 2458.dat
1 0 0 -96 60 -1 0 0 0 1 0 0 0 -1 3032.dat
1 72 0 -96 110 -1 0 0 0 1 0 0 0 -1 3666.dat
1 0 0 -96 -150 -1 0 0 0 1 0 0 0 -1 3710.dat
1 0 30 -96 -100 0 0 1 0 1 0 -1 0 0 3710.dat
1 0 -30 -96 -100 0 0 1 0 1 0 -1 0 0 3710.dat
1 14 60 -96 -20 0 0 -1 0 1 0 1 0 0 6179.dat
1 14 -60 -96 -20 0 0 1 0 1 0 -1 0 0 6179.dat
1 14 -30 -120 -150 0 0 1 0 1 0 -1 0 0 3665.dat
1 14 30 -120 -150 0 0 -1 0 1 0 1 0 0 3665.dat
1 14 -30 -120 -100 0 0 -1 0 1 0 1 0 0 3010.dat
1 14 30 -120 -100 0 0 -1 0 1 0 1 0 0 3010.dat
1 14 -30 -120 -40 0 0 -1 0 1 0 1 0 0 32064.dat
1 14 30 -120 -40 0 0 -1 0 1 0 1 0 0 32064.dat
1 72 0 -128 -150 -1 0 0 0 1 0 0 0 -1 3666.dat
1 72 -30 -128 -80 0 0 -1 0 1 0 1 0 0 3666.dat
1 72 30 -128 -80 0 0 -1 0 1 0 1 0 0 3666.dat
1 72 60 -110 -40 0 -1 0 0 0 1 -1 0 0 6553.dat
1 72 -60 -110 -40 0 1 0 0 0 1 1 0 0 6553.dat
1 71 60 -110 -46 0 1 0 -1 0 0 0 0 1 4869.dat
1 71 -60 -110 -46 0 1 0 -1 0 0 0 0 1 4869.dat
1 14 0 -136 -60 1 0 0 0 1 0 0 0 1 6179.dat
1 14 0 -136 -140 -1 0 0 0 1 0 0 0 -1 32059.dat
1 72 0 -88 0 -1 0 0 0 1 0 0 0 -1 6143.dat
1 72 0 -112 0 -1 0 0 0 1 0 0 0 -1 6143.dat
1 57 10 -120 -10 -1 0 0 0 1 0 0 0 -1 3024.dat
1 57 -10 -120 -10 -1 0 0 0 1 0 0 0 -1 3024.dat
1 0 0 -120 10 -1 0 0 0 1 0 0 0 -1 48336.dat
1 0 0 -144 -10 -1 0 0 0 1 0 0 0 -1 3039.dat
1 14 -50 -120 100 0 0 1 0 1 0 -1 0 0 2877.dat
1 14 50 -120 100 0 0 -1 0 1 0 1 0 0 2877.dat
1 14 0 -120 60 1 0 0 0 1 0 0 0 1 2456.dat
1 1 0 -128 60 1 0 0 0 1 0 0 0 1 4079.dat
1 1 -30 -128 50 1 0 0 0 1 0 0 0 1 4592.dat
1 1 30 -128 50 1 0 0 0 1 0 0 0 1 4592.dat
1 0 -30 -128 50 1 0 0 0 1 0 0 0 1 4593.dat
1 0 30 -128 50 1 0 0 0 1 0 0 0 1 4593.dat
1 14 -50 -136 130 -1 0 0 0 1 0 0 0 -1 4460.dat
1 14 50 -136 130 -1 0 0 0 1 0 0 0 -1 4460.dat
1 0 0 -136 130 -1 0 0 0 1 0 0 0 -1 4215.dat
1 72 0 -144 130 -1 0 0 0 1 0 0 0 -1 3666.dat
1 14 -50 -144 80 0 0 1 0 1 0 -1 0 0 3010.dat
1 14 50 -144 80 0 0 1 0 1 0 -1 0 0 3010.dat
1 14 -50 -216 110 -1 0 0 0 1 0 0 0 -1 4460.dat
1 14 50 -216 110 -1 0 0 0 1 0 0 0 -1 4460.dat
1 40 -50 -216 80 0 0 -1 0 1 0 1 0 0 2362.dat
1 40 50 -216 80 0 0 1 0 1 0 -1 0 0 2362.dat
1 0 -50 -224 70 1 0 0 0 1 0 0 0 1 4085.dat
1 0 50 -224 70 1 0 0 0 1 0 0 0 1 4085.dat
1 0 0 -224 100 1 0 0 0 1 0 0 0 1 3795.dat
1 14 30 -144 -10 0.891007 0 0.45399 0 1 0 -0.45399 0 0.891007 3189.dat
1 14 -30 -144 -10 0.891007 0 -0.45399 0 1 0 0.45399 0 0.891007 3188.dat
1 40 0 -216 -10 -1 0 0 0 1 0 0 0 -1 4215.dat
1 0 -20 -224 -10 1 0 0 0 1 0 0 0 1 48336.dat
1 0 20 -224 -10 1 0 0 0 1 0 0 0 1 48336.dat
1 14 40 -232 90 0 0 1 0 1 0 -1 0 0 3021.dat
1 14 -40 -232 90 0 0 1 0 1 0 -1 0 0 3021.dat
1 14 0 -240 50 1 0 0 0 1 0 0 0 1 52031.dat
1 0 -50 -240 70 0 0 1 0 1 0 -1 0 0 4085.dat
1 57 70 -231 70 0 0 1 0 1 0 -1 0 0 58176.dat
1 0 50 -240 70 0 0 -1 0 1 0 1 0 0 4085.dat
1 57 -70 -231 70 0 0 1 0 1 0 -1 0 0 58176.dat
1 1 -30 -240 90 1 0 0 0 1 0 0 0 1 4592.dat
1 0 -30 -240 90 1 0 0 0 1 0 0 0 1 4593.dat
1 14 -10 -248 90 -1 0 0 0 1 0 0 0 -1 50950.dat
1 14 10 -248 90 -1 0 0 0 1 0 0 0 -1 50950.dat
1 72 0 -248 50 -1 0 0 0 1 0 0 0 -1 2412.dat
1 71 -20 -240.973 -36.642 -1 0 0 0 0.422618 -0.906308 0 -0.906308 -0.422618 60470.dat
1 46 -20 -237.59 -43.891 -1 0 0 0 0.422618 -0.906308 0 -0.906308 -0.422618 3023.dat
1 71 20 -240.973 -36.642 -1 0 0 0 0.422618 -0.906308 0 -0.906308 -0.422618 60470.dat
1 46 20 -237.59 -43.891 -1 0 0 0 0.422618 -0.906308 0 -0.906308 -0.422618 3023.dat
1 14 -50 -56 -200 0 0 1 0 1 0 -1 0 0 2877.dat
1 14 50 -56 -200 0 0 -1 0 1 0 1 0 0 2877.dat
1 14 -50 -128 -190 1 0 0 0 1 0 0 0 1 4460.dat
1 14 50 -128 -190 1 0 0 0 1 0 0 0 1 4460.dat
1 57 -50 -136 -190 1 0 0 0 1 0 0 0 1 3024.dat
1 57 50 -136 -190 1 0 0 0 1 0 0 0 1 3024.dat
1 72 -50 -144 -180 0 0 -1 0 1 0 1 0 0 3023.dat
1 72 50 -144 -180 0 0 -1 0 1 0 1 0 0 3023.dat
1 71 0 -144 -170 1 0 0 0 1 0 0 0 1 44568.dat
1 71 0 -112 -192 1 0 0 0 0 -1 0 1 0 44570.dat
1 72 0 -72 -200 1 0 0 0 0 -1 0 1 0 3020.dat
1 72 0 -122 -200 1 0 0 0 0 -1 0 1 0 2412.dat
1 0 0 -102 -224 1 0 0 0 0 -1 0 1 0 2432.dat
1 72 -30 -112 -192 -1 0 0 0 0 1 0 1 0 61409.dat
1 72 30 -112 -192 -1 0 0 0 0 1 0 1 0 61409.dat
1 72 -30 -72 -200 -1 0 0 0 0 1 0 1 0 61409.dat
1 72 -10 -72 -200 -1 0 0 0 0 1 0 1 0 61409.dat
1 72 10 -72 -200 -1 0 0 0 0 1 0 1 0 61409.dat
1 72 30 -72 -200 -1 0 0 0 0 1 0 1 0 61409.dat
1 72 -20 -144 -30 -1 0 0 0 1 0 0 0 -1 2412.dat
1 72 20 -144 -30 -1 0 0 0 1 0 0 0 -1 2412.dat
1 0 20 -160 -120 0 0 -1 0 1 0 1 0 0 30165.dat
1 72 20 -168 -120 0 0 -1 0 1 0 1 0 0 2412.dat
1 14 0 -168 -170 1 0 0 0 1 0 0 0 1 3010.dat
1 71 70 10 -190 0 0 1 -1 0 0 0 -1 0 48989.dat
1 72 95 10 -190 1 0 0 0 -0.913545 -0.406737 0 0.406737 -0.913545 32209.dat
1 4 90 10 -190 0 1 0 1 0 0 0 0 -1 32523.dat
1 71 70 10 100 0 0 1 -1 0 0 0 -1 0 48989.dat
1 72 95 10 100 1 0 0 0 -1 0 0 0 -1 32209.dat
1 4 90 10 100 0 1 0 1 0 0 0 0 -1 32523.dat
1 14 110 10 100 0 0 -1 1 0 0 0 -1 0 57519.dat
1 14 110 10 -190 0 0 -1 0.913545 -0.406737 0 -0.406737 -0.913545 0 57519.dat
1 72 144 10 100 0 -1 0 1 0 0 0 0 1 6143.dat
1 72 144 10 -190 0 -1 0 0.913545 0 0.406737 -0.406737 0 0.913545 6143.dat
1 71 -70 10 100 0 0 -1 -1 0 0 0 1 0 48989.dat
1 72 -95 10 100 -1 0 0 0 -1 0 0 0 1 32209.dat
1 4 -90 10 100 0 -1 0 1 0 0 0 0 1 32523.dat
1 71 -70 10 -190 0 0 -1 -1 0 0 0 1 0 48989.dat
1 72 -95 10 -190 -1 0 0 0 -0.913545 0.406737 0 0.406737 0.913545 32209.dat
1 4 -90 10 -190 0 -1 0 1 0 0 0 0 1 32523.dat
1 14 -110 10 -190 0 0 1 0.913545 0.406737 0 -0.406737 0.913545 0 57519.dat
1 14 -110 10 100 0 0 1 1 0 0 0 1 0 57519.dat
1 72 -144 10 -190 0 1 0 0.913545 0 -0.406737 -0.406737 0 -0.913545 6143.dat
1 72 -144 10 100 0 1 0 1 0 0 0 0 -1 6143.dat
1 71 120 24 -40 0 0 1 0 1 0 -1 0 0 3035.dat
1 72 130 0 30 -1 0 0 0 1 0 0 0 -1 3622.dat
1 72 130 0 -110 -1 0 0 0 1 0 0 0 -1 3622.dat
1 14 150 0 -40 0 0 -1 0 1 0 1 0 0 2877.dat
1 0 150 0 -80 0 0 -1 0 1 0 1 0 0 3700.dat
1 0 150 0 0 0 0 -1 0 1 0 1 0 0 3700.dat
1 4 80 0 20 -1 0 0 0 1 0 0 0 -1 6232.dat
1 4 80 0 -100 -1 0 0 0 1 0 0 0 -1 6232.dat
1 14 90 0 -40 0 0 1 0 1 0 -1 0 0 3010.dat
1 14 120 -8 0 0 0 -1 0 1 0 1 0 0 6179.dat
1 14 120 -8 -80 0 0 -1 0 1 0 1 0 0 6179.dat
1 72 90 -16 20 0 0 -1 0 1 0 1 0 0 32530.dat
1 71 100 -38 20 -1 0 0 0 1 0 0 0 -1 3673.dat
1 71 110 -38 20 0 0 -1 0 1 0 1 0 0 42610.dat
1 72 90 -16 -100 0 0 -1 0 1 0 1 0 0 32530.dat
1 71 100 -38 -100 -1 0 0 0 1 0 0 0 -1 3673.dat
1 71 110 -38 -100 0 0 -1 0 1 0 1 0 0 42610.dat
1 71 -120 24 -40 0 0 -1 0 1 0 1 0 0 3035.dat
1 72 -130 0 -110 1 0 0 0 1 0 0 0 1 3622.dat
1 72 -130 0 30 1 0 0 0 1 0 0 0 1 3622.dat
1 14 -150 0 -40 0 0 1 0 1 0 -1 0 0 2877.dat
1 0 -150 0 0 0 0 1 0 1 0 -1 0 0 3700.dat
1 0 -150 0 -80 0 0 1 0 1 0 -1 0 0 3700.dat
1 4 -80 0 -100 1 0 0 0 1 0 0 0 1 6232.dat
1 4 -80 0 20 1 0 0 0 1 0 0 0 1 6232.dat
1 14 -90 0 -40 0 0 -1 0 1 0 1 0 0 3010.dat
1 14 -120 -8 -80 0 0 1 0 1 0 -1 0 0 6179.dat
1 14 -120 -8 0 0 0 1 0 1 0 -1 0 0 6179.dat
1 72 -90 -16 -100 0 0 1 0 1 0 -1 0 0 32530.dat
1 71 -100 -38 -100 1 0 0 0 1 0 0 0 1 3673.dat
1 71 -110 -38 -100 0 0 1 0 1 0 -1 0 0 42610.dat
1 72 -90 -16 20 0 0 1 0 1 0 -1 0 0 32530.dat
1 71 -100 -38 20 1 0 0 0 1 0 0 0 1 3673.dat
1 71 -110 -38 20 0 0 1 0 1 0 -1 0 0 42610.dat
1 72 110 -18.396 139.176 1 0 0 0 0.809017 0.587785 0 -0.587785 0.809017 57518.dat
1 72 110 10.055 148.385 1 0 0 0 0.309017 0.951057 0 -0.951057 0.309017 57518.dat
1 72 110 38.483 139.11 1 0 0 0 -0.309017 0.951057 0 -0.951057 -0.309017 57518.dat
1 72 110 56.033 114.899 1 0 0 0 -0.809017 0.587785 0 -0.587785 -0.809017 57518.dat
1 72 110 56 85 1 0 0 0 -1 0 0 0 -1 57518.dat
1 72 110 56 54 1 0 0 0 -1 0 0 0 -1 57518.dat
1 72 110 56 23 1 0 0 0 -1 0 0 0 -1 57518.dat
1 72 110 56 -8 1 0 0 0 -1 0 0 0 -1 57518.dat
1 72 110 56 -39 1 0 0 0 -1 0 0 0 -1 57518.dat
1 72 110 56 -70 1 0 0 0 -1 0 0 0 -1 57518.dat
1 72 110 56 -101 1 0 0 0 -1 0 0 0 -1 57518.dat
1 72 110 56 -132 1 0 0 0 -1 0 0 0 -1 57518.dat
1 72 110 56 -163 1 0 0 0 -1 0 0 0 -1 57518.dat
1 72 110 56 -194 1 0 0 0 -1 0 0 0 -1 57518.dat
1 72 110 45.918 -222.413 1 0 0 0 -0.913545 -0.406737 0 0.406737 -0.913545 57518.dat
1 72 110 20.006 -237.338 1 0 0 0 -0.5 -0.866025 0 0.866025 -0.5 57518.dat
1 72 110 -9.727 -234.177 1 0 0 0 0.104528 -0.994522 0 0.994522 0.104528 57518.dat
1 72 110 -31.927 -214.147 1 0 0 0 0.669131 -0.743145 0 0.743145 0.669131 57518.dat
1 72 110 -38.112 -184.892 1 0 0 0 0.978148 -0.207912 0 0.207912 0.978148 57518.dat
1 72 110 -54 26 1 0 0 0 1 0 0 0 1 57518.dat
1 72 110 -54 -4 1 0 0 0 1 0 0 0 1 57518.dat
1 72 110 -54 -34 1 0 0 0 1 0 0 0 1 57518.dat
1 72 110 -54 -64 1 0 0 0 1 0 0 0 1 57518.dat
1 72 110 -54.3 -94 1 0 0 0 0.987688 -0.156434 0 0.156434 0.987688 57518.dat
1 72 110 -49.607 -124.131 1 0 0 0 0.987688 -0.156434 0 0.156434 0.987688 57518.dat
1 72 110 -44.415 -154.261 1 0 0 0 0.987688 -0.156434 0 0.156434 0.987688 57518.dat
1 72 110 -36 115 1 0 0 0 0.97437 0.224951 0 -0.224951 0.97437 57518.dat
1 72 110 -42.748 85.767 1 0 0 0 0.97437 0.224951 0 -0.224951 0.97437 57518.dat
1 72 110 -49.496 56.539 1 0 0 0 0.990268 0.139173 0 -0.139173 0.990268 57518.dat
1 72 -110 -18.396 139.176 1 0 0 0 0.809017 0.587785 0 -0.587785 0.809017 57518.dat
1 72 -110 10.055 148.385 1 0 0 0 0.309017 0.951057 0 -0.951057 0.309017 57518.dat
1 72 -110 38.483 139.11 1 0 0 0 -0.309017 0.951057 0 -0.951057 -0.309017 57518.dat
1 72 -110 56.033 114.899 1 0 0 0 -0.809017 0.587785 0 -0.587785 -0.809017 57518.dat
1 72 -110 56 85 1 0 0 0 -1 0 0 0 -1 57518.dat
1 72 -110 56 54 1 0 0 0 -1 0 0 0 -1 57518.dat
1 72 -110 56 23 1 0 0 0 -1 0 0 0 -1 57518.dat
1 72 -110 56 -8 1 0 0 0 -1 0 0 0 -1 57518.dat
1 72 -110 56 -39 1 0 0 0 -1 0 0 0 -1 57518.dat
1 72 -110 56 -70 1 0 0 0 -1 0 0 0 -1 57518.dat
1 72 -110 56 -101 1 0 0 0 -1 0 0 0 -1 57518.dat
1 72 -110 56 -132 1 0 0 0 -1 0 0 0 -1 57518.dat
1 72 -110 56 -163 1 0 0 0 -1 0 0 0 -1 57518.dat
1 72 -110 56 -194 1 0 0 0 -1 0 0 0 -1 57518.dat
1 72 -110 45.918 -222.413 1 0 0 0 -0.913545 -0.406737 0 0.406737 -0.913545 57518.dat
1 72 -110 20.006 -237.338 1 0 0 0 -0.5 -0.866025 0 0.866025 -0.5 57518.dat
1 72 -110 -9.727 -234.177 1 0 0 0 0.104528 -0.994522 0 0.994522 0.104528 57518.dat
1 72 -110 -31.927 -214.147 1 0 0 0 0.669131 -0.743145 0 0.743145 0.669131 57518.dat
1 72 -110 -38.112 -184.892 1 0 0 0 0.978148 -0.207912 0 0.207912 0.978148 57518.dat
1 72 -110 -54 26 1 0 0 0 1 0 0 0 1 57518.dat
1 72 -110 -54 -4 1 0 0 0 1 0 0 0 1 57518.dat
1 72 -110 -54 -34 1 0 0 0 1 0 0 0 1 57518.dat
1 72 -110 -54 -64 1 0 0 0 1 0 0 0 1 57518.dat
1 72 -110 -54.3 -94 1 0 0 0 0.987688 -0.156434 0 0.156434 0.987688 57518.dat
1 72 -110 -49.607 -124.131 1 0 0 0 0.987688 -0.156434 0 0.156434 0.987688 57518.dat
1 72 -110 -44.415 -154.261 1 0 0 0 0.987688 -0.156434 0 0.156434 0.987688 57518.dat
1 72 -110 -36 115 1 0 0 0 0.97437 0.224951 0 -0.224951 0.97437 57518.dat
1 72 -110 -42.748 85.767 1 0 0 0 0.97437 0.224951 0 -0.224951 0.97437 57518.dat
1 72 -110 -49.496 56.539 1 0 0 0 0.990268 0.139173 0 -0.139173 0.990268 57518.dat
1 14 70 -78 80 0 -1 0 -1 0 0 0 0 -1 61069.dat
1 14 -70 -78 80 0 1 0 -1 0 0 0 0 1 61069.dat
1 0 50 -168 -180 0 0 -1 0 1 0 1 0 0 3700.dat
1 0 -50 -168 -180 0 0 -1 0 1 0 1 0 0 3700.dat
1 72 0 -176 -170 -1 0 0 0 1 0 0 0 -1 3666.dat
1 1 60 -158 -180 1 0 0 0 0.687126 -0.726539 0 0.726539 0.687126 43093.dat
1 1 -60 -158 -180 -1 0 0 0 0.687126 0.726539 0 0.726539 -0.687126 43093.dat
1 135 70 -158 -180 -1 0 0 0 -0.687126 -0.726539 0 -0.726539 0.687126 53586.dat
1 135 -70 -158 -180 -1 0 0 0 -0.687126 -0.726539 0 -0.726539 0.687126 53586.dat
1 71 -100 12.17 -319.405 1 0 0 0 0.087156 -0.996195 0 0.996195 0.087156 4477.dat
1 71 100 12.17 -319.405 1 0 0 0 0.087156 -0.996195 0 0.996195 0.087156 4477.dat
1 1 0 11.474 -327.374 1 0 0 0 0.087156 -0.996195 0 0.996195 0.087156 3710.dat
1 72 160 -18.412 -324.76 1 0 0 0 0.087156 -0.996195 0 0.996195 0.087156 3031.dat
1 72 -160 -18.412 -324.76 1 0 0 0 0.087156 -0.996195 0 0.996195 0.087156 3031.dat
1 71 80 11.474 -327.374 1 0 0 0 0.087156 -0.996195 0 0.996195 0.087156 44568.dat
1 71 -80 11.474 -327.374 1 0 0 0 0.087156 -0.996195 0 0.996195 0.087156 44568.dat
1 14 160 -39.034 -330.986 0 0 1 0.996195 0.087156 0 -0.087156 0.996195 0 6180.dat
1 14 -160 -39.034 -330.986 0 0 -1 -0.996195 0.087156 0 0.087156 0.996195 0 6180.dat
1 14 0 -39.034 -330.986 1 0 0 0 0.087156 -0.996195 0 0.996195 0.087156 6178.dat
1 14 0 -90.934 -350.537 1 0 0 0 0.087156 -0.996195 0 0.996195 0.087156 3037.dat
1 14 120 -90.935 -350.537 1 0 0 0 0.087156 -0.996195 0 0.996195 0.087156 4445.dat
1 14 -120 -90.935 -350.537 1 0 0 0 0.087156 -0.996195 0 0.996195 0.087156 4445.dat
1 71 190 -21.202 -356.637 0 0 -1 -0.996195 0.087156 0 0.087156 0.996195 0 30414.dat
1 71 -190 -21.202 -356.637 0 0 1 0.996195 0.087156 0 -0.087156 0.996195 0 30414.dat
1 71 -190 -41.824 -362.865 0 0 1 0.996195 0.087156 0 -0.087156 0.996195 0 6636.dat
1 71 190 -41.824 -362.865 0 0 1 0.996195 0.087156 0 -0.087156 0.996195 0 6636.dat
1 14 -160.001 -91.632 -358.507 -1 0 0 0 0.087156 0.996195 0 0.996195 -0.087156 2436.dat
1 14 160.001 -91.632 -358.507 -1 0 0 0 0.087156 0.996195 0 0.996195 -0.087156 2436.dat
1 14 80 -91.632 -358.507 -1 0 0 0 0.087156 0.996195 0 0.996195 -0.087156 2436.dat
1 14 -80 -91.632 -358.507 -1 0 0 0 0.087156 0.996195 0 0.996195 -0.087156 2436.dat
1 14 0 -91.631 -358.508 -1 0 0 0 0.087156 0.996195 0 0.996195 -0.087156 2436.dat
1 72 -120 -91.632 -358.507 -1 0 0 0 0.087156 0.996195 0 0.996195 -0.087156 2412.dat
1 72 -40 -91.632 -358.507 -1 0 0 0 0.087156 0.996195 0 0.996195 -0.087156 2412.dat
1 72 40 -91.632 -358.507 -1 0 0 0 0.087156 0.996195 0 0.996195 -0.087156 2412.dat
1 72 120 -91.632 -358.507 -1 0 0 0 0.087156 0.996195 0 0.996195 -0.087156 2412.dat
1 0 -160 -152.525 -343.14 -1 0 0 0 0.996195 -0.087156 0 -0.087156 -0.996195 3185.dat
1 0 -80 -152.526 -343.14 -1 0 0 0 0.996195 -0.087156 0 -0.087156 -0.996195 3185.dat
1 0 0 -152.525 -343.14 -1 0 0 0 0.996195 -0.087156 0 -0.087156 -0.996195 3185.dat
1 0 80 -152.526 -343.14 -1 0 0 0 0.996195 -0.087156 0 -0.087156 -0.996195 3185.dat
1 0 160 -152.525 -343.14 -1 0 0 0 0.996195 -0.087156 0 -0.087156 -0.996195 3185.dat
1 72 -140 -68.223 -320.403 -1 0 0 0 0.087156 0.996195 0 0.996195 -0.087156 3023.dat
1 72 140 -68.223 -320.403 -1 0 0 0 0.087156 0.996195 0 0.996195 -0.087156 3023.dat
1 14 -180 -27.677 -315.919 0 0 1 0.996195 0.087156 0 -0.087156 0.996195 0 3021.dat
1 14 180 -27.677 -315.919 0 0 1 0.996195 0.087156 0 -0.087156 0.996195 0 3021.dat
1 14 -170 -17.018 -308.821 0 0 1 0.996195 0.087156 0 -0.087156 0.996195 0 3701.dat
1 14 170 -17.018 -308.821 0 0 1 0.996195 0.087156 0 -0.087156 0.996195 0 3701.dat
1 71 140 -37.64 -315.048 0 0 -1 -0.996195 0.08428 0 0.087156 0.96332 0 42608.dat
1 71 -140 -37.64 -315.048 0 0 -1 -0.996195 0.08428 0 0.087156 0.96332 0 42608.dat
1 4 100 -56.691 -303.341 1 0 0 0 0.687126 -0.726539 0 0.726539 0.687126 32062.dat
1 14 90 -56.691 -303.341 0 0 1 0.726539 0.687126 0 -0.687126 0.726539 0 32039.dat
1 72 70 -63.956 -296.47 1 0 0 0 0.726539 0.687126 0 -0.687126 0.726539 63965.dat
1 71 130 -56.691 -303.341 1 0 0 0 0.687126 -0.726539 0 0.726539 0.687126 32054.dat
1 4 -100 -56.691 -303.341 -1 0 0 0 -0.687126 -0.726539 0 -0.726539 0.687126 32062.dat
1 14 -90 -56.691 -303.341 0 0 -1 0.726539 -0.687126 0 -0.687126 -0.726539 0 32039.dat
1 72 -70 -63.956 -296.47 -1 0 0 0 0.726539 -0.687126 0 -0.687126 -0.726539 63965.dat
1 71 -130 -56.691 -303.341 -1 0 0 0 -0.687126 -0.726539 0 -0.726539 0.687126 32054.dat
1 72 0 38.685 -356.337 1 0 0 0 0.953717 -0.300705 0 0.300705 0.953717 3020.dat
1 71 -100 28.049 -349.205 1 0 0 0 0.953717 -0.300705 0 0.300705 0.953717 4477.dat
1 71 100 28.049 -349.205 1 0 0 0 0.953717 -0.300705 0 0.300705 0.953717 4477.dat
1 71 -80 38.684 -356.337 1 0 0 0 0.953717 -0.300705 0 0.300705 0.953717 44570.dat
1 71 80 38.684 -356.337 1 0 0 0 0.953717 -0.300705 0 0.300705 0.953717 44570.dat
1 14 -40 43.083 -396.893 1 0 0 0 0.953717 -0.300705 0 0.300705 0.953717 6179.dat
1 14 40 43.083 -396.893 1 0 0 0 0.953717 -0.300705 0 0.300705 0.953717 6179.dat
1 14 140 43.082 -396.893 1 0 0 0 0.953717 -0.300705 0 0.300705 0.953717 6180.dat
1 14 -140 43.082 -396.893 1 0 0 0 0.953717 -0.300705 0 0.300705 0.953717 6180.dat
1 0 -80 56.727 -413.56 1 0 0 0 0.953717 -0.300705 0 0.300705 0.953717 2654.dat
1 0 0 56.726 -413.56 1 0 0 0 0.953717 -0.300705 0 0.300705 0.953717 2654.dat
1 0 80 56.727 -413.56 1 0 0 0 0.953717 -0.300705 0 0.300705 0.953717 2654.dat
1 72 -180 35.678 -346.8 1 0 0 0 0.953717 -0.300705 0 0.300705 0.953717 3747.dat
1 72 180 35.678 -346.8 1 0 0 0 0.953717 -0.300705 0 0.300705 0.953717 3747.dat
1 14 -208 -22.074 -366.6 0 1 0 0.087156 0 0.996195 0.996195 0 -0.087156 50304.dat
1 14 208 -22.074 -366.6 0 -1 0 -0.087156 0 0.996195 -0.996195 0 -0.087156 50305.dat
1 14 160 -12.66 -259.01 0 -1 0 -0.996195 0 -0.087156 0.087156 0 -0.996195 59807.dat
1 72 180 -16.147 -298.858 1 0 0 0 -0.996195 -0.087156 0 0.087156 -0.996195 32002.dat
1 72 160 10 0 1 0 0 0 -0.996195 -0.087156 0 0.087156 -0.996195 32002.dat
1 14 -160 -12.66 -259.01 0 1 0 0.996195 0 -0.087156 -0.087156 0 -0.996195 59807.dat
1 72 -180 -16.147 -298.858 -1 0 0 0 0.996195 -0.087156 0 -0.087156 -0.996195 32002.dat
1 72 -160 10 0 -1 0 0 0 0.996195 -0.087156 0 -0.087156 -0.996195 32002.dat
1 0 -30 -160 -110 1 0 0 0 1 0 0 0 1 3062.dat
1 0 -30 -184 -110 1 0 0 0 1 0 0 0 1 3062.dat
1 0 -30 -224 -110 1 0 0 0 1 0 0 0 1 64644.dat
