0 Main
0 Name: 8260-1 - Tractor.mpd
0 Author: LTRON
1 72 0 0 0 0 -1 0 1 0 0 0 0 1 32524.dat
1 0 -10 0 -60 -1 0 0 0 -1 0 0 0 1 2780.dat
1 0 20 0 40 -1 0 0 0 -1 0 0 0 1 3707.dat
1 4 -20 0 40 0 0 1 0 -1 0 1 0 0 3713.dat
1 4 20 0 40 0 0 -1 0 -1 0 -1 0 0 3713.dat
1 71 20 0 0 0 0 1 -1 0 0 0 -1 0 48989.dat
1 0 20 0 -40 1 0 0 0 0 1 0 -1 0 3706.dat
1 0 -20 0 -40 0 1 0 1 0 0 0 0 -1 32140.dat
1 71 20 -20 -40 -1 0 0 0 1 0 0 0 -1 32184.dat
1 71 20 -20 40 0 0.819 -0.574 0 -0.574 -0.819 -1 0 0 32073.dat
1 4 20 -20 80 0.574 -0.819 0 0.819 0.574 0 0 0 1 3713.dat
1 71 20 -20 60 -1 0 0 0 -1 0 0 0 1 32184.dat
1 4 20 -20 40 0.574 -0.819 0 0.819 0.574 0 0 0 1 3713.dat
1 4 20 -20 20 0.574 -0.819 0 0.819 0.574 0 0 0 1 3713.dat
1 0 20 -20 -10 0.574 -0.819 0 0.819 0.574 0 0 0 1 59443.dat
1 71 20 0 60 -1 0 0 0 -1 0 0 0 1 4519.dat
1 71 20 -20 -60 0 0.819 -0.574 0 -0.574 -0.819 -1 0 0 32073.dat
1 72 40 0 0 0 -1 0 1 0 0 0 0 1 32524.dat
1 4 60 0 40 0 0 -1 0 1 0 1 0 0 3713.dat
1 71 20 -20 -70 0.819 0.574 0 -0.574 0.819 0 0 0 1 4716.dat
1 72 -5 20 -100 0 -1 0 0 0 -1 1 0 0 41677.dat
1 71 20 20 -100 1 0 0 0 0 -1 0 1 0 4519.dat
1 71 20 0 -100 1 0 0 0 0 -1 0 1 0 32073.dat
1 0 5 -20 -100 0 -1 0 0 0 1 -1 0 0 32249.dat
1 71 20 -20 -100 -1 0 0 0 -1 0 0 0 1 32184.dat
1 4 20 20 -100 0 0 1 0 -1 0 1 0 0 3713.dat
1 4 20 -40 -100 1 0 0 0 0 1 0 -1 0 32062.dat
1 0 -15 -40 20 0 -1 0 0 0 -1 1 0 0 32250.dat
1 72 -10 -40 40 -1 0 0 0 0 -1 0 -1 0 32002.dat
1 72 0 -40 40 0 -1 0 -1 0 0 0 0 -1 32523.dat
1 0 20 -40 20 1 0 0 0 -1 0 0 0 -1 3705.dat
1 0 20 -40 60 1 0 0 0 -1 0 0 0 -1 3705.dat
1 1 15 -40 20 0 1 0 1 0 0 0 0 -1 41677.dat
1 1 25 -40 20 0 1 0 1 0 0 0 0 -1 41677.dat
1 72 40 -40 40 0 -1 0 1 0 0 0 0 1 32523.dat
1 0 30 -40 40 -1 0 0 0 -1 0 0 0 1 2780.dat
1 1 20 -60 40 0 -1 0 0 0 -1 1 0 0 32523.dat
1 4 -10 -120 20 1 0 0 0 0 1 0 -1 0 32062.dat
1 0 20 -120 20 0 0 -1 1 0 0 0 -1 0 32034.dat
1 4 50 -120 20 1 0 0 0 0 1 0 -1 0 32062.dat
1 0 20 -40 -40 1 0 0 0 0 1 0 -1 0 3706.dat
1 0 55 -40 20 0 -1 0 0 0 -1 1 0 0 32250.dat
1 1 20 -20 -120 1 0 0 0 0 -1 0 1 0 6558.dat
1 0 20 -20 -120 1 0 0 0 -1 0 0 0 -1 32557.dat
1 47 10 -40 -130 1 0 0 0 0 1 0 -1 0 6141.dat
1 47 30 -40 -130 1 0 0 0 0 1 0 -1 0 6141.dat
1 71 20 -20 -140 1 0 0 0 0 1 0 -1 0 4519.dat
1 4 20 -20 -140 0 0 1 1 0 0 0 1 0 3713.dat
1 0 5 -40 -70 0 -1 0 -1 0 0 0 0 -1 32449.dat
1 0 50 0 -60 -1 0 0 0 0 1 0 1 0 2780.dat
1 0 35 -20 -100 0 -1 0 0 0 1 -1 0 0 32249.dat
1 71 20 -40 -60 -1 0 0 0 -0.985 0.174 0 0.174 0.985 32073.dat
1 72 20 -40 -60 0 0 1 -0.985 -0.174 0 0.174 -0.985 0 3647.dat
1 0 35 -40 -70 0 -1 0 -1 0 0 0 0 -1 32449.dat
1 0 -10 -40 -40 0 -1 0 0 0 -1 1 0 0 32526.dat
1 72 -20 -120 -20 -1 0 0 0 1 0 0 0 -1 32002.dat
1 72 -20 -120 0 -1 0 0 0 1 0 0 0 -1 32002.dat
1 15 -25 -120 -10 0 -1 0 -1 0 0 0 0 -1 32449.dat
1 0 20 -60 -40 1 0 0 0 -0.899 -0.438 0 0.438 -0.899 3705.dat
1 71 5 -60 -40 0 0 1 -0.438 0.899 0 -0.899 -0.438 0 32123.dat
1 71 35 -60 -40 0 0 1 -0.438 0.899 0 -0.899 -0.438 0 32123.dat
1 72 20 -60 -40 1 0 0 0 0.438 -0.899 0 0.899 0.438 6536.dat
1 1 20 -60.221 -17.64 0 -1 0 -0.899 0 -0.438 0.438 0 -0.899 4274.dat
1 71 20 -67.411 -14.133 -1 0 0 0 0.899 -0.438 0 -0.438 -0.899 30663.dat
1 0 0 -120 -40 1 0 0 0 -0.899 -0.438 0 0.438 -0.899 2780.dat
1 15 20 -120 -40 1 0 0 0 -0.899 -0.438 0 0.438 -0.899 62462.dat
1 0 40 -120 -40 1 0 0 0 -0.899 -0.438 0 0.438 -0.899 2780.dat
1 0 50 -40 -40 0 -1 0 0 0 -1 1 0 0 32526.dat
1 72 60 -120 -20 1 0 0 0 -1 0 0 0 -1 32002.dat
1 72 60 -120 0 1 0 0 0 -1 0 0 0 -1 32002.dat
1 15 65 -120 -10 0 1 0 1 0 0 0 0 -1 32449.dat
1 71 65 -40 -40 0 0 1 0 1 0 -1 0 0 32123.dat
1 71 -25 -40 -40 0 0 1 0 1 0 -1 0 0 32123.dat
1 72 45 20 -100 0 -1 0 0 0 -1 1 0 0 41677.dat
1 27 -5 -20 -60 0 -1 0 -1 0 0 0 0 -1 32250.dat
1 71 20 -60 -60 1 0 0 0 0 -1 0 1 0 4519.dat
1 71 5 -60 -60 0 0 1 0 1 0 -1 0 0 32123.dat
1 71 35 -60 -60 0 0 1 0 1 0 -1 0 0 32123.dat
1 72 20 -60 -60 1 0 0 0 0 1 0 -1 0 6536.dat
1 0 20 -70 -80 -1 0 0 0 -1 0 0 0 1 3062.dat
1 27 45 -20 -60 0 -1 0 -1 0 0 0 0 -1 32250.dat
1 0 60 0 -40 0 1 0 1 0 0 0 0 -1 32140.dat
1 27 75 0 -40 0 -1 0 0 0 -1 1 0 0 6632.dat
1 71 70 20 -100 1 0 0 0 0 -1 0 1 0 3673.dat
1 71 -30 20 -100 1 0 0 0 0 -1 0 1 0 3673.dat
1 27 -35 0 -40 0 -1 0 0 0 -1 1 0 0 6632.dat
1 0 -20 -9.3998 -162.8764 0 -1 0 0.7302 0 -0.6836 0.6836 0 0.7302 32348.dat
1 71 20 -9.3998 -162.8764 -1 0 0 0 -0.7302 -0.6836 0 -0.6836 0.7302 32073.dat
1 72 0 -9.3998 -162.8764 -1 0 0 0 -0.7302 -0.6836 0 -0.6836 0.7302 6536.dat
1 4 20 -9.3998 -162.8764 0 0 1 -0.6836 -0.7302 0 0.7302 -0.6836 0 3713.dat
1 72 40 -9.3998 -162.8764 -1 0 0 0 -0.7302 -0.6836 0 -0.6836 0.7302 6536.dat
1 72 20 -17.1588 -183.8484 0 1 0 -0.6836 0 0.7302 0.7302 0 0.6836 47973.dat
1 0 20 3.351 -205.742 1 0 0 0 0.849 0.528 0 -0.528 0.849 47508.dat
1 0 60 -9.399 -162.877 0 -1 0 0.73 0 -0.684 0.684 0 0.73 32348.dat
1 1 20 -130 20 0 1 0 -1 0 0 0 0 1 4274.dat
1 57 20 -138 20 1 0 0 0 1 0 0 0 1 6141.dat
1 71 80 20 -100 0 0 -1 1 0 0 0 -1 0 56902.dat
1 71 -40 20 -100 0 0 1 1 0 0 0 1 0 56902.dat
1 71 90 0 40 0 0 1 1 0 0 0 1 0 56904.dat
1 256 90 0 40 0 0 1 1 0 0 0 1 0 56898.dat
1 71 -50 0 40 0 0 -1 1 0 0 0 -1 0 56904.dat
1 256 -50 0 40 0 0 -1 1 0 0 0 -1 0 56898.dat
1 256 -40 20 -100 0 0 1 -1 0 0 0 -1 0 56897.dat
1 256 80 20 -100 0 0 -1 -1 0 0 0 1 0 56897.dat
