0 Main
0 Name: 6989-1 - Mega Core Magnetizer.mpd
0 Author: LTRON
1 4 0 0 -320 1 0 0 0 1 0 0 0 1 2445.dat
1 4 0 0 -120 1 0 0 0 1 0 0 0 1 2445.dat
1 0 -30 -24 -110 1 0 0 0 1 0 0 0 1 3005.dat
1 0 30 -24 -110 1 0 0 0 1 0 0 0 1 3005.dat
1 4 -10 -24 -200 0 0 1 0 1 0 -1 0 0 2465.dat
1 4 10 -24 -200 0 0 1 0 1 0 -1 0 0 2465.dat
1 0 30 -8 -320 0 0 1 0 1 0 -1 0 0 3023.dat
1 0 30 -16 -320 0 0 1 0 1 0 -1 0 0 3023.dat
1 0 -30 -8 -320 0 0 1 0 1 0 -1 0 0 3023.dat
1 0 -30 -16 -320 0 0 1 0 1 0 -1 0 0 3023.dat
1 0 0 0 -50 -1 0 0 0 1 0 0 0 -1 3023.dat
1 0 70 -24 -320 0 0 -1 0 1 0 1 0 0 3700.dat
1 0 110 -24 -320 0 0 -1 0 1 0 1 0 0 3700.dat
1 0 120 -14 -320 1 0 0 0 1 0 0 0 1 3707.dat
1 7 90 -14 -320 0 0 -1 0 1 0 1 0 0 3713.dat
1 0 70 -24 -120 0 0 -1 0 1 0 1 0 0 3700.dat
1 0 110 -24 -120 0 0 -1 0 1 0 1 0 0 3700.dat
1 0 120 -14 -120 1 0 0 0 1 0 0 0 1 3707.dat
1 7 90 -14 -120 0 0 -1 0 1 0 1 0 0 3713.dat
1 0 -70 -24 -120 0 0 1 0 1 0 -1 0 0 3700.dat
1 0 -110 -24 -120 0 0 1 0 1 0 -1 0 0 3700.dat
1 0 -120 -14 -120 -1 0 0 0 1 0 0 0 -1 3707.dat
1 7 -90 -14 -120 0 0 1 0 1 0 -1 0 0 3713.dat
1 0 -70 -24 -320 0 0 1 0 1 0 -1 0 0 3700.dat
1 0 -110 -24 -320 0 0 1 0 1 0 -1 0 0 3700.dat
1 0 -120 -14 -320 -1 0 0 0 1 0 0 0 -1 3707.dat
1 7 -90 -14 -320 0 0 1 0 1 0 -1 0 0 3713.dat
1 4 0 -16 -380 0 0 1 0 1 0 -1 0 0 4854.dat
1 0 0 -8 -410 -1 0 0 0 1 0 0 0 -1 3023.dat
1 0 0 -16 -410 -1 0 0 0 1 0 0 0 -1 3023.dat
1 0 30 -24 -340 0 0 -1 0 1 0 1 0 0 3710.dat
1 0 -30 -24 -340 0 0 -1 0 1 0 1 0 0 3710.dat
1 0 0 -24 -410 -1 0 0 0 1 0 0 0 -1 3475.dat
1 0 30 -24 -400 0 0 -1 0 1 0 1 0 0 2540.dat
1 0 -30 -24 -400 0 0 1 0 1 0 -1 0 0 2540.dat
1 4 0 -32 -320 1 0 0 0 1 0 0 0 1 2445.dat
1 4 0 -32 -120 1 0 0 0 1 0 0 0 1 2445.dat
1 0 0 -32 -60 -1 0 0 0 1 0 0 0 -1 3640.dat
1 42 50 -22 -384 -1 0 0 0 0 1 0 1 0 4589.dat
1 42 -50 -22 -384 -1 0 0 0 0 1 0 1 0 4589.dat
1 0 0 -32 -380 -1 0 0 0 1 0 0 0 -1 3031.dat
1 0 0 -32 -220 -1 0 0 0 1 0 0 0 -1 3022.dat
1 4 0 -40 -30 -1 0 0 0 1 0 0 0 -1 3023.dat
1 4 0 -40 -80 -1 0 0 0 1 0 0 0 -1 3032.dat
1 4 0 -40 -240 0 0 -1 0 1 0 1 0 0 3028.dat
1 4 30 -48 -380 0 0 1 0 1 0 -1 0 0 4531.dat
1 4 -30 -48 -380 0 0 1 0 1 0 -1 0 0 4531.dat
1 0 30 -64.648 -439.489 0 0 1 0.819152 0.573577 0 -0.573577 0.819152 0 2433.dat
1 0 -30 -77.26 -423.777 0 0 1 0.382683 0.92388 0 -0.92388 0.382683 0 2433.dat
1 4 0 -48 -310 1 0 0 0 1 0 0 0 1 3023.dat
1 4 0 -64 -250 0 0 1 0 1 0 -1 0 0 3002.dat
1 4 50 -64 -190 1 0 0 0 1 0 0 0 1 4286.dat
1 4 -50 -64 -190 1 0 0 0 1 0 0 0 1 4286.dat
1 4 50 -64 -120 0 0 1 0 1 0 -1 0 0 3009.dat
1 4 -50 -64 -120 0 0 1 0 1 0 -1 0 0 3009.dat
1 4 -40 -64 -50 -1 0 0 0 1 0 0 0 -1 3004.dat
1 4 40 -64 -50 -1 0 0 0 1 0 0 0 -1 3004.dat
1 4 0 -64 -50 -1 0 0 0 1 0 0 0 -1 3039.dat
1 4 0 -72 -230 -1 0 0 0 1 0 0 0 -1 3023.dat
1 4 50 -88 -140 0 0 -1 0 1 0 1 0 0 3009.dat
1 4 -50 -88 -140 0 0 -1 0 1 0 1 0 0 3009.dat
1 4 0 -88 -60 1 0 0 0 1 0 0 0 1 2456.dat
1 4 0 -64 -340 0 0 1 0 1 0 -1 0 0 4871.dat
1 4 0 -88 -260 0 0 1 0 1 0 -1 0 0 4871.dat
1 0 -50 -96 -190 1 0 0 0 1 0 0 0 1 4085.dat
1 0 50 -96 -190 1 0 0 0 1 0 0 0 1 4085.dat
1 0 40 -96 -100 0 0 1 0 1 0 -1 0 0 3034.dat
1 0 -40 -96 -100 0 0 1 0 1 0 -1 0 0 3034.dat
1 0 0 -96 -60 -1 0 0 0 1 0 0 0 -1 3640.dat
1 0 0 -80 -270 -1 0 0 0 1 0 0 0 -1 3069.dat
1 0 0 -56 -350 -1 0 0 0 1 0 0 0 -1 3069.dat
1 0 40 -120 -170 -1 0 0 0 1 0 0 0 -1 3004.dat
1 0 -40 -120 -170 -1 0 0 0 1 0 0 0 -1 3004.dat
1 0 0 -120 -110 -1 0 0 0 1 0 0 0 -1 3009.dat
1 0 50 -64 -300 0 0 -1 0 1 0 1 0 0 4873.dat
1 0 -50 -64 -300 0 0 -1 0 1 0 1 0 0 4873.dat
1 0 0 -64 -370 1 0 0 0 1 0 0 0 1 2432.dat
1 0 0 -56 -320 1 0 0 0 1 0 0 0 1 4079.dat
1 0 0 -80 -240 1 0 0 0 1 0 0 0 1 4079.dat
1 4 0 -128 -140 1 0 0 0 1 0 0 0 1 3032.dat
1 0 -30 -72 -340 0 0 1 0 1 0 -1 0 0 2412.dat
1 0 -30 -96 -260 0 0 1 0 1 0 -1 0 0 2412.dat
1 15 30 -96 -260 0 0 1 0 1 0 -1 0 0 3069.dat
1 15 30 -72 -340 0 0 1 0 1 0 -1 0 0 3069.dat
1 0 0 -120 -190 -1 0 0 0 1 0 0 0 -1 2465.dat
1 0 0 -120 -50 -1 0 0 0 1 0 0 0 -1 2465.dat
1 4 -140 -128 -120 -1 0 0 0 1 0 0 0 -1 4151.dat
1 4 140 -128 -120 -1 0 0 0 1 0 0 0 -1 4151.dat
1 0 -170 -120 -190 0 0 1 0 1 0 -1 0 0 4287.dat
1 0 -170 -120 -50 0 0 1 0 1 0 -1 0 0 4287.dat
1 0 170 -120 -190 0 0 -1 0 1 0 1 0 0 4287.dat
1 0 170 -120 -50 0 0 -1 0 1 0 1 0 0 4287.dat
1 0 -50 -91 -210 0 0 -1 0 1 0 1 0 0 3962.dat
1 0 50 -91 -210 0 0 -1 0 1 0 1 0 0 3962.dat
1 0 0 -136 -160 1 0 0 0 1 0 0 0 1 3020.dat
1 0 0 -136 -120 1 0 0 0 1 0 0 0 1 3034.dat
1 0 -70 -144 -120 0 0 1 0 1 0 -1 0 0 3023.dat
1 0 70 -144 -120 0 0 1 0 1 0 -1 0 0 3023.dat
1 4 -50 -144 -120 0 0 1 0 1 0 -1 0 0 2412.dat
1 4 50 -144 -120 0 0 1 0 1 0 -1 0 0 2412.dat
1 0 80 -138 -70 0 -1 0 0 0 1 -1 0 0 4070.dat
1 0 -80 -138 -70 0 1 0 0 0 1 1 0 0 4070.dat
1 0 70 -152 -100 0 0 1 0 1 0 -1 0 0 3710.dat
1 0 -70 -152 -100 0 0 1 0 1 0 -1 0 0 3710.dat
1 4 130 -136 -120 0 0 1 0 1 0 -1 0 0 3023.dat
1 4 -130 -136 -120 0 0 1 0 1 0 -1 0 0 3023.dat
1 0 210 -136 -120 0 0 1 0 1 0 -1 0 0 2431.dat
1 0 -210 -136 -120 0 0 1 0 1 0 -1 0 0 2431.dat
1 0 0 -160 -140 0 0 1 0 1 0 -1 0 0 3403.dat
1 0 0 -160 -140 0.978394 0 -0.206751 0 1 0 0.206751 0 0.978394 3404.dat
1 4 -4.135 -168 -120.4321 0.206751 0 0.978394 0 1 0 -0.978394 0 0.206751 3034.dat
1 4 29.3518 -168 -133.7975 0.206751 0 0.978394 0 1 0 -0.978394 0 0.206751 3023.dat
1 4 -29.3518 -168 -146.2025 0.206751 0 0.978394 0 1 0 -0.978394 0 0.206751 3023.dat
1 4 8.27 -176 -179.1358 0.206751 0 0.978394 0 1 0 -0.978394 0 0.206751 3068.dat
1 4 0 -176 -140 -0.978394 0 0.206751 0 1 0 -0.206751 0 -0.978394 3020.dat
1 4 -22.7426 -174 -32.3767 0.978394 0 -0.206751 0 1 0 0.206751 0 0.978394 3149.dat
1 4 -22.7426 -174 -32.3767 0.978394 0 -0.206751 0 1 0 0.206751 0 0.978394 313.dat
1 4 -22.7426 -174 -32.3767 0.978394 0 -0.206751 0 1 0 0.206751 0 0.978394 314.dat
1 4 0 -192 -140 0.206751 0 0.978394 0 1 0 -0.978394 0 0.206751 3832.dat
1 4 0 -200 -140 0.206751 0 0.978394 0 1 0 -0.978394 0 0.206751 3022.dat
1 4 0 -208 -140 0.206751 0 0.978394 0 1 0 -0.978394 0 0.206751 3022.dat
1 4 6.2025 -184 -169.3518 -0.978394 0 0.206751 0 1 0 -0.206751 0 -0.978394 3023.dat
1 0 18.6076 -200 -228.0555 0.978394 0 -0.206751 0 1 0 0.206751 0 0.978394 3839.dat
1 0 0 -216 -140 0.978394 0 -0.206751 0 1 0 0.206751 0 0.978394 3961.dat
1 7 0 -224 -140 0.978394 0 -0.206751 0 1 0 0.206751 0 0.978394 3022.dat
1 7 9.7839 -232 -137.9325 0.206751 0 0.978394 0 1 0 -0.978394 0 0.206751 3475.dat
1 7 -9.7839 -232 -142.0675 -0.206751 0 -0.978394 0 1 0 0.978394 0 -0.206751 3475.dat
1 4 0 -240 -140 0.978394 0 -0.206751 0 1 0 0.206751 0 0.978394 3068.dat
1 7 -16.5401 -160 -61.7285 0.206751 0 0.978394 0 1 0 -0.978394 0 0.206751 3679.dat
1 4 -16.5401 -160 -61.7285 -0.965927 0 -0.258819 0 1 0 0.258819 0 -0.965927 3680.dat
1 0 -16.5401 -152 -61.7285 0.258819 0 -0.965927 0 1 0 0.965927 0 0.258819 2817.dat
1 0 130 -144 -120 0 0 1 0 1 0 -1 0 0 2412.dat
1 0 -130 -144 -120 0 0 1 0 1 0 -1 0 0 2412.dat
1 0 40 -20 -440 -1 0 0 0 1 0 0 0 -1 3705.dat
1 0 -40 -20 -440 -1 0 0 0 1 0 0 0 -1 3705.dat
1 0 -60 -10 -458 1 0 0 0 0 -1 0 1 0 3023.dat
1 0 -60 -30 -458 -1 0 0 0 0 1 0 1 0 2540.dat
1 0 60 -10 -458 1 0 0 0 0 -1 0 1 0 3023.dat
1 0 60 -30 -458 -1 0 0 0 0 1 0 1 0 2540.dat
1 4 0 -20 -466 -1 0 0 0 0 1 0 1 0 3034.dat
1 4 50 -10 -474 -1 0 0 0 0 1 0 1 0 3623.dat
1 0 90 -30 -474 0 0 -1 -1 0 0 0 1 0 3963.dat
1 0 -90 -30 -474 0 0 1 1 0 0 0 1 0 3963.dat
1 0 60 -20 -450 -1 0 0 0 0 1 0 1 0 2817.dat
1 0 -60 -20 -450 -1 0 0 0 0 1 0 1 0 2817.dat
1 4 -50 -10 -474 -1 0 0 0 0 1 0 1 0 3623.dat
1 0 0 -20 -474 -1 0 0 0 0 1 0 1 0 3680.dat
1 7 0 -20 -474 -0.707107 0 -0.707107 -0.707107 0 0.707107 0 1 0 3679.dat
1 42 0 -34.1421 -482 -0.707107 0 -0.707107 -0.707107 0 0.707107 0 1 0 2409.dat
1 0 -120.2082 -140.2082 -218 0.707107 0 -0.707107 -0.707107 0 -0.707107 0 1 0 3023.dat
1 0 120.2082 -140.2082 -218 -0.707107 0 -0.707107 -0.707107 0 0.707107 0 1 0 3023.dat
1 0 0 -20 -490 -0.707107 0 -0.707107 -0.707107 0 0.707107 0 1 0 3680.dat
1 7 0 -20 -490 0 0 -1 -1 0 0 0 1 0 3679.dat
1 4 70 -10 -482 0 0 -1 -1 0 0 0 1 0 2420.dat
1 4 -70 -10 -482 1 0 0 0 0 -1 0 1 0 2420.dat
1 4 -70 -10 -490 1 0 0 0 0 -1 0 1 0 2420.dat
1 4 70 -10 -490 0 0 -1 -1 0 0 0 1 0 2420.dat
1 0 0 -20 -498 1 0 0 0 0 -1 0 1 0 3034.dat
1 4 50 -20 -506 0 0 1 1 0 0 0 1 0 2412.dat
1 4 -50 -20 -506 0 0 1 1 0 0 0 1 0 2412.dat
1 42 0 -20 -522 0 0 1 1 0 0 0 1 0 4588.dat
1 0 121 -14 -320 1 0 0 0 0 -1 0 1 0 2573.dat
1 4 191 -14 -320 0 -1 0 0 0 -1 1 0 0 3941.dat
1 0 121 -14 -120 1 0 0 0 0 -1 0 1 0 2573.dat
1 4 191 -14 -120 0 -1 0 0 0 -1 1 0 0 3941.dat
1 0 -121 -14 -120 -1 0 0 0 0 -1 0 -1 0 2573.dat
1 4 -191 -14 -120 0 1 0 0 0 -1 -1 0 0 3941.dat
1 0 -121 -14 -320 -1 0 0 0 0 -1 0 -1 0 2573.dat
1 4 -191 -14 -320 0 1 0 0 0 -1 -1 0 0 3941.dat
1 0 -160 -152 -120 0 0 -1 0 1 0 1 0 0 3032.dat
1 0 -160 -144 -90 1 0 0 0 1 0 0 0 1 3666.dat
1 0 -160 -144 -150 1 0 0 0 1 0 0 0 1 3666.dat
1 4 -160 -144 -120 1 0 0 0 1 0 0 0 1 3022.dat
1 0 -160 -136 -90 1 0 0 0 1 0 0 0 1 3710.dat
1 0 -160 -136 -150 1 0 0 0 1 0 0 0 1 3710.dat
1 4 -130 -176 -70 -1 0 0 0 1 0 0 0 -1 4070.dat
1 4 -190 -176 -70 -1 0 0 0 1 0 0 0 -1 4070.dat
1 4 -140 -184 -170 1 0 0 0 1 0 0 0 1 2432.dat
1 4 -180 -184 -170 1 0 0 0 1 0 0 0 1 2432.dat
1 4 -190 -200 -140 0 0 -1 0 1 0 1 0 0 4864.dat
1 4 -130 -200 -140 0 0 1 0 1 0 -1 0 0 4864.dat
1 4 -130 -200 -100 0 0 1 0 1 0 -1 0 0 4864.dat
1 4 -190 -200 -100 0 0 -1 0 1 0 1 0 0 4864.dat
1 15 -130 -166 -56 0 0 -1 1 0 0 0 -1 0 3070.dat
1 15 -190 -166 -56 1 0 0 0 0 1 0 -1 0 3070.dat
1 4 -160 -208 -120 0 0 1 0 1 0 -1 0 0 3031.dat
1 0 -160 -216 -120 -1 0 0 0 1 0 0 0 -1 2609.dat
1 0 -160 -222.5 -120 -1 0 0 0 0 -1 0 -1 0 2959.dat
1 4 -160 -216 -90 -1 0 0 0 1 0 0 0 -1 4315.dat
1 4 -160 -216 -150 1 0 0 0 1 0 0 0 1 4315.dat
1 0 -190 -216 -120 0 0 1 0 1 0 -1 0 0 2412.dat
1 0 -130 -216 -120 0 0 1 0 1 0 -1 0 0 2412.dat
1 7 -160 -145.531 -46.301 1 0 0 0 -0.707107 0.707107 0 -0.707107 -0.707107 2582.dat
1 7 -160 -145.531 -193.699 -1 0 0 0 -0.707107 0.707107 0 0.707107 0.707107 2582.dat
1 0 180 -152 -120 0 0 1 0 1 0 -1 0 0 3795.dat
1 0 140 -152 -120 0 0 1 0 1 0 -1 0 0 3020.dat
1 0 160 -144 -150 -1 0 0 0 1 0 0 0 -1 3666.dat
1 0 160 -144 -90 -1 0 0 0 1 0 0 0 -1 3666.dat
1 4 160 -144 -120 -1 0 0 0 1 0 0 0 -1 3022.dat
1 0 160 -136 -90 -1 0 0 0 1 0 0 0 -1 3710.dat
1 0 160 -136 -150 -1 0 0 0 1 0 0 0 -1 3710.dat
1 15 110 -152 -150 1 0 0 0 1 0 0 0 1 3070.dat
1 0 130 -160 -150 1 0 0 0 1 0 0 0 1 4085.dat
1 0 150 -160 -150 1 0 0 0 1 0 0 0 1 4085.dat
1 0 190 -160 -150 0 0 -1 0 1 0 1 0 0 4085.dat
1 0 190 -160 -90 0 0 -1 0 1 0 1 0 0 4085.dat
1 0 150 -160 -90 -1 0 0 0 1 0 0 0 -1 4085.dat
1 0 130 -160 -90 0 0 1 0 1 0 -1 0 0 4085.dat
1 0 170 -160 -90 -1 0 0 0 1 0 0 0 -1 3024.dat
1 0 170 -160 -150 -1 0 0 0 1 0 0 0 -1 3024.dat
1 0 130 -160 -120 0 0 -1 0 1 0 1 0 0 3023.dat
1 0 180 -184 -90 1 0 0 0 1 0 0 0 1 3004.dat
1 0 180 -184 -150 1 0 0 0 1 0 0 0 1 3004.dat
1 4 180 -192 -90 1 0 0 0 1 0 0 0 1 2412.dat
1 4 180 -192 -150 1 0 0 0 1 0 0 0 1 2412.dat
1 0 150 -171 -170 0 0 -1 0 1 0 1 0 0 4006.dat
1 0 130 -171 -170 0 0 -1 0 1 0 1 0 0 4006.dat
1 0 150 -189 -70 0 0 1 0 1 0 -1 0 0 4522.dat
1 4 180 -200 -130 1 0 0 0 1 0 0 0 1 4864.dat
1 4 180 -200 -110 -1 0 0 0 1 0 0 0 -1 4864.dat
1 4 140 -208 -120 0 0 1 0 1 0 -1 0 0 4209.dat
1 0 130 -186 -120 0 0 1 0 1 0 -1 0 0 4208.dat
1 7 210 -170 -150 1 0 0 0 1 0 0 0 1 4210.dat
1 7 210 -170 -90 -1 0 0 0 1 0 0 0 -1 4210.dat
1 0 180 -192 -90 1 0 0 0 1 0 0 0 1 4736.dat
1 4 190 -180 -67 1 0 0 0 1 0 0 0 1 3062.dat
1 4 170 -180 -67 1 0 0 0 1 0 0 0 1 3062.dat
1 4 180 -208 -120 0 0 -1 0 1 0 1 0 0 3020.dat
1 0 160 -216 -120 0 0 -1 0 1 0 1 0 0 2609.dat
1 0 160 -222.5 -120 0 -1 0 0 0 -1 1 0 0 2959.dat
1 4 160 -216 -90 -1 0 0 0 1 0 0 0 -1 4315.dat
1 4 160 -216 -150 1 0 0 0 1 0 0 0 1 4315.dat
1 0 190 -216 -120 0 0 1 0 1 0 -1 0 0 2412.dat
1 0 130 -216 -120 0 0 1 0 1 0 -1 0 0 2412.dat
1 7 160 -145.532 -193.699 -1 0 0 0 -0.707107 0.707107 0 0.707107 0.707107 2582.dat
1 7 160 -145.531 -46.301 1 0 0 0 -0.707107 0.707107 0 -0.707107 -0.707107 2582.dat
1 0 0 -112 -392 0.857167 0 -0.515038 0 1 0 0.515038 0 0.857167 2446.dat
1 42 -2.602 -109.588 -387.6696 0.857167 0.40026 -0.324124 0 0.62932 0.777146 0.515038 -0.666144 0.539432 2447.dat
1 14 0 -112 -392 0.857167 0 -0.515038 0 1 0 0.515038 0 0.857167 3626.dat
1 0 0 -85 -392 1 0 0 0 1 0 0 0 1 3838.dat
1 4 0 -85 -392 1 0 0 0 1 0 0 0 1 973.dat
1 4 36.235 0 135.23 0.965926 0 0.258819 0 1 0 -0.258819 0 0.965926 2445.dat
1 0 4.669 -24 133.3353 0.965926 0 0.258819 0 1 0 -0.258819 0 0.965926 3005.dat
1 0 62.6246 -24 117.8062 0.965926 0 0.258819 0 1 0 -0.258819 0 0.965926 3005.dat
1 0 103.8498 -24 117.1127 -0.258819 0 0.965926 0 1 0 -0.965926 0 -0.258819 3700.dat
1 0 142.4869 -24 106.7599 -0.258819 0 0.965926 0 1 0 -0.965926 0 -0.258819 3700.dat
1 0 -31.3798 -24 153.3473 -0.258819 0 0.965926 0 1 0 -0.965926 0 -0.258819 3700.dat
1 0 -70.0169 -24 163.7001 -0.258819 0 0.965926 0 1 0 -0.965926 0 -0.258819 3700.dat
1 0 152.1461 -14 104.1717 -0.965926 0 -0.258819 0 1 0 0.258819 0 -0.965926 3707.dat
1 0 -79.6761 -14 166.2883 0.965926 0 0.258819 0 1 0 -0.258819 0 0.965926 3707.dat
1 7 123.1683 -14 111.9363 0.258819 0 -0.965926 0 1 0 0.965926 0 0.258819 3713.dat
1 7 -50.6983 -14 158.5237 -0.258819 0 0.965926 0 1 0 -0.965926 0 -0.258819 3713.dat
1 4 31.0586 -24 115.9115 -0.258819 0 0.965926 0 1 0 -0.965926 0 -0.258819 3006.dat
1 0 54.3523 0 202.8448 -0.965926 0 -0.258819 0 1 0 0.258819 0 -0.965926 3023.dat
1 0 7.7649 0 28.9781 -0.965926 0 -0.258819 0 1 0 0.258819 0 -0.965926 3023.dat
1 4 36.235 -32 135.23 0.965926 0 0.258819 0 1 0 -0.258819 0 0.965926 2445.dat
1 0 15.5295 -32 57.9559 0.965926 0 0.258819 0 1 0 -0.258819 0 0.965926 3639.dat
1 0 54.3523 -32 202.8448 -0.965926 0 -0.258819 0 1 0 0.258819 0 -0.965926 4315.dat
1 4 57.2663 -64.1177 213.72 -0.965926 0.258661 -0.009033 0 0.0349 0.999391 0.258819 0.965338 -0.033711 4213.dat
1 4 28.9208 -134.075 223.8443 0.009033 0.258661 -0.965926 -0.999391 0.0349 0 0.033711 0.965338 0.258819 3623.dat
1 4 86.8764 -134.075 208.3152 0.009033 0.258661 -0.965926 -0.999391 0.0349 0 0.033711 0.965338 0.258819 3623.dat
1 4 59.6969 -103.8141 222.7912 0.009033 0.258661 -0.965926 -0.999391 0.0349 0 0.033711 0.965338 0.258819 3958.dat
1 4 31.0586 -40 115.9115 -0.258819 0 0.965926 0 1 0 -0.965926 0 -0.258819 3033.dat
1 0 58.6494 -48 25.6964 -0.258819 0 0.965926 0 1 0 -0.965926 0 -0.258819 3023.dat
1 0 -37.9432 -48 51.5784 -0.258819 0 0.965926 0 1 0 -0.965926 0 -0.258819 3023.dat
1 0 51.0706 -48 151.9603 -0.258819 0 0.965926 0 1 0 -0.965926 0 -0.258819 2431.dat
1 0 31.7521 -48 157.1367 -0.258819 0 0.965926 0 1 0 -0.965926 0 -0.258819 2431.dat
1 4 7.7649 -64 28.9781 -0.965926 0 -0.258819 0 1 0 0.258819 0 -0.965926 3010.dat
1 4 79.3549 -64 102.9705 0.258819 0 -0.965926 0 1 0 0.965926 0 0.258819 3009.dat
1 4 -17.2377 -64 128.8524 0.258819 0 -0.965926 0 1 0 0.965926 0 0.258819 3009.dat
1 4 69.0022 -72 64.3335 0.258819 0 -0.965926 0 1 0 0.965926 0 0.258819 3023.dat
1 4 69.0022 -80 64.3335 0.258819 0 -0.965926 0 1 0 0.965926 0 0.258819 3023.dat
1 4 -27.5904 -72 90.2154 0.258819 0 -0.965926 0 1 0 0.965926 0 0.258819 3023.dat
1 4 -27.5904 -80 90.2154 0.258819 0 -0.965926 0 1 0 0.965926 0 0.258819 3023.dat
1 4 100.0604 -88 180.2446 -0.258819 0 0.965926 0 1 0 -0.965926 0 -0.258819 4864.dat
1 4 3.4678 -88 206.1265 0.258819 0 -0.965926 0 1 0 0.965926 0 0.258819 4864.dat
1 4 7.7649 -88 28.9781 -0.965926 0 -0.258819 0 1 0 0.258819 0 -0.965926 3010.dat
1 4 18.1177 -88 67.6152 -0.965926 0 -0.258819 0 1 0 0.258819 0 -0.965926 3666.dat
1 4 71.5903 -88 73.9928 -0.965926 0 -0.258819 0 1 0 0.258819 0 -0.965926 3024.dat
1 4 -25.0023 -88 99.8746 -0.965926 0 -0.258819 0 1 0 0.258819 0 -0.965926 3024.dat
1 4 84.5313 -88 122.289 0.258819 0 -0.965926 0 1 0 0.965926 0 0.258819 3010.dat
1 4 -12.0613 -88 148.1709 0.258819 0 -0.965926 0 1 0 0.965926 0 0.258819 3010.dat
1 0 15.5295 -96 57.9559 0.965926 0 0.258819 0 1 0 -0.258819 0 0.965926 3639.dat
1 0 41.9191 -96 40.5321 -0.258819 0 0.965926 0 1 0 -0.965926 0 -0.258819 3623.dat
1 0 -16.0365 -96 56.0612 -0.258819 0 0.965926 0 1 0 -0.965926 0 -0.258819 3623.dat
1 0 84.5313 -96 122.289 -0.258819 0 0.965926 0 1 0 -0.965926 0 -0.258819 3460.dat
1 0 -12.0613 -96 148.1709 -0.258819 0 0.965926 0 1 0 -0.965926 0 -0.258819 3460.dat
1 4 94.8841 -104 160.9261 -0.258819 0 0.965926 0 1 0 -0.965926 0 -0.258819 3710.dat
1 4 -1.7085 -104 186.808 -0.258819 0 0.965926 0 1 0 -0.965926 0 -0.258819 3710.dat
1 4 25.8822 -104 96.593 -0.965926 0 -0.258819 0 1 0 0.258819 0 -0.965926 3032.dat
1 4 10.3531 -120 38.6374 -0.965926 0 -0.258819 0 1 0 0.258819 0 -0.965926 3001.dat
1 4 18.1177 -128 67.6152 -0.965926 0 -0.258819 0 1 0 0.258819 0 -0.965926 3010.dat
1 4 114.8961 -128 196.9749 0.258819 0 -0.965926 0 1 0 0.965926 0 0.258819 3831.dat
1 4 -1.015 -128 228.0332 -0.258819 0 0.965926 0 1 0 -0.965926 0 -0.258819 3830.dat
1 4 100.0604 -136 180.2446 -0.258819 0 0.965926 0 1 0 -0.965926 0 -0.258819 3023.dat
1 4 100.0604 -144 180.2446 -0.258819 0 0.965926 0 1 0 -0.965926 0 -0.258819 3023.dat
1 4 3.4678 -136 206.1265 -0.258819 0 0.965926 0 1 0 -0.965926 0 -0.258819 3023.dat
1 4 3.4678 -144 206.1265 -0.258819 0 0.965926 0 1 0 -0.965926 0 -0.258819 3023.dat
1 0 60.0364 -112 108.1469 -0.258819 0 0.965926 0 1 0 -0.965926 0 -0.258819 3023.dat
1 0 2.0808 -112 123.676 -0.258819 0 0.965926 0 1 0 -0.965926 0 -0.258819 3023.dat
1 4 -1.015 -128 228.0332 0.965926 0 0.258819 0 1 0 -0.258819 0 0.965926 3831.dat
1 0 -15.1572 -104 252.5281 0.965926 0 0.258819 0 1 0 -0.258819 0 0.965926 3022.dat
1 4 -22.2283 -128 264.7756 -0.258819 0 0.965926 0 1 0 -0.965926 0 -0.258819 4070.dat
1 0 -2.9097 -128 259.5992 0.258819 0 -0.965926 0 1 0 0.965926 0 0.258819 4287.dat
1 0 -9.9808 -108 271.8466 -0.965926 0.258819 0 0 0 1 0.258819 0.965926 0 3956.dat
1 4 26.0681 -136 251.8346 0.965926 0 0.258819 0 1 0 -0.258819 0 0.965926 2412.dat
1 15 -15.1572 -144 252.5281 0.258819 0 -0.965926 0 1 0 0.965926 0 0.258819 3068.dat
1 7 -7.9102 -108 279.574 0 0.258819 -0.965926 -1 0 0 0 0.965926 0.258819 4591.dat
1 4 114.8961 -128 196.9749 0.965926 0 0.258819 0 1 0 -0.258819 0 0.965926 3830.dat
1 0 139.391 -104 211.1171 0.965926 0 0.258819 0 1 0 -0.258819 0 0.965926 3022.dat
1 4 151.6384 -128 218.1882 0.258819 0 -0.965926 0 1 0 0.965926 0 0.258819 4070.dat
1 0 132.3199 -128 223.3645 -0.258819 0 0.965926 0 1 0 -0.965926 0 -0.258819 4287.dat
1 0 144.5674 -108 230.4356 -0.965926 0.258819 0 0 0 1 0.258819 0.965926 0 3956.dat
1 4 103.3421 -136 231.1291 -0.965926 0 -0.258819 0 1 0 0.258819 0 -0.965926 2412.dat
1 15 139.391 -144 211.1171 -0.258819 0 0.965926 0 1 0 -0.965926 0 -0.258819 3068.dat
1 7 146.6379 -108 238.163 -0.965926 0.258819 0 0 0 1 0.258819 0.965926 0 4591.dat
1 4 39.3309 -128 30.8728 0.258819 0 -0.965926 0 1 0 0.965926 0 0.258819 3023.dat
1 4 -18.6247 -128 46.402 0.258819 0 -0.965926 0 1 0 0.965926 0 0.258819 3023.dat
1 0 100.0604 -152 180.2446 0.258819 0 -0.965926 0 1 0 0.965926 0 0.258819 2540.dat
1 0 3.4678 -152 206.1265 -0.258819 0 0.965926 0 1 0 -0.965926 0 -0.258819 2540.dat
1 0 40.7179 -176 113.3233 0.258819 0 -0.965926 0 1 0 0.965926 0 0.258819 2362.dat
1 0 21.3994 -176 118.4997 -0.258819 0 0.965926 0 1 0 -0.965926 0 -0.258819 2362.dat
1 4 5.1767 -128 19.3189 -0.258819 0 0.965926 0 1 0 -0.965926 0 -0.258819 3020.dat
1 4 -2.5879 -152 -9.6589 -0.965926 0 -0.258819 0 1 0 0.258819 0 -0.965926 3700.dat
1 4 2.5885 -152 9.6596 -0.965926 0 -0.258819 0 1 0 0.258819 0 -0.965926 3700.dat
1 0 -10.3524 -142 -38.6367 0.258819 0 -0.965926 0 1 0 0.965926 0 0.258819 3706.dat
1 4 79.3549 -152 102.9705 0.258819 0 -0.965926 0 1 0 0.965926 0 0.258819 4228.dat
1 4 -17.2377 -152 128.8524 -0.258819 0 0.965926 0 1 0 -0.965926 0 -0.258819 4228.dat
1 0 -7.5784 -120 126.2642 -0.258819 0 0.965926 0 1 0 -0.965926 0 -0.258819 3068.dat
1 0 69.6957 -120 105.5587 -0.258819 0 0.965926 0 1 0 -0.965926 0 -0.258819 3068.dat
1 4 41.9191 -152 40.5321 -0.258819 0 0.965926 0 1 0 -0.965926 0 -0.258819 3622.dat
1 4 -16.0365 -152 56.0612 -0.258819 0 0.965926 0 1 0 -0.965926 0 -0.258819 3622.dat
1 4 7.7649 -152 28.9781 -0.965926 0 -0.258819 0 1 0 0.258819 0 -0.965926 3004.dat
1 4 18.1177 -176 67.6152 -0.965926 0 -0.258819 0 1 0 0.258819 0 -0.965926 3009.dat
1 4 54.3523 -176 202.8448 -0.965926 0 -0.258819 0 1 0 0.258819 0 -0.965926 3009.dat
1 4 46.5878 -176 173.867 -0.965926 0 -0.258819 0 1 0 0.258819 0 -0.965926 2456.dat
1 4 5.1767 -160 19.3189 -0.965926 0 -0.258819 0 1 0 0.258819 0 -0.965926 3031.dat
1 4 41.9191 -184 40.5321 0.965926 0 0.258819 0 1 0 -0.258819 0 0.965926 4286.dat
1 4 -16.0365 -184 56.0612 0.965926 0 0.258819 0 1 0 -0.258819 0 0.965926 4286.dat
1 0 12.9413 -168 48.2967 0.965926 0 0.258819 0 1 0 -0.258819 0 0.965926 2412.dat
1 0 2.5885 -184 9.6596 -0.965926 0 -0.258819 0 1 0 0.258819 0 -0.965926 4865.dat
1 4 85.7325 -176 49.4978 0.258819 0 -0.965926 0 1 0 0.965926 0 0.258819 4286.dat
1 4 111.6144 -176 146.0905 0.258819 0 -0.965926 0 1 0 0.965926 0 0.258819 4286.dat
1 4 -23.6152 -176 182.3251 -0.258819 0 0.965926 0 1 0 -0.965926 0 -0.258819 4286.dat
1 4 -49.4972 -176 85.7325 -0.258819 0 0.965926 0 1 0 -0.965926 0 -0.258819 4286.dat
1 0 40.2102 -182 227.3397 0.965926 0 0.258819 0 1 0 -0.258819 0 0.965926 3324.dat
1 0 78.8472 -182 216.987 0.965926 0 0.258819 0 1 0 -0.258819 0 0.965926 3324.dat
1 4 47.0955 -192 59.8506 -0.965926 0 -0.258819 0 1 0 0.258819 0 -0.965926 2420.dat
1 4 -10.8601 -192 75.3798 -0.258819 0 0.965926 0 1 0 -0.965926 0 -0.258819 2420.dat
1 0 76.0732 -184 52.086 -0.965926 0 -0.258819 0 1 0 0.258819 0 -0.965926 2412.dat
1 0 101.9551 -184 148.6786 -0.965926 0 -0.258819 0 1 0 0.258819 0 -0.965926 2412.dat
1 0 -13.956 -184 179.7369 -0.965926 0 -0.258819 0 1 0 0.258819 0 -0.965926 2412.dat
1 0 -39.8379 -184 83.1443 -0.965926 0 -0.258819 0 1 0 0.258819 0 -0.965926 2412.dat
1 7 124.5553 -190 194.3867 -0.965926 -0.258819 0 0 0 -1 0.258819 -0.965926 0 4735.dat
1 42 120.4142 -190 178.9319 -0.965926 -0.258819 0 0 0 -1 0.258819 -0.965926 0 4589.dat
1 7 -10.6743 -190 230.6214 -0.965926 -0.258819 0 0 0 -1 0.258819 -0.965926 0 4735.dat
1 42 -14.8154 -190 215.1666 -0.965926 -0.258819 0 0 0 -1 0.258819 -0.965926 0 4589.dat
1 0 61.2376 -192 35.3557 0.965926 0 0.258819 0 1 0 -0.258819 0 0.965926 4737.dat
1 0 -35.355 -192 61.2376 -0.258819 0 0.965926 0 1 0 -0.965926 0 -0.258819 4737.dat
1 4 41.9191 -200 40.5321 0.965926 0 0.258819 0 1 0 -0.258819 0 0.965926 2420.dat
1 4 -16.0365 -200 56.0612 0.258819 0 -0.965926 0 1 0 0.965926 0 0.258819 2420.dat
1 0 153.112 -14 103.9129 0.965926 0 0.258819 0 1 0 -0.258819 0 0.965926 2573.dat
1 4 220.7269 -14 85.7956 0 -0.965926 0.258819 1 0 0 0 0.258819 0.965926 3941.dat
1 0 -80.642 -14 166.5471 -0.965926 0 -0.258819 0 1 0 0.258819 0 -0.965926 2573.dat
1 4 -148.2569 -14 184.6644 0 0.965926 -0.258819 1 0 0 0 -0.258819 -0.965926 3941.dat
1 4 78.8472 -182 216.987 0.965926 -0.036021 0.2563 0 0.990268 0.139173 -0.258819 -0.134431 0.956526 313.dat
1 0 78.8472 -182 216.987 0.965926 -0.036021 0.2563 0 0.990268 0.139173 -0.258819 -0.134431 0.956526 314.dat
1 4 40.2102 -182 227.3397 0.965926 -0.036021 0.2563 0 0.990268 0.139173 -0.258819 -0.134431 0.956526 313.dat
1 0 40.2102 -182 227.3397 0.965926 -0.036021 0.2563 0 0.990268 0.139173 -0.258819 -0.134431 0.956526 314.dat
1 0 47.9384 -222.6278 178.9077 0.965926 -0.036021 0.2563 0 0.990268 0.139173 -0.258819 -0.134431 0.956526 3403.dat
1 0 47.9384 -222.6278 178.9077 0.984589 -0.036021 0.171139 0.01213 0.990268 0.138643 -0.174467 -0.134431 0.975444 3404.dat
1 0 49.0911 -254.3163 183.2095 0.984589 -0.036021 0.171139 0.01213 0.990268 0.138643 -0.174467 -0.134431 0.975444 4597.dat
1 4 99.185 -277.4763 177.7125 -0.171139 -0.036021 0.984589 -0.138643 0.990268 0.01213 -0.975444 -0.134431 -0.174467 3010.dat
1 4 0.7261 -278.6893 195.1592 -0.171139 -0.036021 0.984589 -0.138643 0.990268 0.01213 -0.975444 -0.134431 -0.174467 3010.dat
1 4 58.5125 -271.1506 235.208 -0.984589 -0.036021 -0.171139 -0.01213 0.990268 -0.138643 0.174467 -0.134431 -0.975444 3009.dat
1 4 80.7822 -284.5298 130.685 0.984589 -0.036021 0.171139 0.01213 0.990268 0.138643 -0.174467 -0.134431 0.975444 3298.dat
1 4 2.0151 -285.5001 144.6423 0.984589 -0.036021 0.171139 0.01213 0.990268 0.138643 -0.174467 -0.134431 0.975444 3298.dat
1 0 58.8007 -279.0728 236.2835 0.984589 -0.036021 0.171139 0.01213 0.990268 0.138643 -0.174467 -0.134431 0.975444 3023.dat
1 0 41.6868 -292.9371 138.7391 0.984589 -0.036021 0.171139 0.01213 0.990268 0.138643 -0.174467 -0.134431 0.975444 3710.dat
1 0 41.975 -300.8592 139.8145 0.984589 -0.036021 0.171139 0.01213 0.990268 0.138643 -0.174467 -0.134431 0.975444 3023.dat
1 0 42.2631 -308.7814 140.89 0.984589 -0.036021 0.171139 0.01213 0.990268 0.138643 -0.174467 -0.134431 0.975444 3069.dat
1 0 59.0888 -286.9949 237.3589 0.984589 -0.036021 0.171139 0.01213 0.990268 0.138643 -0.174467 -0.134431 0.975444 3069.dat
1 4 94.9153 -305.402 151.6755 0.984589 -0.036021 0.171139 0.01213 0.990268 0.138643 -0.174467 -0.134431 0.975444 3040.dat
1 4 -3.5435 -306.615 169.1222 0.984589 -0.036021 0.171139 0.01213 0.990268 0.138643 -0.174467 -0.134431 0.975444 3040.dat
1 4 108.6064 -294.3105 229.711 -0.984589 -0.036021 -0.171139 -0.01213 0.990268 -0.138643 0.174467 -0.134431 -0.975444 2357.dat
1 4 10.1475 -295.5235 247.1577 -0.171139 -0.036021 0.984589 -0.138643 0.990268 0.01213 -0.975444 -0.134431 -0.174467 2357.dat
1 4 100.0495 -301.2427 180.9388 -0.171139 -0.036021 0.984589 -0.138643 0.990268 0.01213 -0.975444 -0.134431 -0.174467 3700.dat
1 4 1.5906 -302.4557 198.3855 -0.171139 -0.036021 0.984589 -0.138643 0.990268 0.01213 -0.975444 -0.134431 -0.174467 3700.dat
1 0 47.4321 -295.6794 170.9715 -0.984589 0.168209 -0.047871 -0.01213 0.207384 0.978184 0.174467 0.96369 -0.202147 2426.dat
1 0 -1.7234 -292.5894 197.5646 -0.984589 0.168209 -0.047871 -0.01213 0.207384 0.978184 0.174467 0.96369 -0.202147 3705.dat
1 256 -25.3535 -292.8805 201.7518 0.047871 0.168209 -0.984589 -0.978184 0.207384 -0.01213 0.202147 0.96369 0.174467 4288.dat
1 4 59.2293 -288.9137 238.0185 -0.168209 0.047871 -0.984589 -0.207384 -0.978184 -0.01213 -0.96369 0.202147 0.174467 2428.dat
1 0 91.8593 -263.2054 423.9496 -0.984589 0.047871 0.168209 -0.01213 -0.978184 0.207384 0.174467 0.202147 0.96369 3665.dat
1 4 27.5981 -371.4742 53.7707 -0.984589 -0.168209 0.047871 -0.01213 -0.207384 -0.978184 0.174467 -0.96369 0.202147 2422.dat
1 0 26.7311 -382.9151 48.0826 -0.984589 -0.168209 0.047871 -0.01213 -0.207384 -0.978184 0.174467 -0.96369 0.202147 3839.dat
1 0 25.295 -353.5696 42.0182 -0.047871 -0.168209 -0.984589 0.978184 -0.207384 -0.01213 -0.202147 -0.96369 0.174467 2444.dat
1 0 24.9067 -374.7924 38.3516 -0.047871 -0.168209 -0.984589 0.978184 -0.207384 -0.01213 -0.202147 -0.96369 0.174467 4032.dat
1 42 23.5611 -376.4514 30.6421 -0.047871 -0.168209 -0.984589 0.978184 -0.207384 -0.01213 -0.202147 -0.96369 0.174467 4740.dat
1 7 22.6555 -336.0798 28.3383 -0.047871 -0.168209 -0.984589 0.978184 -0.207384 -0.01213 -0.202147 -0.96369 0.174467 3673.dat
1 4 20.4947 -328.3718 16.68 0.984589 0.168209 0.047871 0.01213 0.207384 -0.978184 -0.174467 0.96369 0.202147 2607.dat
1 0 20.74 -300.5834 19.9963 0.984589 0.174486 0.011852 0.01213 -0.000524 -0.999927 -0.174467 0.98466 -0.002633 2959.dat
1 4 20.3784 -270.0852 20.0762 0.984589 -0.011852 0.174486 0.01213 0.999927 -0.000524 -0.174467 0.002633 0.98466 4345.dat
1 7 20.3784 -270.0852 20.0762 0.984589 -0.011852 0.174486 0.01213 0.999927 -0.000524 -0.174467 0.002633 0.98466 4346.dat
1 42 26.9536 -238.018 25.0216 0.984589 -0.011852 0.174486 0.01213 0.999927 -0.000524 -0.174467 0.002633 0.98466 6141.dat
1 42 12.3468 -238.1551 11.3606 0.984589 -0.011852 0.174486 0.01213 0.999927 -0.000524 -0.174467 0.002633 0.98466 6141.dat
1 0 20.4732 -278.0847 20.0551 0.984589 -0.011852 0.174486 0.01213 0.999927 -0.000524 -0.174467 0.002633 0.98466 2609.dat
1 0 20.5503 -284.5842 20.038 0.984589 0.174486 0.011852 0.01213 -0.000524 -0.999927 -0.174467 0.98466 -0.002633 2959.dat
1 4 102.6254 -323.6227 193.9196 0.984589 -0.036021 0.171139 0.01213 0.990268 0.138643 -0.174467 -0.134431 0.975444 4286.dat
1 4 4.1665 -324.8357 211.3663 0.984589 -0.036021 0.171139 0.01213 0.990268 0.138643 -0.174467 -0.134431 0.975444 4286.dat
1 4 99.625 -318.1983 234.682 -0.984589 -0.036021 -0.171139 -0.01213 0.990268 -0.138643 0.174467 -0.134431 -0.975444 3660.dat
1 4 20.8579 -319.1686 248.6394 -0.984589 -0.036021 -0.171139 -0.01213 0.990268 -0.138643 0.174467 -0.134431 -0.975444 3660.dat
1 4 7.5893 -322.0628 230.8752 -0.984589 -0.036021 -0.171139 -0.01213 0.990268 -0.138643 0.174467 -0.134431 -0.975444 3005.dat
1 4 106.0481 -320.8499 213.4285 -0.984589 -0.036021 -0.171139 -0.01213 0.990268 -0.138643 0.174467 -0.134431 -0.975444 3005.dat
1 0 91.7787 -324.8553 247.2566 -0.171139 -0.036021 0.984589 -0.138643 0.990268 0.01213 -0.975444 -0.134431 -0.174467 3023.dat
1 0 32.7034 -325.5831 257.7246 -0.171139 -0.036021 0.984589 -0.138643 0.990268 0.01213 -0.975444 -0.134431 -0.174467 3023.dat
1 0 111.4705 -324.6127 243.7672 0.171139 -0.036021 -0.984589 0.138643 0.990268 -0.01213 0.975444 -0.134431 0.174467 4276.dat
1 0 13.0116 -325.8257 261.2139 0.171139 -0.036021 -0.984589 0.138643 0.990268 -0.01213 0.975444 -0.134431 0.174467 4276.dat
1 4 119.7696 -325.3815 290.5492 0.984589 0.032213 0.171896 0.01213 0.967945 -0.250869 -0.174467 0.249088 0.952637 2452.dat
1 0 119.5119 -333.125 288.5565 -0.984589 0.032213 -0.171896 -0.01213 0.967945 0.250869 0.174467 0.249088 -0.952637 3839.dat
1 42 147.711 -330.5142 298.8518 -0.984589 0.171896 0.032213 -0.01213 -0.250869 0.967945 0.174467 0.952637 0.249088 4589.dat
1 42 96.5124 -331.1449 307.9241 -0.984589 0.171896 0.032213 -0.01213 -0.250869 0.967945 0.174467 0.952637 0.249088 4589.dat
1 4 21.3107 -326.5945 307.9959 0.984589 0.032213 0.171896 0.01213 0.967945 -0.250869 -0.174467 0.249088 0.952637 2452.dat
1 0 21.053 -334.338 306.0032 -0.984589 0.032213 -0.171896 -0.01213 0.967945 0.250869 0.174467 0.249088 -0.952637 3839.dat
1 42 49.2522 -331.7271 316.2985 -0.984589 0.171896 0.032213 -0.01213 -0.250869 0.967945 0.174467 0.952637 0.249088 4589.dat
1 42 -1.9464 -332.3579 325.3708 -0.984589 0.171896 0.032213 -0.01213 -0.250869 0.967945 0.174467 0.952637 0.249088 4589.dat
1 0 55.3955 -330.7649 213.4728 -0.984589 -0.036021 -0.171139 -0.01213 0.990268 -0.138643 0.174467 -0.134431 -0.975444 3795.dat
1 0 53.3959 -324.2292 202.6429 -0.984589 -0.036021 -0.171139 -0.01213 0.990268 -0.138643 0.174467 -0.134431 -0.975444 3023.dat
1 4 103.6241 -331.2697 256.3418 -0.984589 -0.036021 -0.171139 -0.01213 0.990268 -0.138643 0.174467 -0.134431 -0.975444 2412.dat
1 4 24.857 -332.2401 270.2992 -0.984589 -0.036021 -0.171139 -0.01213 0.990268 -0.138643 0.174467 -0.134431 -0.975444 2412.dat
1 0 55.6837 -338.687 214.5483 -0.984589 -0.036021 -0.171139 -0.01213 0.990268 -0.138643 0.174467 -0.134431 -0.975444 3022.dat
1 0 106.6245 -336.6941 215.5793 0.984589 -0.036021 0.171139 0.01213 0.990268 0.138643 -0.174467 -0.134431 0.975444 2450.dat
1 0 8.1656 -337.9071 233.0261 -0.171139 -0.036021 0.984589 -0.138643 0.990268 0.01213 -0.975444 -0.134431 -0.174467 2450.dat
1 0 55.9718 -346.6092 215.6237 -0.171139 -0.036021 0.984589 -0.138643 0.990268 0.01213 -0.975444 -0.134431 -0.174467 3680.dat
1 7 55.9718 -346.6092 215.6237 0.999154 -0.036021 -0.019874 0.038361 0.990268 0.133782 0.014862 -0.134431 0.990812 3679.dat
1 0 56.0612 -353.1935 226.6073 0.999154 -0.036021 -0.019874 0.038361 0.990268 0.133782 0.014862 -0.134431 0.990812 3794.dat
1 0 56.4587 -355.8692 206.7911 0.999154 -0.036021 -0.019874 0.038361 0.990268 0.133782 0.014862 -0.134431 0.990812 2452.dat
1 0 56.7469 -363.7913 207.8665 0.999154 -0.036021 -0.019874 0.038361 0.990268 0.133782 0.014862 -0.134431 0.990812 3794.dat
1 0 57.035 -371.7134 208.942 -0.999154 -0.036021 0.019874 -0.038361 0.990268 -0.133782 -0.014862 -0.134431 -0.990812 4085.dat
1 42 56.3494 -361.1157 227.6827 -0.999154 -0.036021 0.019874 -0.038361 0.990268 -0.133782 -0.014862 -0.134431 -0.990812 2569.dat
1 4 57.3537 -378.4843 204.9938 -0.025673 0.032146 -0.999154 0.863693 -0.502557 -0.038361 -0.503365 -0.863947 -0.014862 4531.dat
1 4 57.8681 -386.5252 191.1707 -0.025673 0.032146 -0.999154 0.863693 -0.502557 -0.038361 -0.503365 -0.863947 -0.014862 3938.dat
1 0 61.1694 -396.291 174.2457 0.954224 -0.297988 0.025673 0.171268 0.474027 -0.863693 0.245201 0.828553 0.503365 2440.dat
1 0 84.6675 -150.5 101.547 -0.94303 0.209065 -0.258819 0.21644 0.976296 0 0.252684 -0.056019 -0.965926 3795.dat
1 0 67.4794 -138.3608 106.1526 0.258819 0.209065 -0.94303 0 0.976296 0.21644 0.965926 -0.056019 0.252684 4600.dat
1 15 60.7602 -133.4794 76.8947 0.94303 0.209065 0.258819 -0.21644 0.976296 0 -0.252684 -0.056019 0.965926 4624.dat
1 256 60.7602 -133.4794 76.8947 0.94303 0.209065 0.258819 -0.21644 0.976296 0 -0.252684 -0.056019 0.965926 3641.dat
1 15 76.2893 -133.4794 134.8502 -0.94303 0.209065 -0.258819 0.21644 0.976296 0 0.252684 -0.056019 -0.965926 4624.dat
1 256 76.2893 -133.4794 134.8502 -0.94303 0.209065 -0.258819 0.21644 0.976296 0 0.252684 -0.056019 -0.965926 3641.dat
1 0 124.0612 -151.3472 90.9915 0.258819 0.209065 -0.94303 0 0.976296 0.21644 0.965926 -0.056019 0.252684 4600.dat
1 15 117.342 -146.4658 61.7336 0.94303 0.209065 0.258819 -0.21644 0.976296 0 -0.252684 -0.056019 0.965926 4624.dat
1 256 117.342 -146.4658 61.7336 0.94303 0.209065 0.258819 -0.21644 0.976296 0 -0.252684 -0.056019 0.965926 3641.dat
1 15 132.8711 -146.4658 119.6892 -0.94303 0.209065 -0.258819 0.21644 0.976296 0 0.252684 -0.056019 -0.965926 4624.dat
1 256 132.8711 -146.4658 119.6892 -0.94303 0.209065 -0.258819 0.21644 0.976296 0 0.252684 -0.056019 -0.965926 3641.dat
1 4 120.7162 -166.968 91.8878 -0.94303 0.209065 -0.258819 0.21644 0.976296 0 0.252684 -0.056019 -0.965926 3022.dat
1 0 95.0135 -160.4748 109.1276 -0.94303 0.209065 -0.258819 0.21644 0.976296 0 0.252684 -0.056019 -0.965926 4081.dat
1 0 89.8371 -160.4748 89.8091 0.94303 0.209065 0.258819 -0.21644 0.976296 0 -0.252684 -0.056019 0.965926 4081.dat
1 15 35.8435 -147.4884 114.6294 0.258819 0.209065 -0.94303 0 0.976296 0.21644 0.965926 -0.056019 0.252684 3069.dat
1 4 90.7528 -168.2851 99.9165 0.258819 0.209065 -0.94303 0 0.976296 0.21644 0.965926 -0.056019 0.252684 2412.dat
1 0 119.0437 -174.7783 92.336 0.258819 0.209065 -0.94303 0 0.976296 0.21644 0.965926 -0.056019 0.252684 2460.dat
1 42 96.3952 -161.1195 67.3463 0.258819 -0.94303 -0.209065 0 0.21644 -0.976296 0.965926 0.252684 0.056019 6141.dat
1 42 111.9243 -161.1195 125.3019 0.258819 -0.94303 -0.209065 0 0.21644 -0.976296 0.965926 0.252684 0.056019 6141.dat
1 4 126.3833 -186.7057 90.3693 -0.258819 -0.94303 0.209065 0 0.21644 0.976296 -0.965926 0.252684 -0.056019 2607.dat
1 0 112.3558 -210.6296 94.128 -0.258819 -0.94303 0.209065 0 0.21644 0.976296 -0.965926 0.252684 -0.056019 2959.dat
