0 Main
0 Name: 42006-1 - Excavator.mpd
0 Author: LTRON
1 0 0 0 0 0 0 -1 -1 0 0 0 1 0 32278.dat
1 1 -140 0 -20 0 0 1 0 1 0 -1 0 0 6558.dat
1 1 -80 0 -20 0 0 1 0 1 0 -1 0 0 6558.dat
1 1 140 0 -20 0 0 1 0 1 0 -1 0 0 6558.dat
1 1 80 0 -20 0 0 1 0 1 0 -1 0 0 6558.dat
1 71 -120 0 -20 0 0 -1 -1 0 0 0 1 0 32524.dat
1 71 120 0 -20 0 0 -1 -1 0 0 0 1 0 32524.dat
1 71 160 0 -40 0 0 -1 -1 0 0 0 1 0 32526.dat
1 71 -160 0 -40 0 0 1 -1 0 0 0 -1 0 32526.dat
1 71 -180 0 -120 0 0 -1 0 1 0 1 0 0 60485.dat
1 71 -180 0 -120 0 1 0 0 0 1 1 0 0 6553.dat
1 71 -180 0 -20 0 0 -1 0 1 0 1 0 0 32054.dat
1 71 -180 0 -220 0 0 1 0 1 0 -1 0 0 32054.dat
1 71 180 0 -220 0 0 1 0 1 0 -1 0 0 32054.dat
1 71 180 0 -120 0 0 1 0 1 0 -1 0 0 60485.dat
1 71 180 0 -120 0 -1 0 0 0 1 -1 0 0 6553.dat
1 71 180 0 -20 0 0 -1 0 1 0 1 0 0 32054.dat
1 71 130 -20 -120 0 -1 0 -1 0 0 0 0 -1 32316.dat
1 71 140 -20 -120 1 0 0 0 1 0 0 0 1 3673.dat
1 71 140 -20 -80 1 0 0 0 1 0 0 0 1 3673.dat
1 71 140 -20 -160 1 0 0 0 1 0 0 0 1 3673.dat
1 0 150 0 -120 0 -1 0 0 0 -1 1 0 0 60483.dat
1 71 150 -20 -80 0 0 -1 0 1 0 1 0 0 42610.dat
1 71 150 -20 -160 0 0 -1 0 1 0 1 0 0 42610.dat
1 0 -150 0 -120 0 1 0 0 0 -1 -1 0 0 60483.dat
1 71 -130 -20 -120 0 1 0 -1 0 0 0 0 1 32316.dat
1 71 -140 -20 -120 -1 0 0 0 1 0 0 0 -1 3673.dat
1 71 -140 -20 -160 -1 0 0 0 1 0 0 0 -1 3673.dat
1 71 -140 -20 -80 -1 0 0 0 1 0 0 0 -1 3673.dat
1 71 -150 -20 -160 0 0 1 0 1 0 -1 0 0 42610.dat
1 71 -150 -20 -80 0 0 1 0 1 0 -1 0 0 42610.dat
1 72 0 -40 -60 0 0 -1 -1 0 0 0 1 0 40490.dat
1 71 -80 -40 -60 0 0 -1 0 1 0 1 0 0 32054.dat
1 71 80 -40 -60 0 0 -1 0 1 0 1 0 0 32054.dat
1 71 80 -40 -120 0 0 -1 0 1 0 1 0 0 32073.dat
1 71 -80 -40 -120 0 0 -1 0 1 0 1 0 0 32073.dat
1 71 80 -40 -180 0 0 1 0 1 0 -1 0 0 32054.dat
1 71 -80 -40 -180 0 0 1 0 1 0 -1 0 0 32054.dat
1 72 0 -40 -180 0 0 -1 -1 0 0 0 1 0 40490.dat
1 1 -20 -40 -60 0 0 1 0 1 0 -1 0 0 6558.dat
1 1 20 -40 -60 0 0 1 0 1 0 -1 0 0 6558.dat
1 71 -20 -40 -180 0 0 -1 0 1 0 1 0 0 32054.dat
1 71 20 -40 -180 0 0 -1 0 1 0 1 0 0 32054.dat
1 0 0 0 -240 0 0 1 -1 0 0 0 -1 0 32278.dat
1 1 140 0 -220 0 0 -1 0 1 0 1 0 0 6558.dat
1 1 80 0 -220 0 0 -1 0 1 0 1 0 0 6558.dat
1 1 -80 0 -220 0 0 -1 0 1 0 1 0 0 6558.dat
1 1 -140 0 -220 0 0 -1 0 1 0 1 0 0 6558.dat
1 71 -120 0 -220 0 0 1 -1 0 0 0 -1 0 32524.dat
1 71 120 0 -220 0 0 1 -1 0 0 0 -1 0 32524.dat
1 71 -160 0 -200 0 0 1 -1 0 0 0 -1 0 32526.dat
1 71 160 0 -200 0 0 -1 -1 0 0 0 1 0 32526.dat
1 0 -180 0 -240 -1 0 0 0 1 0 0 0 -1 92907.dat
1 4 -180 20 -240 -1 0 0 0 1 0 0 0 -1 32062.dat
1 0 180 0 -240 -1 0 0 0 1 0 0 0 -1 92907.dat
1 4 180 20 -240 -1 0 0 0 1 0 0 0 -1 32062.dat
1 0 180 0 0 1 0 0 0 1 0 0 0 1 92907.dat
1 4 180 20 0 1 0 0 0 1 0 0 0 1 32062.dat
1 0 -180 0 0 1 0 0 0 1 0 0 0 1 92907.dat
1 4 -180 20 0 1 0 0 0 1 0 0 0 1 32062.dat
1 72 -160 20 -120 0 1 0 -1 0 0 0 0 1 40490.dat
1 0 -170 20 -40 1 0 0 0 1 0 0 0 1 2780.dat
1 0 -150 20 -60 1 0 0 0 1 0 0 0 1 2780.dat
1 0 -170 20 -100 1 0 0 0 1 0 0 0 1 2780.dat
1 0 -170 20 -140 1 0 0 0 1 0 0 0 1 2780.dat
1 0 -150 20 -180 1 0 0 0 1 0 0 0 1 2780.dat
1 0 -170 20 -200 1 0 0 0 1 0 0 0 1 2780.dat
1 72 -180 20 -20 0 1 0 -1 0 0 0 0 1 40490.dat
1 72 -180 20 -220 0 1 0 -1 0 0 0 0 1 40490.dat
1 72 -140 20 -120 0 1 0 -1 0 0 0 0 1 40490.dat
1 72 -150 20 -300 -1 0 0 0 1 0 0 0 -1 87083.dat
1 71 -165 20 -300 0 0 1 0 1 0 -1 0 0 32123.dat
1 72 -150 20 60 -1 0 0 0 1 0 0 0 -1 87083.dat
1 71 -165 20 60 0 0 1 0 1 0 -1 0 0 32123.dat
1 0 -150 20 60 0 0 1 0 1 0 -1 0 0 57519.dat
1 71 -134 20 60 0 0 1 0 1 0 -1 0 0 32123.dat
1 0 -150 20 -300 0 0 1 0 1 0 -1 0 0 57519.dat
1 71 -134 20 -300 0 0 1 0 1 0 -1 0 0 32123.dat
1 0 -130 20 -140 1 0 0 0 1 0 0 0 1 2780.dat
1 0 -130 20 -100 1 0 0 0 1 0 0 0 1 2780.dat
1 1 -120 20 -40 1 0 0 0 1 0 0 0 1 6558.dat
1 1 -120 20 -200 1 0 0 0 1 0 0 0 1 6558.dat
1 72 -120 20 -20 0 1 0 -1 0 0 0 0 1 40490.dat
1 72 -120 20 -220 0 1 0 -1 0 0 0 0 1 40490.dat
1 0 -110 20 -260 1 0 0 0 1 0 0 0 1 2780.dat
1 0 -110 20 20 1 0 0 0 1 0 0 0 1 2780.dat
1 0 -100 20 -40 0 1 0 -1 0 0 0 0 1 11455.dat
1 0 -100 20 -200 0 -1 0 -1 0 0 0 0 -1 11455.dat
1 71 -100 0 20 0 0 1 0 1 0 -1 0 0 32054.dat
1 71 -100 0 -260 0 0 -1 0 1 0 1 0 0 32054.dat
1 71 100 0 20 0 0 1 0 1 0 -1 0 0 32054.dat
1 0 100 20 -40 0 1 0 -1 0 0 0 0 1 11455.dat
1 72 140 20 -120 0 -1 0 -1 0 0 0 0 -1 40490.dat
1 0 150 20 -60 -1 0 0 0 1 0 0 0 -1 2780.dat
1 0 130 20 -140 -1 0 0 0 1 0 0 0 -1 2780.dat
1 1 120 20 -200 -1 0 0 0 1 0 0 0 -1 6558.dat
1 1 120 20 -40 -1 0 0 0 1 0 0 0 -1 6558.dat
1 72 120 20 -20 0 -1 0 -1 0 0 0 0 -1 40490.dat
1 0 130 20 -100 -1 0 0 0 1 0 0 0 -1 2780.dat
1 0 110 20 20 -1 0 0 0 1 0 0 0 -1 2780.dat
1 0 170 20 -100 -1 0 0 0 1 0 0 0 -1 2780.dat
1 0 150 20 -180 -1 0 0 0 1 0 0 0 -1 2780.dat
1 0 170 20 -140 -1 0 0 0 1 0 0 0 -1 2780.dat
1 0 170 20 -200 -1 0 0 0 1 0 0 0 -1 2780.dat
1 0 170 20 -40 -1 0 0 0 1 0 0 0 -1 2780.dat
1 72 160 20 -120 0 -1 0 -1 0 0 0 0 -1 40490.dat
1 72 120 20 -220 0 -1 0 -1 0 0 0 0 -1 40490.dat
1 0 110 20 -260 -1 0 0 0 1 0 0 0 -1 2780.dat
1 0 100 20 -200 0 -1 0 -1 0 0 0 0 -1 11455.dat
1 72 150 20 60 1 0 0 0 1 0 0 0 1 87083.dat
1 71 165 20 60 0 0 -1 0 1 0 1 0 0 32123.dat
1 0 150 20 60 0 0 -1 0 1 0 1 0 0 57519.dat
1 71 134 20 60 0 0 -1 0 1 0 1 0 0 32123.dat
1 72 180 20 -20 0 -1 0 -1 0 0 0 0 -1 40490.dat
1 72 180 20 -220 0 -1 0 -1 0 0 0 0 -1 40490.dat
1 72 150 20 -300 1 0 0 0 1 0 0 0 1 87083.dat
1 71 165 20 -300 0 0 -1 0 1 0 1 0 0 32123.dat
1 0 150 20 -300 0 0 -1 0 1 0 1 0 0 57519.dat
1 71 134 20 -300 0 0 -1 0 1 0 1 0 0 32123.dat
1 71 100 0 -260 0 0 -1 0 1 0 1 0 0 32054.dat
1 72 150 68 -300 1 0 0 0 -1 0 0 0 -1 57518.dat
1 72 150 68 -270 1 0 0 0 -1 0 0 0 -1 57518.dat
1 72 150 68 -240 1 0 0 0 -1 0 0 0 -1 57518.dat
1 72 150 68 -210 1 0 0 0 -1 0 0 0 -1 57518.dat
1 72 150 68 -180 1 0 0 0 -1 0 0 0 -1 57518.dat
1 72 150 68 -150 1 0 0 0 -1 0 0 0 -1 57518.dat
1 72 150 68 -120 1 0 0 0 -1 0 0 0 -1 57518.dat
1 72 150 68 -90 1 0 0 0 -1 0 0 0 -1 57518.dat
1 72 150 68 -60 1 0 0 0 -1 0 0 0 -1 57518.dat
1 72 150 68 -30 1 0 0 0 -1 0 0 0 -1 57518.dat
1 72 150 68 0 1 0 0 0 -1 0 0 0 -1 57518.dat
1 72 150 68 30 1 0 0 0 -1 0 0 0 -1 57518.dat
1 72 150 68 60 1 0 0 0 -0.951056 0.309017 0 -0.309017 -0.951056 57518.dat
1 72 150 58.7295 88.5317 1 0 0 0 -0.601815 0.798635 0 -0.798635 -0.601815 57518.dat
1 72 150 34.7704 106.586 1 0 0 0 0.017452 1 0 -1 0.017452 57518.dat
1 72 150 4.7705 106.062 1 0 0 0 0.601815 0.798636 0 -0.798636 0.601815 57518.dat
1 72 150 -19.1886 88.0081 1 0 0 0 0.961262 0.275638 0 -0.275638 0.961262 57518.dat
1 72 150 -27.4578 59.1703 1 0 0 0 0.99863 0.052336 0 -0.052336 0.99863 57518.dat
1 72 150 -29.0279 29.2114 1 0 0 0 0.99863 0.052336 0 -0.052336 0.99863 57518.dat
1 72 150 -30.5934 -0.7476 1 0 0 0 0.99863 0.052336 0 -0.052336 0.99863 57518.dat
1 72 150 -32.1635 -30.7064 1 0 0 0 0.99863 0.052336 0 -0.052336 0.99863 57518.dat
1 72 150 -33.7336 -60.6653 1 0 0 0 0.99863 0.052336 0 -0.052336 0.99863 57518.dat
1 72 150 -35.3037 -90.6242 1 0 0 0 1 0 0 0 1 57518.dat
1 72 150 -35.3037 -120.624 1 0 0 0 1 0 0 0 1 57518.dat
1 72 150 -35.3037 -150.624 1 0 0 0 0.998629 -0.052336 0 0.052336 0.998629 57518.dat
1 72 150 -33.7336 -180.583 1 0 0 0 0.998629 -0.052336 0 0.052336 0.998629 57518.dat
1 72 150 -32.1636 -210.542 1 0 0 0 0.998629 -0.052336 0 0.052336 0.998629 57518.dat
1 72 150 -30.5935 -240.501 1 0 0 0 0.998629 -0.052336 0 0.052336 0.998629 57518.dat
1 72 150 -29.0234 -270.46 1 0 0 0 0.998629 -0.052336 0 0.052336 0.998629 57518.dat
1 72 150 -27.4533 -300.419 1 0 0 0 0.956305 -0.292372 0 0.292372 0.956305 57518.dat
1 72 150 -18.6821 -329.108 1 0 0 0 0.544639 -0.83867 0 0.83867 0.544639 57518.dat
1 72 150 6.478 -345.447 1 0 0 0 0.017452 -1 0 1 0.017452 57518.dat
1 72 150 36.478 -345.971 1 0 0 0 -0.642787 -0.766045 0 0.766045 -0.642787 57518.dat
1 72 150 59.4594 -326.687 1 0 0 0 -0.956305 -0.292372 0 0.292372 -0.956305 57518.dat
1 72 -150 68 -300 1 0 0 0 -1 0 0 0 -1 57518.dat
1 72 -150 68 -270 1 0 0 0 -1 0 0 0 -1 57518.dat
1 72 -150 68 -240 1 0 0 0 -1 0 0 0 -1 57518.dat
1 72 -150 68 -210 1 0 0 0 -1 0 0 0 -1 57518.dat
1 72 -150 68 -180 1 0 0 0 -1 0 0 0 -1 57518.dat
1 72 -150 68 -150 1 0 0 0 -1 0 0 0 -1 57518.dat
1 72 -150 68 -120 1 0 0 0 -1 0 0 0 -1 57518.dat
1 72 -150 68 -90 1 0 0 0 -1 0 0 0 -1 57518.dat
1 72 -150 68 -60 1 0 0 0 -1 0 0 0 -1 57518.dat
1 72 -150 68 -30 1 0 0 0 -1 0 0 0 -1 57518.dat
1 72 -150 68 0 1 0 0 0 -1 0 0 0 -1 57518.dat
1 72 -150 68 30 1 0 0 0 -1 0 0 0 -1 57518.dat
1 72 -150 68 60 1 0 0 0 -0.951056 0.309017 0 -0.309017 -0.951056 57518.dat
1 72 -150 58.7295 88.5317 1 0 0 0 -0.601815 0.798635 0 -0.798635 -0.601815 57518.dat
1 72 -150 34.7704 106.586 1 0 0 0 0.017452 1 0 -1 0.017452 57518.dat
1 72 -150 4.7705 106.062 1 0 0 0 0.601815 0.798636 0 -0.798636 0.601815 57518.dat
1 72 -150 -19.1886 88.0081 1 0 0 0 0.961262 0.275638 0 -0.275638 0.961262 57518.dat
1 72 -150 -27.4578 59.1703 1 0 0 0 0.99863 0.052336 0 -0.052336 0.99863 57518.dat
1 72 -150 -29.0279 29.2114 1 0 0 0 0.99863 0.052336 0 -0.052336 0.99863 57518.dat
1 72 -150 -30.5934 -0.7476 1 0 0 0 0.99863 0.052336 0 -0.052336 0.99863 57518.dat
1 72 -150 -32.1635 -30.7064 1 0 0 0 0.99863 0.052336 0 -0.052336 0.99863 57518.dat
1 72 -150 -33.7336 -60.6653 1 0 0 0 0.99863 0.052336 0 -0.052336 0.99863 57518.dat
1 72 -150 -35.3037 -90.6242 1 0 0 0 1 0 0 0 1 57518.dat
1 72 -150 -35.3037 -120.624 1 0 0 0 1 0 0 0 1 57518.dat
1 72 -150 -35.3037 -150.624 1 0 0 0 0.998629 -0.052336 0 0.052336 0.998629 57518.dat
1 72 -150 -33.7336 -180.583 1 0 0 0 0.998629 -0.052336 0 0.052336 0.998629 57518.dat
1 72 -150 -32.1636 -210.542 1 0 0 0 0.998629 -0.052336 0 0.052336 0.998629 57518.dat
1 72 -150 -30.5935 -240.501 1 0 0 0 0.998629 -0.052336 0 0.052336 0.998629 57518.dat
1 72 -150 -29.0234 -270.46 1 0 0 0 0.998629 -0.052336 0 0.052336 0.998629 57518.dat
1 72 -150 -27.4533 -300.419 1 0 0 0 0.956305 -0.292372 0 0.292372 0.956305 57518.dat
1 72 -150 -18.6821 -329.108 1 0 0 0 0.544639 -0.83867 0 0.83867 0.544639 57518.dat
1 72 -150 6.478 -345.447 1 0 0 0 0.017452 -1 0 1 0.017452 57518.dat
1 72 -150 36.478 -345.971 1 0 0 0 -0.642787 -0.766045 0 0.766045 -0.642787 57518.dat
1 72 -150 59.4594 -326.687 1 0 0 0 -0.956305 -0.292372 0 0.292372 -0.956305 57518.dat
1 71 0 -80 -120 1 0 0 0 1 0 0 0 1 64179.dat
1 0 50 -80 -160 1 0 0 0 1 0 0 0 1 2780.dat
1 0 -50 -80 -160 1 0 0 0 1 0 0 0 1 2780.dat
1 1 40 -100 -180 0 0 -1 -1 0 0 0 1 0 6558.dat
1 1 -40 -100 -180 0 0 -1 -1 0 0 0 1 0 6558.dat
1 1 -40 -100 -60 0 0 -1 -1 0 0 0 1 0 6558.dat
1 1 40 -100 -60 0 0 -1 -1 0 0 0 1 0 6558.dat
1 14 40 -100 -120 1 0 0 0 1 0 0 0 1 40490.dat
1 14 -40 -100 -120 1 0 0 0 1 0 0 0 1 40490.dat
1 71 0 -120 -120 1 0 0 0 1 0 0 0 1 64178.dat
1 0 50 -120 -160 1 0 0 0 1 0 0 0 1 2780.dat
1 0 50 -120 -80 1 0 0 0 1 0 0 0 1 2780.dat
1 0 -50 -120 -80 1 0 0 0 1 0 0 0 1 2780.dat
1 0 -50 -120 -160 1 0 0 0 1 0 0 0 1 2780.dat
1 0 -50 -120 -20 1 0 0 0 1 0 0 0 1 2780.dat
1 1 60 -120 -20 1 0 0 0 1 0 0 0 1 6558.dat
1 0 60 -100 -160 0 -1 0 0 0 -1 1 0 0 32523.dat
1 0 -60 -100 -160 0 -1 0 0 0 -1 1 0 0 32523.dat
1 71 0 -120 -120 0 0 -1 0 1 0 1 0 0 60485.dat
1 72 0 -120 -30 -1 0 0 0 1 0 0 0 -1 59443.dat
1 19 0 -120 -193 -1 0 0 0 1 0 0 0 -1 6589.dat
1 71 40 -140 -100 -1 0 0 0 1 0 0 0 -1 55615.dat
1 71 -40 -140 -100 -1 0 0 0 1 0 0 0 -1 55615.dat
1 0 50 -180 -100 1 0 0 0 1 0 0 0 1 2780.dat
1 0 50 -140 -100 1 0 0 0 1 0 0 0 1 2780.dat
1 71 40 -180 -80 1 0 0 0 1 0 0 0 1 48989.dat
1 71 -40 -180 -80 1 0 0 0 1 0 0 0 1 48989.dat
1 14 0 -200 -100 0 0 -1 -1 0 0 0 1 0 32316.dat
1 14 60 -120 -60 0 1 0 -1 0 0 0 0 1 32316.dat
1 14 60 -160 -100 0 1 0 0 0 1 1 0 0 32523.dat
1 1 80 -120 -40 1 0 0 0 1 0 0 0 1 6558.dat
1 0 70 -120 -60 1 0 0 0 1 0 0 0 1 2780.dat
1 14 -59 -140 50 1 0 0 0 1 0 0 0 1 32278.dat
1 0 -59 -160 -80 0 0 1 -1 0 0 0 -1 0 32138.dat
1 1 -50 -160 -80 -1 0 0 0 1 0 0 0 -1 43093.dat
1 14 20 -160 -60 0 0 1 1 0 0 0 1 0 32524.dat
1 72 60 -160 -33 0 0 -1 0 1 0 1 0 0 32209.dat
1 0 60 -160 -40 -1 0 0 0 1 0 0 0 -1 32270.dat
1 71 -39 -160 0 0 -1 0 0 0 -1 1 0 0 98989.dat
1 0 -39 -160 -10 0 0 -1 0 1 0 1 0 0 2780.dat
1 1 1 -160 -10 0 0 -1 0 1 0 1 0 0 43093.dat
1 1 -59 -160 -10 0 -1 0 1 0 0 0 0 1 6558.dat
1 1 -59 -160 10 0 -1 0 1 0 0 0 0 1 6558.dat
1 14 41 -160 -20 0 0 1 1 0 0 0 1 0 40490.dat
1 72 -19 -160 -27 0 0 1 0 1 0 -1 0 0 32209.dat
1 0 -19 -160 -40 1 0 0 0 1 0 0 0 1 32270.dat
1 19 -19 -160 30 1 0 0 0 1 0 0 0 1 6538.dat
1 71 -19 -160 80 0 0 -1 0 1 0 1 0 0 32073.dat
1 72 21 -160 -17 0 0 1 0 1 0 -1 0 0 32209.dat
1 71 21 -160 0 1 0 0 0 1 0 0 0 1 6590.dat
1 19 21 -160 -40 1 0 0 0 1 0 0 0 1 32269.dat
1 72 -59 -170 30 0 -1 0 1 0 0 0 0 1 87083.dat
1 72 -59 -170 130 0 -1 0 1 0 0 0 0 1 87083.dat
1 14 -60 -120 40 0 1 0 -1 0 0 0 0 1 32278.dat
1 0 -70 -120 -100 -1 0 0 0 -1 0 0 0 1 2780.dat
1 71 -80 -120 160 0 0 1 1 0 0 0 1 0 48989.dat
1 4 -19 -160 30 1 0 0 0 1 0 0 0 1 6539.dat
1 72 -19 -160 60 -1 0 0 0 1 0 0 0 -1 6542.dat
1 14 -40 -200 80 0 -1 0 0 0 1 -1 0 0 32526.dat
1 71 -40 -120 80 -1 0 0 0 1 0 0 0 -1 32054.dat
1 71 -40 -120 40 -1 0 0 0 1 0 0 0 -1 32054.dat
1 71 -20 -200 80 0 -1 0 0 0 1 -1 0 0 55615.dat
1 72 -20 -200 32 0 0 -1 0 1 0 1 0 0 55013.dat
1 71 -20 -200 100 -1 0 0 0 1 0 0 0 -1 94925.dat
1 72 -20 -200 60 1 0 0 0 1 0 0 0 1 6542.dat
1 19 20 -200 50 0 0 1 0 1 0 -1 0 0 99008.dat
1 71 20 -200 60 -1 0 0 0 1 0 0 0 -1 94925.dat
1 14 0 -200 40 0 0 1 -1 0 0 0 -1 0 32523.dat
1 71 -20 -200 20 1 0 0 0 1 0 0 0 1 6590.dat
1 71 -20 -200 0 1 0 0 0 1 0 0 0 1 6590.dat
1 71 -20 -200 -20 1 0 0 0 1 0 0 0 1 6590.dat
1 72 20 -200 10 1 0 0 0 1 0 0 0 1 59443.dat
1 72 -20 -200 -50 1 0 0 0 1 0 0 0 1 59443.dat
1 0 20 -200 -30 0 0 -1 0 1 0 1 0 0 3705.dat
1 72 20 -200 -70 1 0 0 0 1 0 0 0 1 59443.dat
1 0 -20 -200 -90 0 0 -1 0 1 0 1 0 0 3705.dat
1 71 20 -200 -100 0 0 -1 0 1 0 1 0 0 4519.dat
1 71 -20 -200 -80 1 0 0 0 1 0 0 0 1 6590.dat
1 19 -20 -200 -113 -1 0 0 0 1 0 0 0 -1 6589.dat
1 19 20 -200 -113 -1 0 0 0 1 0 0 0 -1 6589.dat
1 71 0 -120 40 0 0 1 0 1 0 -1 0 0 44294.dat
1 72 0 -120 110 -1 0 0 0 1 0 0 0 -1 59443.dat
1 72 -19 -160 100 1 0 0 0 1 0 0 0 1 6542.dat
1 19 -19 -160 130 1 0 0 0 1 0 0 0 1 6538.dat
1 0 -19 -160 170 0 0 -1 0 1 0 1 0 0 3705.dat
1 72 21 -160 140 1 0 0 0 1 0 0 0 1 59443.dat
1 72 21 -160 197 0 0 -1 0 1 0 1 0 0 32209.dat
1 71 21 -160 90 0 0 -1 0 1 0 1 0 0 32073.dat
1 71 21 -160 180 -1 0 0 0 1 0 0 0 -1 6590.dat
1 72 21 -160 40 1 0 0 0 1 0 0 0 1 59443.dat
1 4 -19 -160 130 1 0 0 0 1 0 0 0 1 6539.dat
1 72 -19 -160 160 -1 0 0 0 1 0 0 0 -1 6542.dat
1 71 -39 -160 180 0 -1 0 0 0 1 -1 0 0 98989.dat
1 1 1 -160 190 0 0 1 0 1 0 -1 0 0 43093.dat
1 0 -39 -160 190 0 0 1 0 1 0 -1 0 0 2780.dat
1 1 -59 -160 190 0 0 -1 1 0 0 0 -1 0 6558.dat
1 1 -59 -160 170 0 0 -1 1 0 0 0 -1 0 6558.dat
1 14 -39 -120 140 0 0 1 -1 0 0 0 -1 0 32526.dat
1 1 -39 -120 150 0 0 -1 0 1 0 1 0 0 43093.dat
1 1 41 -160 150 0 0 -1 0 1 0 1 0 0 43093.dat
1 71 41 -160 180 0 0 -1 0 1 0 1 0 0 32054.dat
1 71 -39 -120 180 0 0 -1 0 1 0 1 0 0 32054.dat
1 71 41 -120 160 0 -1 0 0 0 -1 1 0 0 87082.dat
1 19 0 -120 150 0 0 1 0 1 0 -1 0 0 99008.dat
1 19 0 -120 160 1 0 0 0 1 0 0 0 1 32269.dat
1 14 -39 -120 180 0 0 1 -1 0 0 0 -1 0 32526.dat
1 14 41 -160 200 0 0 -1 1 0 0 0 -1 0 32526.dat
1 0 21 -160 220 1 0 0 0 1 0 0 0 1 32270.dat
1 0 21 -160 240 1 0 0 0 1 0 0 0 1 32270.dat
1 14 61 -200 180 0 -1 0 0 0 1 -1 0 0 32526.dat
1 1 61 -120 160 -1 0 0 0 1 0 0 0 -1 6558.dat
1 14 81 -120 60 0 1 0 1 0 0 0 0 -1 41239.dat
1 0 91 -120 0 1 0 0 0 1 0 0 0 1 2780.dat
1 71 101 -120 120 0 0 -1 -1 0 0 0 1 0 48989.dat
1 14 121 -120 120 0 -1 0 1 0 0 0 0 1 32523.dat
1 71 -59 -160 150 0 0 -1 1 0 0 0 -1 0 4519.dat
1 71 -59 -160 150 -1 0 0 0 0 -1 0 -1 0 6590.dat
1 71 -59 -160 110 0 0 -1 1 0 0 0 -1 0 4519.dat
1 71 -59 -160 110 -1 0 0 0 0 -1 0 -1 0 6590.dat
1 4 -79 -160 130 0 0 -1 -1 0 0 0 1 0 6641.dat
1 4 -79 -160 30 0 0 -1 -1 0 0 0 1 0 6641.dat
1 14 -59 -180 90 1 0 0 0 1 0 0 0 1 32525.dat
1 0 -59 -220 130 0 1 0 0 0 -1 -1 0 0 32014.dat
1 4 -89 -220 130 1 0 0 0 1 0 0 0 1 32062.dat
1 4 -99 -220 130 0 0 1 0 1 0 -1 0 0 6590.dat
1 0 -59 -220 30 0 1 0 0 0 -1 -1 0 0 32014.dat
1 4 -99 -220 30 0 0 1 0 1 0 -1 0 0 6590.dat
1 4 -89 -220 30 1 0 0 0 1 0 0 0 1 32062.dat
1 14 -59 -200 -220 0 1 0 1 0 0 0 0 -1 32009.dat
1 1 -59 -200 -80 1 0 0 0 1 0 0 0 1 6558.dat
1 1 -69 -200 -60 1 0 0 0 1 0 0 0 1 43093.dat
1 1 -79 -200 -100 -1 0 0 0 1 0 0 0 -1 6558.dat
1 1 -79 -200 -160 -1 0 0 0 1 0 0 0 -1 6558.dat
1 14 -79 -200 40 0 1 0 1 0 0 0 0 -1 32278.dat
1 0 -89 -200 140 -1 0 0 0 1 0 0 0 -1 2780.dat
1 71 -79 -200 180 -1 0 0 0 1 0 0 0 -1 32054.dat
1 71 -99 -200 60 0 0 1 -1 0 0 0 -1 0 48989.dat
1 14 -99 -120 180 0 1 0 0 0 -1 -1 0 0 32526.dat
1 0 -9 -200 180 -1 0 0 0 1 0 0 0 -1 3706.dat
1 71 61 -200 180 1 0 0 0 1 0 0 0 1 32054.dat
1 14 -79 -152.082 -123.891 0 1 0 -0.601815 0 0.798635 0.798635 0 0.601815 32524.dat
1 14 -159 -120 0 0 -1 0 1 0 0 0 0 1 32278.dat
1 0 -149 -120 120 1 0 0 0 1 0 0 0 1 2780.dat
1 1 -139 -120 140 1 0 0 0 1 0 0 0 1 6558.dat
1 0 -149 -120 -140 1 0 0 0 1 0 0 0 1 2780.dat
1 0 -149 -120 -100 1 0 0 0 1 0 0 0 1 2780.dat
1 0 -149 -120 -80 1 0 0 0 1 0 0 0 1 2780.dat
1 0 -149 -120 -40 1 0 0 0 1 0 0 0 1 2780.dat
1 14 -139 -120 -160 0 -1 0 1 0 0 0 0 1 32524.dat
1 14 -139 -200 -80 0 1 0 0 0 1 1 0 0 32526.dat
1 14 -139 -200 160 0 -1 0 0 0 1 -1 0 0 32526.dat
1 0 -129 -140 -80 1 0 0 0 1 0 0 0 1 2780.dat
1 0 -129 -180 -80 1 0 0 0 1 0 0 0 1 2780.dat
1 1 -119 -200 160 1 0 0 0 1 0 0 0 1 6558.dat
1 14 -109 -120 140 1 0 0 0 -1 0 0 0 -1 62462.dat
1 71 -119 -160 -80 1 0 0 0 1 0 0 0 1 48989.dat
1 14 -139 -140 -100 -1 0 0 0 1 0 0 0 -1 64683.dat
1 14 -119 -200 60 0 -1 0 1 0 0 0 0 1 32525.dat
1 1 -119 -200 -40 -1 0 0 0 1 0 0 0 -1 6558.dat
1 0 -109 -200 0 1 0 0 0 1 0 0 0 1 2780.dat
1 0 -129 -200 120 1 0 0 0 1 0 0 0 1 2780.dat
1 14 -99 -200 -80 0 -1 0 1 0 0 0 0 1 40490.dat
1 1 -119 -200 -80 -1 0 0 0 1 0 0 0 -1 6558.dat
1 0 -109 -200 -140 1 0 0 0 1 0 0 0 1 2780.dat
1 14 -119 -200 -220 0 1 0 1 0 0 0 0 -1 32009.dat
1 28 -119 -120 -220 -1 0 0 0 1 0 0 0 -1 6587.dat
1 72 -89 -120 -220 0 0 1 0 1 0 -1 0 0 59443.dat
1 14 -159 -140 40 -1 0 0 0 1 0 0 0 -1 32525.dat
1 0 -159 -150 120 0 1 0 -1 0 0 0 0 1 2780.dat
1 0 -159 -150 -40 0 1 0 -1 0 0 0 0 1 2780.dat
1 14 -159 -160 40 -1 0 0 0 1 0 0 0 -1 62531.dat
1 25 0 -164.94 -241.919 0 -1 0 -0.438371 0 -0.898794 0.898794 0 -0.438371 47157.dat
1 71 0 -164.94 -241.919 -1 0 0 0 0.438371 -0.898794 0 -0.898794 -0.438371 62271.dat
1 72 0 -360.76 -337.426 -1 0 0 0 0.438371 -0.898794 0 -0.898794 -0.438371 62274.dat
1 71 0 -155.952 -237.535 0 0 1 -0.898794 0.438371 0 -0.438371 -0.898794 0 4519.dat
1 72 0 -164.94 -241.919 -1 0 0 0 0.438371 -0.898794 0 -0.898794 -0.438371 61904.dat
1 4 0 -147.184 -255.511 -1 0 0 0 0.438371 -0.898794 0 -0.898794 -0.438371 32062.dat
1 4 0 -165.16 -264.278 -1 0 0 0 0.438371 -0.898794 0 -0.898794 -0.438371 32062.dat
1 19 0 -144.267 -231.836 1 0 0 0 0.438371 0.898794 0 -0.898794 0.438371 6589.dat
1 71 0 -120 -220 1 0 0 0 1 0 0 0 1 60485.dat
1 71 -20 -120 -220 0 0 -1 0 1 0 1 0 0 87407.dat
1 0 101 -110 140 0 -1 0 1 0 0 0 0 1 2780.dat
1 0 -80 -110 140 0 -1 0 1 0 0 0 0 1 2780.dat
1 14 1 -100 140 0 0 -1 0 1 0 1 0 0 32525.dat
1 71 20 -80 -180 0 0 -1 0 1 0 1 0 0 32054.dat
1 71 -20 -80 -180 0 0 -1 0 1 0 1 0 0 32054.dat
1 71 0 -80 -120 0 0 1 0 -1 0 1 0 0 48452.dat
1 0 0 -80 -120 0 0 1 0 -1 0 1 0 0 48168.dat
1 14 20 -100 -40 -1 0 0 0 0 1 0 1 0 32523.dat
1 1 20 -80 -60 0 0 1 0 1 0 -1 0 0 6558.dat
1 0 20 -120 -50 0 0 1 0 1 0 -1 0 0 2780.dat
1 0 -20 -120 -50 0 0 1 0 1 0 -1 0 0 2780.dat
1 14 -20 -100 -40 -1 0 0 0 0 1 0 1 0 32523.dat
1 1 -20 -80 -60 0 0 1 0 1 0 -1 0 0 6558.dat
1 71 1 -246.694 -216.287 -1 0 0 0 0.529399 -0.848373 0 -0.848373 -0.529399 44294.dat
1 14 -54 -246.694 -216.287 0 -1 0 -0.529399 0 -0.848373 0.848373 0 -0.529399 32250.dat
1 1 -39 -263.661 -226.875 1 0 0 0 0.529399 0.848373 0 -0.848373 0.529399 6558.dat
1 1 -49 -314.564 -258.639 -1 0 0 0 0.529399 -0.848373 0 -0.848373 -0.529399 43093.dat
1 14 -64 -280.629 -237.463 0 -1 0 -0.529399 0 -0.848373 0.848373 0 -0.529399 32017.dat
1 14 -49 -262.576 -190.836 0 0 1 0.529399 0.848373 0 -0.848373 0.529399 0 2853.dat
1 14 -44 -267.87 -182.352 0 -1 0 0.529399 0 0.848373 -0.848373 0 0.529399 32250.dat
1 14 -39 -382.433 -300.991 0 -1 0 -0.529399 0 -0.848373 0.848373 0 -0.529399 32278.dat
1 14 -34 -267.87 -182.352 0 -1 0 0.529399 0 0.848373 -0.848373 0 0.529399 32056.dat
1 71 1 -223.347 -178.143 0 -1 0 0.529399 0 0.848373 -0.848373 0 0.529399 32184.dat
1 72 -19 -233.935 -161.176 0 1 0 -0.848373 0 -0.529399 -0.529399 0 0.848373 10197.dat
1 72 -19 -250.902 -171.764 0 -1 0 -0.529399 0 -0.848373 0.848373 0 -0.529399 92906.dat
1 19 -19 -222.906 -154.294 1 0 0 0 0.529399 0.848373 0 -0.848373 0.529399 6589.dat
1 71 -19.0635 -241.5 -198.477 0.888906 -0.453342 0.065782 -0.107713 -0.346421 -0.931875 0.445246 0.821263 -0.356766 32494.dat
1 71 1 -200 -140 -1 0 0 0 0.529399 -0.848373 0 -0.848373 -0.529399 44294.dat
1 71 -29 -200 -140 0 0 1 -0.848373 0.529399 0 -0.529399 -0.848373 0 6590.dat
1 71 1 -200 -140 0 0 1 -0.848373 0.529399 0 -0.529399 -0.848373 0 87407.dat
1 71 1 -200 -140 0 0 -1 0.848373 0.529399 0 0.529399 -0.848373 0 87407.dat
1 71 31 -200 -140 0 0 1 -0.848373 0.529399 0 -0.529399 -0.848373 0 6590.dat
1 14 -19 -246.694 -216.287 0 -1 0 0.529399 0 0.848373 -0.848373 0 0.529399 32316.dat
1 1 1 -212.759 -195.111 1 0 0 0 0.529399 0.848373 0 -0.848373 0.529399 6558.dat
1 19 1 -229.726 -205.699 1 0 0 0 0.529399 0.848373 0 -0.848373 0.529399 32556.dat
1 71 -19 -280.629 -237.463 -1 0 0 0 0.529399 -0.848373 0 -0.848373 -0.529399 32054.dat
1 14 1 -261.49 -154.797 0 1 0 0.848373 0 0.529399 0.529399 0 -0.848373 32140.dat
1 14 21 -246.694 -216.287 0 -1 0 0.529399 0 0.848373 -0.848373 0 0.529399 32316.dat
1 0 31 -280.629 -237.463 1 0 0 0 0.529399 0.848373 0 -0.848373 0.529399 2780.dat
1 1 41 -263.661 -226.875 1 0 0 0 0.529399 0.848373 0 -0.848373 0.529399 6558.dat
1 72 21 -233.935 -161.176 0 -1 0 0.848373 0 -0.529399 0.529399 0 0.848373 10197.dat
1 72 21 -250.902 -171.764 0 -1 0 -0.529399 0 -0.848373 0.848373 0 -0.529399 92906.dat
1 71 20.0928 -253.214 -171.477 0.009356 -0.996341 -0.093135 -0.648393 0.064896 -0.758536 0.761247 0.067526 -0.64494 32494.dat
1 19 21 -222.906 -154.294 1 0 0 0 0.529399 0.848373 0 -0.848373 0.529399 6589.dat
1 14 36 -267.87 -182.352 0 -1 0 0.529399 0 0.848373 -0.848373 0 0.529399 32056.dat
1 14 46 -267.87 -182.352 0 -1 0 0.529399 0 0.848373 -0.848373 0 0.529399 32250.dat
1 14 -19 -331.531 -269.227 0 1 0 0.529399 0 -0.848373 -0.848373 0 -0.529399 32526.dat
1 0 -29 -399.401 -311.579 1 0 0 0 0.529399 0.848373 0 -0.848373 0.529399 2780.dat
1 71 -19 -331.531 -269.227 -1 0 0 0 0.529399 -0.848373 0 -0.848373 -0.529399 32054.dat
1 14 -19 -469.944 -451.51 0 -1 0 -0.923879 0 -0.382683 0.382683 0 -0.923879 32278.dat
1 0 -29 -416.368 -322.167 1 0 0 0 0.88266 0.470013 0 -0.470013 0.88266 2780.dat
1 0 -29 -462.29 -433.032 1 0 0 0 0.923879 0.382683 0 -0.382683 0.923879 2780.dat
1 0 -29 -492.905 -506.943 1 0 0 0 0.923879 0.382683 0 -0.382683 0.923879 2780.dat
1 14 -39 -462.29 -433.032 0 -1 0 -0.923879 0 -0.382683 0.382683 0 -0.923879 32526.dat
1 71 1 -523.52 -580.853 1 0 0 0 0.382683 -0.923879 0 0.923879 0.382683 87082.dat
1 71 1 -424.022 -340.644 1 0 0 0 0.382683 -0.923879 0 0.923879 0.382683 87082.dat
1 0 1 -473.771 -460.749 0 0 -1 0.382683 0.923879 0 0.923879 -0.382683 0 3737.dat
1 72 1 -435.503 -368.361 -1 0 0 0 0.923879 -0.382683 0 -0.382683 -0.923879 59443.dat
1 72 1 -512.039 -553.137 -1 0 0 0 0.923879 -0.382683 0 -0.382683 -0.923879 59443.dat
1 71 1 -424.022 -340.644 0 0 1 -0.382683 0.923879 0 -0.923879 -0.382683 0 4519.dat
1 71 1 -523.52 -580.853 0 0 1 -0.382683 0.923879 0 -0.923879 -0.382683 0 4519.dat
1 19 1 -528.495 -592.863 -1 0 0 0 0.923879 -0.382683 0 -0.382683 -0.923879 6589.dat
1 72 12.1763 -317.69 -226.297 -0.994522 -0.047455 -0.093135 0.040001 0.6504 -0.758538 0.096572 -0.758108 -0.644938 59443.dat
1 71 14.9703 -294.934 -206.948 -0.093135 -0.047455 0.994522 -0.758538 0.6504 -0.040001 -0.644938 -0.758108 -0.096572 4519.dat
1 72 6.8676 -360.927 -263.058 -0.093135 -0.047455 0.994522 -0.758538 0.6504 -0.040001 -0.644938 -0.758108 -0.096572 32209.dat
1 71 1 -408.715 -303.689 0.994522 -0.047455 0.093135 -0.040001 0.6504 0.758538 -0.096572 -0.758108 0.644938 62520.dat
1 71 1 -408.715 -303.689 0 -1 0 -0.923879 0 -0.382683 0.382683 0 -0.923879 62520.dat
1 71 1 -408.715 -303.689 0.994522 0 0.104529 -0.040001 0.923879 0.380587 -0.096572 -0.382683 0.918818 62519.dat
1 14 21 -469.944 -451.51 0 -1 0 -0.923879 0 -0.382683 0.382683 0 -0.923879 32278.dat
1 0 31 -492.905 -506.943 1 0 0 0 0.923879 0.382683 0 -0.382683 0.923879 2780.dat
1 0 31 -462.29 -433.032 1 0 0 0 0.923879 0.382683 0 -0.382683 0.923879 2780.dat
1 0 31 -416.368 -322.167 1 0 0 0 0.923879 0.382683 0 -0.382683 0.923879 2780.dat
1 14 -34 -486.878 -316.842 0 1 0 -0.971072 0 0.238788 0.238788 0 0.971072 32250.dat
1 0 -29 -482.103 -297.421 1 0 0 0 0.971072 0.238788 0 -0.238788 0.971072 2780.dat
1 71 1 -486.878 -316.842 1 0 0 0 0.971072 0.238788 0 -0.238788 0.971072 32073.dat
1 14 -44 -477.327 -277.999 0 -1 0 -0.971072 0 -0.238788 0.238788 0 -0.971072 32017.dat
1 14 -19 -515.533 -433.371 0 -1 0 -0.971072 0 -0.238788 0.238788 0 -0.971072 32278.dat
1 14 -29 -516.011 -309.679 0 0 1 0.971072 0.238788 0 -0.238788 0.971072 0 2853.dat
1 71 1 -486.878 -316.842 0 0 1 -0.238788 0.971072 0 -0.971072 -0.238788 0 6590.dat
1 71 -19 -501.206 -375.107 -1 0 0 0 0.813759 -0.581202 0 -0.581202 -0.813759 32054.dat
1 71 -19 -529.86 -491.635 -1 0 0 0 0.971072 -0.238788 0 -0.238788 -0.971072 32054.dat
1 0 1 -522.697 -462.503 -1 0 0 0 0.238788 0.971072 0 0.971072 -0.238788 32138.dat
1 14 21 -515.533 -433.371 0 -1 0 -0.971072 0 -0.238788 0.238788 0 -0.971072 32278.dat
1 0 31 -482.103 -297.421 1 0 0 0 0.971072 0.238788 0 -0.238788 0.971072 2780.dat
1 0 31 -501.206 -375.107 1 0 0 0 0.971072 0.238788 0 -0.238788 0.971072 2780.dat
1 0 31 -529.86 -491.635 1 0 0 0 0.971072 0.238788 0 -0.238788 0.971072 2780.dat
1 14 41 -462.29 -433.032 0 -1 0 -0.923879 0 -0.382683 0.382683 0 -0.923879 32526.dat
1 71 1 -541.087 -354.871 0 -1 0 -0.951611 0 -0.307306 0.307306 0 -0.951611 47157.dat
1 71 1 -541.087 -354.871 -1 0 0 0 0.951611 -0.307306 0 -0.307306 -0.951611 62271.dat
1 72 1 -621.899 -605.117 -1 0 0 0 0.951611 -0.307306 0 -0.307306 -0.951611 62274.dat
1 72 1 -541.087 -354.871 -1 0 0 0 0.951611 -0.307306 0 -0.307306 -0.951611 61904.dat
1 4 1 -525.127 -370.534 -1 0 0 0 0.951611 -0.307306 0 -0.307306 -0.951611 32062.dat
1 4 1 -518.981 -351.502 -1 0 0 0 0.951611 -0.307306 0 -0.307306 -0.951611 32062.dat
1 0 -12.1564 -339.346 -235.938 -0.065782 0.081234 -0.994522 0.931875 0.361355 -0.032122 0.356766 -0.928883 -0.09947 3707.dat
1 72 -6.8938 -413.896 -264.479 0.994522 0.081234 -0.065782 0.032122 0.361355 0.931875 0.09947 -0.928883 0.356766 59443.dat
1 72 -3.1443 -467.013 -284.815 0.065782 0.081234 0.994522 -0.931875 0.361355 0.032122 -0.356766 -0.928883 0.09947 32209.dat
1 71 1 -525.721 -307.291 0.994522 0.081234 -0.065782 0.032122 0.361355 0.931875 0.09947 -0.928883 0.356766 62520.dat
1 71 1 -525.721 -307.291 0 -1 0 -0.951611 0 -0.307306 0.307306 0 -0.951611 62520.dat
1 71 1 -525.721 -307.291 0.994522 0 -0.104529 0.032122 0.951611 0.305622 0.09947 -0.307306 0.946398 62519.dat
1 71 1 -538.014 -345.355 0 0 -1 0.307306 0.951611 0 0.951611 -0.307306 0 4519.dat
1 71 1 -467.775 -239.157 -1 0 0 0 0.971071 -0.238787 0 -0.238787 -0.971071 32073.dat
1 71 1 -467.775 -239.157 0 0 1 -0.238787 0.971071 0 -0.971071 -0.238787 0 6590.dat
1 14 -19 -375.364 -200.945 0 -1 0 0.382117 0 0.924114 -0.924114 0 0.382117 41239.dat
1 71 1 -282.953 -162.733 1 0 0 0 0.382117 0.924114 0 -0.924114 0.382117 87082.dat
1 71 1 -261.49 -154.797 1 0 0 0 0.529399 0.848373 0 -0.848373 0.529399 4519.dat
1 14 21 -372.384 -200.65 0 -1 0 0.382117 0 0.924114 -0.924114 0 0.382117 41239.dat
1 14 36 -486.878 -316.842 0 1 0 -0.971072 0 0.238788 0.238788 0 0.971072 32250.dat
1 14 46 -477.327 -277.999 0 -1 0 -0.971072 0 -0.238788 0.238788 0 -0.971072 32017.dat
1 14 31 -516.01 -309.679 0 0 -1 0.971071 -0.238788 0 -0.238788 -0.971072 0 2853.dat
1 14 21 -331.531 -269.227 0 1 0 0.529399 0 -0.848373 -0.848373 0 -0.529399 32526.dat
1 14 41 -382.433 -300.991 0 -1 0 -0.529399 0 -0.848373 0.848373 0 -0.529399 32278.dat
1 0 31 -331.531 -269.227 -1 0 0 0 0.529399 -0.848373 0 -0.848373 -0.529399 2780.dat
1 0 31 -399.401 -311.579 -1 0 0 0 0.529399 -0.848373 0 -0.848373 -0.529399 2780.dat
1 14 56 -246.694 -216.287 0 -1 0 -0.529399 0 -0.848373 0.848373 0 -0.529399 32250.dat
1 1 51 -314.564 -258.639 1 0 0 0 0.529399 0.848373 0 -0.848373 0.529399 43093.dat
1 14 66 -280.629 -237.463 0 -1 0 -0.529399 0 -0.848373 0.848373 0 -0.529399 32017.dat
1 14 51 -262.576 -190.836 0 0 -1 0.529399 -0.848373 0 -0.848373 -0.529399 0 2853.dat
1 72 -2 -538.827 -617.808 1 0 0 0 0.382683 -0.923879 0 0.923879 0.382683 32209.dat
1 14 -44 -501.872 -633.115 0 1 0 -0.382683 0 -0.923879 -0.923879 0 0.382683 32056.dat
1 71 1 -517.18 -670.07 1 0 0 0 0.382683 -0.923879 0 0.923879 0.382683 32073.dat
1 14 -34 -501.872 -633.115 0 -1 0 -0.382683 0 0.923879 -0.923879 0 -0.382683 32250.dat
1 71 -34 -519.693 -571.614 0 -1 0 -0.923879 0 -0.382683 0.382683 0 -0.923879 32063.dat
1 0 -29 -500.559 -525.42 1 0 0 0 0.923879 0.382683 0 -0.382683 0.923879 2780.dat
1 0 -29 -515.866 -562.375 1 0 0 0 0.923879 0.382683 0 -0.382683 0.923879 2780.dat
1 14 -44 -515.866 -562.375 0 1 0 -0.923879 0 0.382683 0.382683 0 0.923879 32017.dat
1 71 -49 -531.173 -599.331 -1 0 0 0 0.923879 -0.382683 0 -0.382683 -0.923879 4274.dat
1 14 -24 -554.135 -654.763 0 -1 0 0.923879 0 0.382683 -0.382683 0 0.923879 99773.dat
1 71 -19 -538.827 -617.808 0 0 -1 -0.923879 0.382683 0 0.382683 0.923879 0 87407.dat
1 71 11 -538.827 -617.808 0 0 -1 -0.923879 0.382683 0 0.382683 0.923879 0 6590.dat
1 1 -29 -501.872 -633.115 -1 0 0 0 0.382683 0.923879 0 0.923879 -0.382683 43093.dat
1 1 -29 -427.962 -663.73 -1 0 0 0 0.382683 0.923879 0 0.923879 -0.382683 43093.dat
1 14 -19 -391.007 -679.037 0 1 0 0.382683 0 0.923879 0.923879 0 -0.382683 41239.dat
1 0 -29 -280.141 -724.959 1 0 0 0 0.382683 -0.923879 0 0.923879 0.382683 2780.dat
1 71 1 -298.619 -717.306 1 0 0 0 0.923879 0.382683 0 -0.382683 0.923879 87082.dat
1 71 1 -402.733 -706.155 0 1 0 -0.300706 0 -0.953717 -0.953717 0 0.300706 32525.dat
1 19 11 -498.105 -676.085 1 0 0 0 0.300706 -0.953717 0 0.953717 0.300706 32002.dat
1 19 11 -459.956 -688.113 1 0 0 0 0.300706 -0.953717 0 0.953717 0.300706 32002.dat
1 19 -9 -479.031 -682.099 -1 0 0 0 0.300706 0.953717 0 0.953717 -0.300706 32002.dat
1 19 -9 -440.882 -694.127 -1 0 0 0 0.300706 0.953717 0 0.953717 -0.300706 32002.dat
1 1 1 -326.436 -730.212 -1 0 0 0 0.300706 0.953717 0 0.953717 -0.300706 6558.dat
1 1 1 -307.361 -736.226 -1 0 0 0 0.300706 0.953717 0 0.953717 -0.300706 6558.dat
1 14 -19 -307.361 -736.226 0 1 0 -0.300706 0 -0.953717 -0.953717 0 0.300706 32523.dat
1 14 -14 -479.031 -682.099 0 1 0 -0.300706 0 -0.953717 -0.953717 0 0.300706 32017.dat
1 0 1 -288.287 -742.24 1 0 0 0 0.382683 -0.923879 0 0.923879 0.382683 3705.dat
1 71 1 -280.634 -723.763 1 0 0 0 0.382683 -0.923879 0 0.923879 0.382683 32184.dat
1 14 21 -307.361 -736.226 0 1 0 -0.300706 0 -0.953717 -0.953717 0 0.300706 32523.dat
1 71 1 -501.872 -633.115 0 0 -1 -0.923879 0.382683 0 0.382683 0.923879 0 4519.dat
1 14 1 -509.526 -651.593 1 0 0 0 0.382683 -0.923879 0 0.923879 0.382683 42003.dat
1 72 1 -474.156 -644.596 1 0 0 0 0.382683 -0.923879 0 0.923879 0.382683 59443.dat
1 19 1 -513.883 -628.14 1 0 0 0 0.382683 -0.923879 0 0.923879 0.382683 6589.dat
1 0 1 -400.245 -675.21 0 0 -1 -0.923879 0.382683 0 0.382683 0.923879 0 3707.dat
1 72 1 -326.335 -705.825 1 0 0 0 0.382683 -0.923879 0 0.923879 0.382683 59443.dat
1 14 16 -479.031 -682.099 0 1 0 -0.300706 0 -0.953717 -0.953717 0 0.300706 32017.dat
1 0 1 -289.38 -721.132 0 0 -1 -0.923879 0.382683 0 0.382683 0.923879 0 3705.dat
1 19 1 -268.131 -729.934 -1 0 0 0 0.382683 0.923879 0 0.923879 -0.382683 6589.dat
1 71 1 -591.09 -639.456 1 0 0 0 0.382683 -0.923879 0 0.923879 0.382683 4519.dat
1 71 1 -591.09 -639.456 0 0 -1 -0.923879 0.382683 0 0.382683 0.923879 0 6590.dat
1 14 -14 -628.045 -624.148 0 1 0 0.382683 0 0.923879 0.923879 0 -0.382683 6632.dat
1 14 16 -628.045 -624.148 0 1 0 0.382683 0 0.923879 0.923879 0 -0.382683 6632.dat
1 14 26 -554.135 -654.763 0 -1 0 0.923879 0 0.382683 -0.382683 0 0.923879 99773.dat
1 14 36 -501.872 -633.115 0 -1 0 -0.382683 0 0.923879 -0.923879 0 -0.382683 32250.dat
1 1 31 -427.962 -663.73 1 0 0 0 0.382683 -0.923879 0 0.923879 0.382683 43093.dat
1 1 31 -501.872 -633.115 1 0 0 0 0.382683 -0.923879 0 0.923879 0.382683 43093.dat
1 14 21 -391.007 -679.037 0 1 0 0.382683 0 0.923879 0.923879 0 -0.382683 41239.dat
1 0 31 -280.141 -724.959 1 0 0 0 0.382683 -0.923879 0 0.923879 0.382683 2780.dat
1 1 31 -317.096 -709.652 1 0 0 0 0.382683 -0.923879 0 0.923879 0.382683 43093.dat
1 14 36 -280.141 -724.959 0 -1 0 -0.923879 0 -0.382683 0.382683 0 -0.923879 99773.dat
1 4 1 -628.045 -624.148 -1 0 0 0 0.382683 0.923879 0 0.923879 -0.382683 32062.dat
1 71 36 -519.693 -571.614 0 -1 0 -0.923879 0 -0.382683 0.382683 0 -0.923879 32063.dat
1 0 31 -515.866 -562.375 1 0 0 0 0.923879 0.382683 0 -0.382683 0.923879 2780.dat
1 0 31 -500.559 -525.42 1 0 0 0 0.923879 0.382683 0 -0.382683 0.923879 2780.dat
1 14 46 -515.866 -562.375 0 1 0 -0.923879 0 0.382683 0.382683 0 0.923879 32017.dat
1 71 51 -531.173 -599.331 1 0 0 0 0.923879 0.382683 0 -0.382683 0.923879 4274.dat
1 14 46 -501.872 -633.115 0 1 0 -0.382683 0 -0.923879 -0.923879 0 0.382683 32056.dat
1 14 61 -200 -220 0 1 0 1 0 0 0 0 -1 32009.dat
1 1 61 -200 -80 -1 0 0 0 1 0 0 0 -1 6558.dat
1 1 71 -200 -60 -1 0 0 0 1 0 0 0 -1 43093.dat
1 0 71 -200 -100 -1 0 0 0 1 0 0 0 -1 2780.dat
1 72 -9 -378.225 -345.514 1 0 0 0 1 0 0 0 1 87083.dat
1 71 -39 -378.225 -345.514 0 0 1 0 1 0 -1 0 0 6590.dat
1 14 80 -152.082 -123.891 0 1 0 -0.601815 0 0.798635 0.798635 0 0.601815 32524.dat
1 0 70 -200 -160 -1 0 0 0 0.601815 -0.798635 0 -0.798635 -0.601815 2780.dat
1 71 80 -120 -100 -1 0 0 0 1 0 0 0 -1 32054.dat
1 1 110 -120 -100 -1 0 0 0 1 0 0 0 -1 43093.dat
1 14 130 -120 -100 1 0 0 0 -1 0 0 0 -1 62462.dat
1 0 80 -120 -220 0 -1 0 1 0 0 0 0 1 60483.dat
1 14 81 -200 40 0 1 0 1 0 0 0 0 -1 32278.dat
1 71 101 -200 60 0 0 1 -1 0 0 0 -1 0 48989.dat
1 0 -99 -210 80 0 1 0 -1 0 0 0 0 1 2780.dat
1 0 101 -210 80 0 1 0 -1 0 0 0 0 1 2780.dat
1 14 1 -220 80 0 0 -1 0 1 0 1 0 0 32525.dat
1 14 101 -120 180 0 1 0 0 0 -1 -1 0 0 32526.dat
1 1 81 -120 180 -1 0 0 0 1 0 0 0 -1 6558.dat
1 1 101 -200 140 -1 0 0 0 1 0 0 0 -1 6558.dat
1 71 121 -160 -40 -1 0 0 0 1 0 0 0 -1 32184.dat
1 1 111 -180 -40 1 0 0 0 1 0 0 0 1 43093.dat
1 1 111 -140 -40 1 0 0 0 1 0 0 0 1 43093.dat
1 14 101 -200 -40 0 1 0 0 0 1 1 0 0 32526.dat
1 0 91 -200 -40 1 0 0 0 1 0 0 0 1 2780.dat
1 71 121 -160 -40 0 0 -1 0 1 0 1 0 0 32054.dat
1 71 141 -120 -240 -1 0 0 0 1 0 0 0 -1 32073.dat
1 0 181 -120 -80 0 1 0 -1 0 0 0 0 1 32009.dat
1 0 161 -120 -240 0 -1 0 0 0 -1 1 0 0 60483.dat
1 0 141 -120 -240 0 -1 0 1 0 0 0 0 1 60483.dat
1 1 141 -120 -220 -1 0 0 0 1 0 0 0 -1 6558.dat
1 71 161 -120 -220 -1 0 0 0 0.5 0.866025 0 0.866025 -0.5 32013.dat
1 71 161 -154.641 -200 0 0 1 0.866025 0.5 0 -0.5 0.866025 0 4519.dat
1 71 121 -120 -220 -1 0 0 0 0.5 0.866025 0 0.866025 -0.5 32013.dat
1 71 121 -154.641 -200 0 0 1 0.866025 0.5 0 -0.5 0.866025 0 4519.dat
1 0 121 -120 -240 0 -1 0 0 0 -1 1 0 0 60483.dat
1 0 141 -120 -180 0 0 1 1 0 0 0 1 0 32034.dat
1 1 111 -120 -180 1 0 0 0 0 -1 0 1 0 43093.dat
1 1 171 -120 -180 -1 0 0 0 0 1 0 1 0 43093.dat
1 1 161 -120 -140 -1 0 0 0 1 0 0 0 -1 6558.dat
1 0 171 -120 -120 -1 0 0 0 1 0 0 0 -1 2780.dat
1 0 171 -160 -80 -1 0 0 0 1 0 0 0 -1 2780.dat
1 0 171 -180 -80 -1 0 0 0 1 0 0 0 -1 2780.dat
1 0 161 -220 -80 0 1 0 0 0 1 1 0 0 32524.dat
1 14 161 -120 0 0 1 0 1 0 0 0 0 -1 32278.dat
1 1 141 -200 -80 -1 0 0 0 1 0 0 0 -1 6558.dat
1 1 161 -280 -80 -1 0 0 0 1 0 0 0 -1 6558.dat
1 0 141 -200 -80 0 1 0 0 0 -1 -1 0 0 32526.dat
1 0 131 -240 -80 -1 0 0 0 1 0 0 0 -1 2780.dat
1 1 141 -280 -100 -1 0 0 0 1 0 0 0 -1 6558.dat
1 1 141 -280 -120 -1 0 0 0 1 0 0 0 -1 6558.dat
1 0 141 -176.382 -119.479 0 -1 0 -0.34202 0 0.939692 -0.939692 0 -0.34202 32524.dat
1 1 141 -213.969 -105.798 -1 0 0 0 0.34202 0.939692 0 0.939692 -0.34202 6558.dat
1 1 141 -138.794 -133.16 -1 0 0 0 0.34202 0.939692 0 0.939692 -0.34202 6558.dat
1 1 161 -213.969 -105.798 0 -1 0 -0.34202 0 0.939692 -0.939692 0 -0.34202 32526.dat
1 1 121 -213.969 -105.798 0 -1 0 -0.34202 0 0.939692 -0.939692 0 -0.34202 32526.dat
1 0 121 -280 -160 0 -1 0 -1 0 0 0 0 -1 32524.dat
1 0 121 -260 -80 0 -1 0 0 0 1 -1 0 0 32523.dat
1 0 101 -120 -240 0 1 0 -1 0 0 0 0 1 32140.dat
1 0 101 -280 -140 0 -1 0 -1 0 0 0 0 -1 32524.dat
1 0 111 -280 -140 -1 0 0 0 1 0 0 0 -1 2780.dat
1 0 111 -280 -200 -1 0 0 0 1 0 0 0 -1 2780.dat
1 0 111 -280 -80 -1 0 0 0 1 0 0 0 -1 2780.dat
1 0 91 -120 -200 -1 0 0 0 1 0 0 0 -1 2780.dat
1 0 151 -120 -100 -1 0 0 0 1 0 0 0 -1 2780.dat
1 0 151 -120 140 -1 0 0 0 1 0 0 0 -1 2780.dat
1 1 141 -120 120 -1 0 0 0 1 0 0 0 -1 6558.dat
1 14 141 -200 160 0 -1 0 0 0 1 -1 0 0 32526.dat
1 0 131 -200 160 -1 0 0 0 1 0 0 0 -1 2780.dat
1 14 121 -200 40 0 1 0 1 0 0 0 0 -1 41239.dat
1 14 161 -140 40 -1 0 0 0 1 0 0 0 -1 32525.dat
1 0 161 -150 120 0 -1 0 -1 0 0 0 0 -1 2780.dat
1 0 161 -150 -40 0 -1 0 -1 0 0 0 0 -1 2780.dat
1 14 161 -160 40 1 0 0 0 1 0 0 0 1 62531.dat
1 0 131 -200 120 -1 0 0 0 1 0 0 0 -1 2780.dat
1 0 131 -200 -40 -1 0 0 0 1 0 0 0 -1 2780.dat
1 0 111 -140 -240 1 0 0 0 1 0 0 0 1 2780.dat
1 0 101 -140 -240 -1 0 0 0 1 0 0 0 -1 32014.dat
1 71 141 -280 -220 1 0 0 0 1 0 0 0 1 32073.dat
1 0 101 -260 -220 1 0 0 0 0 1 0 -1 0 32039.dat
1 0 141 -280 -220 1 0 0 0 -1 0 0 0 -1 32291.dat
1 47 131 -300 -230 1 0 0 0 0 1 0 -1 0 6141.dat
1 47 151 -300 -230 1 0 0 0 0 1 0 -1 0 6141.dat
1 0 161 -280 -160 0 -1 0 -1 0 0 0 0 -1 32524.dat
1 0 171 -280 -200 1 0 0 0 1 0 0 0 1 2780.dat
1 0 181 -280 -140 0 -1 0 -1 0 0 0 0 -1 32524.dat
1 0 181 -260 -220 1 0 0 0 0 1 0 -1 0 32039.dat
1 0 171 -140 -240 1 0 0 0 1 0 0 0 1 2780.dat
1 0 181 -140 -240 -1 0 0 0 1 0 0 0 -1 32014.dat
1 1 171 -240 -80 1 0 0 0 0.866025 0.5 0 -0.5 0.866025 43093.dat
1 0 181 -222.679 -90 1 0 0 0 -0.5 0.866025 0 -0.866025 -0.5 32039.dat
1 71 21 -93.1858 -760.266 0 0 -1 1 0 0 0 -1 0 4519.dat
1 0 21 -68.1858 -760.266 0 0 -1 0 1 0 1 0 0 6632.dat
1 71 -19 -93.1858 -760.266 0 0 -1 1 0 0 0 -1 0 4519.dat
1 71 21 -93.1858 -760.266 0 0 1 -1 0 0 0 -1 0 41678.dat
1 71 -19 -93.1858 -760.266 0 -1 0 -1 0 0 0 0 -1 41678.dat
1 19 1 -93.1858 -780.266 1 0 0 0 1 0 0 0 1 32556.dat
1 0 1 -102.353 -798.042 1 0 0 0 0.888781 0.458333 0 -0.458333 0.888781 11953.dat
1 0 21 -93.1858 -760.266 1 0 0 0 1 0 0 0 1 44809.dat
1 0 -19 -93.1858 -760.266 0 0 1 0 1 0 -1 0 0 44809.dat
1 19 41 -93.1858 -740.266 0 0 -1 0 1 0 1 0 0 32556.dat
1 19 -39 -93.1858 -740.266 0 0 -1 0 1 0 1 0 0 32556.dat
1 0 58.7756 -102.353 -740.266 0 0.458332 -0.888781 0 0.888781 0.458332 1 0 0 11953.dat
1 0 -56.7756 -102.353 -740.266 0 -0.458333 0.88878 0 0.88878 0.458333 -1 0 0 11953.dat
1 71 1 -243.186 -740.266 1 0 0 0 0 1 0 -1 0 92693.dat
1 25 1 -213.186 -740.266 0 -1 0 0 0 1 -1 0 0 92695.dat
1 72 1 -83.1858 -740.266 0 -1 0 0 0 1 -1 0 0 92696.dat
1 19 1 -216.186 -740.266 -1 0 0 0 0 -1 0 -1 0 6589.dat
1 1 1 -83.1858 -740.266 0 0 1 0 1 0 -1 0 0 6558.dat
1 71 -19 -243.186 -740.266 0 0 -1 0 1 0 1 0 0 87407.dat
1 0 -19 -68.1858 -720.266 0 0 1 0 1 0 -1 0 0 6632.dat
1 71 21 -93.1858 -720.266 0 0 1 1 0 0 0 1 0 4519.dat
1 71 -19 -93.1858 -720.266 0 0 1 1 0 0 0 1 0 4519.dat
1 71 21 -93.1858 -720.266 0 1 0 -1 0 0 0 0 1 41678.dat
1 71 -19 -93.1858 -720.266 0 0 -1 -1 0 0 0 1 0 41678.dat
1 19 1 -93.1858 -700.266 -1 0 0 0 0.88878 0.458333 0 0.458333 -0.88878 32556.dat
1 0 1 -102.353 -682.491 -1 0 0 0 0.88878 0.458333 0 0.458333 -0.88878 11953.dat
