0 Main
0 Name: 1787-1 - Crater Cruiser.mpd
0 Author: LTRON
1 7 0 0 0 1 0 0 0 1 0 0 0 1 3020.dat
1 7 0 0 -140 1 0 0 0 1 0 0 0 1 3022.dat
1 0 0 -8 -60 0 0 1 0 1 0 -1 0 0 3034.dat
1 1 0 -16 0 1 0 0 0 1 0 0 0 1 3022.dat
1 0 0 -8 -160 1 0 0 0 1 0 0 0 1 3020.dat
1 7 0 -16 -150 0 0 1 0 1 0 -1 0 0 3021.dat
1 0 0 -24 0 0 0 1 0 1 0 -1 0 0 3022.dat
1 0 40 -16 -160 1 0 0 0 1 0 0 0 1 2444.dat
1 0 -40 -16 -160 -1 0 0 0 1 0 0 0 -1 2444.dat
1 0 -30 -24 0 0 0 1 0 1 0 -1 0 0 3747.dat
1 0 30 -24 0 0 0 -1 0 1 0 1 0 0 3747.dat
1 7 0 -24 -170 1 0 0 0 1 0 0 0 1 2431.dat
1 7 0 -24 -140 1 0 0 0 1 0 0 0 1 4859.dat
1 7 0 -32 0 1 0 0 0 1 0 0 0 1 3795.dat
1 7 60 -6 -160 1 0 0 0 1 0 0 0 1 3673.dat
1 0 70 -6 -160 0 0 -1 0 -1 0 -1 0 0 6118.dat
1 7 -60 -6 -160 -1 0 0 0 1 0 0 0 -1 3673.dat
1 0 -70 -6 -160 0 0 1 0 -1 0 1 0 0 6118.dat
1 0 80 -32 0 1 0 0 0 1 0 0 0 1 2444.dat
1 7 100 -22 0 1 0 0 0 1 0 0 0 1 3673.dat
1 0 100 -22 0 0 0 -1 -1 0 0 0 1 0 2593.dat
1 0 -80 -32 0 -1 0 0 0 1 0 0 0 -1 2444.dat
1 7 -100 -22 0 -1 0 0 0 1 0 0 0 -1 3673.dat
1 0 -100 -22 0 0 0 1 -1 0 0 0 -1 0 2593.dat
1 0 0 -48 -170 -1 0 0 0 1 0 0 0 -1 4856.dat
1 0 -60 -40 0 -1 0 0 0 1 0 0 0 -1 3020.dat
1 0 60 -40 0 -1 0 0 0 1 0 0 0 -1 3020.dat
1 1 0 -40 -80 -1 0 0 0 1 0 0 0 -1 4732.dat
1 0 0 -40 100 0 0 -1 0 1 0 1 0 0 3832.dat
1 42 10 -32 190 0 0 -1 0 1 0 1 0 0 6141.dat
1 42 -10 -32 190 0 0 -1 0 1 0 1 0 0 6141.dat
1 42 10 -24 190 0 0 -1 0 1 0 1 0 0 6141.dat
1 42 -10 -24 190 0 0 -1 0 1 0 1 0 0 6141.dat
1 7 0 -16 200 -1 0 0 0 1 0 0 0 -1 44237.dat
1 0 -50 -40 200 0 0 1 0 1 0 -1 0 0 3747.dat
1 0 50 -40 200 0 0 -1 0 1 0 1 0 0 3747.dat
1 7 0 -48 200 1 0 0 0 1 0 0 0 1 3832.dat
1 1 0 -48 170 1 0 0 0 1 0 0 0 1 3023.dat
1 1 10 -48 10 1 0 0 0 1 0 0 0 1 2420.dat
1 1 -10 -48 10 0 0 -1 0 1 0 1 0 0 2420.dat
1 7 0 -48 -20 1 0 0 0 1 0 0 0 1 3020.dat
1 7 0 -48 -170 0 0 1 0 1 0 -1 0 0 3021.dat
1 0 0 -48 -120 -1 0 0 0 1 0 0 0 -1 3068.dat
1 0 -30 -56 -30 0 0 1 0 1 0 -1 0 0 6019.dat
1 0 30 -56 -30 0 0 -1 0 1 0 1 0 0 6019.dat
1 0 -30 -56 0 0 0 1 0 1 0 -1 0 0 3023.dat
1 0 30 -56 0 0 0 1 0 1 0 -1 0 0 3023.dat
1 0 0 -56 190 1 0 0 0 1 0 0 0 1 2419.dat
1 0 100 -56 200 1 0 0 0 1 0 0 0 1 2444.dat
1 7 120 -46 200 1 0 0 0 1 0 0 0 1 3673.dat
1 0 120 -46 200 0 0 -1 0 1 0 1 0 0 2515b.dat
1 0 -100 -56 200 -1 0 0 0 1 0 0 0 -1 2444.dat
1 7 -120 -46 200 -1 0 0 0 1 0 0 0 -1 3673.dat
1 0 -120 -46 200 0 0 1 0 1 0 -1 0 0 2515b.dat
1 42 -10 -56 -190 -1 0 0 0 1 0 0 0 -1 6141.dat
1 42 10 -56 -190 -1 0 0 0 1 0 0 0 -1 6141.dat
1 0 0 -72 0 0 0 -1 0 1 0 1 0 0 3001.dat
1 0 0 -80 210 1 0 0 0 1 0 0 0 1 6112.dat
1 7 0 -80 190 1 0 0 0 1 0 0 0 1 3039.dat
1 1 30 -80 80 0 0 1 0 1 0 -1 0 0 6112.dat
1 1 -30 -80 80 0 0 1 0 1 0 -1 0 0 6112.dat
1 0 0 -56 -220 1 0 0 0 1 0 0 0 1 4859.dat
1 1 0 -80 -30 1 0 0 0 1 0 0 0 1 3023.dat
1 7 0 -96 30 1 0 0 0 1 0 0 0 1 3039.dat
1 0 -80 -80 190 1 0 0 0 1 0 0 0 1 3010.dat
1 0 80 -80 190 1 0 0 0 1 0 0 0 1 3010.dat
1 7 -30 -88 140 0 0 1 0 1 0 -1 0 0 4162.dat
1 7 30 -88 140 0 0 1 0 1 0 -1 0 0 4162.dat
1 33 -30 -88 50 0 0 1 0 1 0 -1 0 0 3070.dat
1 33 30 -88 50 0 0 1 0 1 0 -1 0 0 3070.dat
1 0 -30 -104 -10 -1 0 0 0 1 0 0 0 -1 4286.dat
1 0 30 -104 -10 -1 0 0 0 1 0 0 0 -1 4286.dat
1 0 -10 -88 200 0 0 -1 0 1 0 1 0 0 4275.dat
1 0 10 -88 200 0 0 -1 0 1 0 1 0 0 4275.dat
1 0 -10 -93.1472 258.8496 0 0 1 0.1736 0.9848 0 -0.9848 0.1736 0 4276.dat
1 0 10 -93.1472 258.8496 0 0 1 0.1736 0.9848 0 -0.9848 0.1736 0 4276.dat
1 7 0 -87.0048 270.0864 1 0 0 0 0.9848 -0.1736 0 0.1736 0.9848 2419.dat
1 0 40 -80.8624 281.3232 -1 0 0 0 0.9848 0.1736 0 0.1736 -0.9848 4229.dat
1 0 -40 -80.8624 281.3232 -1 0 0 0 0.9848 0.1736 0 0.1736 -0.9848 4229.dat
1 42 -40 -66.368 348.864 1 0 0 0 0.1736 0.9848 0 -0.9848 0.1736 4589.dat
1 42 40 -66.368 348.864 1 0 0 0 0.1736 0.9848 0 -0.9848 0.1736 4589.dat
1 1 0 -77.3904 261.6272 0 0 -1 -0.1736 0.9848 0 0.9848 0.1736 0 3020.dat
1 7 0 -72.984 282.712 0 0 -1 -0.1736 0.9848 0 0.9848 0.1736 0 6143.dat
1 0 0 -49.3488 286.8784 0 0 -1 -0.1736 0.9848 0 0.9848 0.1736 0 4591.dat
1 0 0 -98.3552 288.3936 -1 0 0 0 0.9848 0.1736 0 0.1736 -0.9848 2452.dat
1 0 0 -127.4256 302.1873 0 0 1 0.996196 -0.087066 0 0.087066 0.996196 0 4531.dat
1 7 0 -138.7806 317.2557 1 0 0 0 -0.087066 -0.996196 0 0.996196 -0.087066 3794.dat
1 7 0 -118.8567 318.997 1 0 0 0 -0.087066 -0.996196 0 0.996196 -0.087066 3794.dat
1 0 0 -129.5152 326.0959 1 0 0 0 -0.087066 -0.996196 0 0.996196 -0.087066 4285.dat
1 0 0 -130.2117 334.0655 1 0 0 0 -0.087066 -0.996196 0 0.996196 -0.087066 3943.dat
1 33 0 -134.3909 381.8829 1 0 0 0 -0.087066 -0.996196 0 0.996196 -0.087066 3960.dat
1 42 0 -135.7839 397.822 1 0 0 0 -0.087066 -0.996196 0 0.996196 -0.087066 4740.dat
1 42 0 -136.4805 405.7916 1 0 0 0 -0.087066 -0.996196 0 0.996196 -0.087066 4740.dat
1 42 0 -137.177 413.7612 1 0 0 0 -0.087066 -0.996196 0 0.996196 -0.087066 4589.dat
1 0 0 -104.4976 277.1568 -1 0 0 0 0.9848 0.1736 0 0.1736 -0.9848 3068.dat
1 7 0 -115.0464 244.8352 1 0 0 0 0.9848 -0.1736 0 0.1736 0.9848 4865.dat
1 42 50 -54 -20 1 0 0 0 0 -1 0 1 0 2569.dat
1 42 -50 -54 -20 1 0 0 0 0 -1 0 1 0 2569.dat
1 0 0 -104 -30 1 0 0 0 1 0 0 0 1 3010.dat
1 0 0 -104 30 1 0 0 0 1 0 0 0 1 3794.dat
1 0 0 -96 190 1 0 0 0 1 0 0 0 1 3794.dat
1 42 -30 -112 -10 1 0 0 0 1 0 0 0 1 6141.dat
1 42 30 -112 -10 1 0 0 0 1 0 0 0 1 6141.dat
1 0 0 -112 -30 1 0 0 0 1 0 0 0 1 4315.dat
1 33 0 -108 -44 1 0 0 0 1 0 0 0 1 2507.dat
1 0 -30 -120 -20 0 0 1 0 1 0 -1 0 0 2412.dat
1 0 30 -120 -20 0 0 1 0 1 0 -1 0 0 2412.dat
1 7 -70 -96 200 0 0 -1 0 1 0 1 0 0 4531.dat
1 7 70 -96 200 0 0 -1 0 1 0 1 0 0 4531.dat
1 0 70 -119.576 253.1408 0 0 -1 0.6428 0.766 0 0.766 -0.6428 0 2433.dat
1 42 70 -125.704 258.2832 0 0 -1 0.6428 0.766 0 0.766 -0.6428 0 2569.dat
1 0 -70 -119.576 253.1408 0 0 -1 0.6428 0.766 0 0.766 -0.6428 0 2433.dat
1 42 -70 -125.704 258.2832 0 0 -1 0.6428 0.766 0 0.766 -0.6428 0 2569.dat
1 14 0 -95.174 -61.199 0.866025 0 0.5 -0.076062 0.988362 0.131743 -0.494181 -0.152123 0.855946 2446.dat
1 33 0 -95.174 -61.199 0.866025 0 0.5 -0.076062 0.988362 0.131743 -0.494181 -0.152123 0.855946 2447.dat
1 14 0 -95.174 -61.199 0.866025 0 0.5 -0.076062 0.988362 0.131743 -0.494181 -0.152123 0.855946 3626.dat
1 1 0 -68.488 -65.307 1 0 0 0 0.988362 0.152123 0 -0.152123 0.988362 3838.dat
1 8 0 -68.488 -65.307 1 0 0 0 0.988362 0.152123 0 -0.152123 0.988362 973.dat
1 0 0 -104 130 0 0 1 0 1 0 -1 0 0 3035.dat
1 7 0 -112 180 -1 0 0 0 1 0 0 0 -1 3023.dat
1 1 -30 -112 160 0 0 -1 0 1 0 1 0 0 3623.dat
1 1 30 -112 160 0 0 -1 0 1 0 1 0 0 3623.dat
1 0 0 -112 220 -1 0 0 0 1 0 0 0 -1 2419.dat
1 7 0 -112 90 1 0 0 0 1 0 0 0 1 6104.dat
1 7 0 -104 230 1 0 0 0 1 0 0 0 1 4032.dat
1 0 30 -96 130 0 0 -1 0 1 0 1 0 0 3460.dat
1 0 -30 -96 130 0 0 -1 0 1 0 1 0 0 3460.dat
1 0 -30 -120 80 0 0 -1 0 1 0 1 0 0 3623.dat
1 0 30 -120 80 0 0 -1 0 1 0 1 0 0 3623.dat
1 7 -30 -136 200 -1 0 0 0 1 0 0 0 -1 3040.dat
1 7 30 -136 200 -1 0 0 0 1 0 0 0 -1 3040.dat
1 1 0 -136 190 -1 0 0 0 1 0 0 0 -1 3003.dat
1 1 -30 -136 180 0 0 1 0 1 0 -1 0 0 4287.dat
1 1 30 -136 180 0 0 -1 0 1 0 1 0 0 4287.dat
1 0 -30 -128 60 0 0 1 0 1 0 -1 0 0 6019.dat
1 0 30 -128 60 0 0 -1 0 1 0 1 0 0 6019.dat
1 33 -30 -128 80 0 0 -1 0 1 0 1 0 0 6141.dat
1 33 30 -128 80 0 0 -1 0 1 0 1 0 0 6141.dat
1 7 -30 -136 160 1 0 0 0 1 0 0 0 1 4286.dat
1 7 30 -136 160 1 0 0 0 1 0 0 0 1 4286.dat
1 0 0 -136 80 -1 0 0 0 1 0 0 0 -1 3937.dat
1 0 0 -136 40 -1 0 0 0 1 0 0 0 -1 3039.dat
1 7 30 -136 70 0 0 -1 0 1 0 1 0 0 2412.dat
1 7 -30 -136 70 0 0 -1 0 1 0 1 0 0 2412.dat
1 0 0 -144 190 0 0 -1 0 1 0 1 0 0 3022.dat
1 0 -30 -144 180 0 0 -1 0 1 0 1 0 0 3623.dat
1 0 30 -144 180 0 0 -1 0 1 0 1 0 0 3623.dat
1 1 -30 -168 200 0 0 1 0 1 0 -1 0 0 3665.dat
1 1 30 -168 200 0 0 -1 0 1 0 1 0 0 3665.dat
1 7 0 -168 200 1 0 0 0 1 0 0 0 1 3004.dat
1 7 0 -135.2388 83.8268 1 0 0 0 0.92388 0.382683 0 -0.382683 0.92388 3938.dat
1 0 0 -146.4567 77.6495 1 0 0 0 0.92388 0.382683 0 -0.382683 0.92388 3068.dat
1 0 0 -136 20 1 0 0 0 1 0 0 0 1 3747.dat
1 7 0 -144 30 1 0 0 0 1 0 0 0 1 3022.dat
1 7 0 -168 180 1 0 0 0 1 0 0 0 1 3010.dat
1 1 0 -192 200 1 0 0 0 1 0 0 0 1 3700.dat
1 0 0 -144 -10 1 0 0 0 1 0 0 0 1 4859.dat
1 42 -10 -152 20 1 0 0 0 1 0 0 0 1 6141.dat
1 42 10 -152 20 1 0 0 0 1 0 0 0 1 6141.dat
1 0 -30 -192 190 0 0 1 0 1 0 -1 0 0 3004.dat
1 0 30 -192 190 0 0 1 0 1 0 -1 0 0 3004.dat
1 7 0 -192 180 -1 0 0 0 1 0 0 0 -1 3004.dat
1 0 50 -126 68 0 0 1 1 0 0 0 1 0 3957.dat
1 42 50 -126 76 0 0 1 1 0 0 0 1 0 4589.dat
1 0 -50 -126 68 0 0 1 1 0 0 0 1 0 3957.dat
1 42 -50 -126 76 0 0 1 1 0 0 0 1 0 4589.dat
1 0 0 -200 200 1 0 0 0 1 0 0 0 1 3710.dat
1 0 0 -200 180 1 0 0 0 1 0 0 0 1 4315.dat
1 33 0 -196 166 1 0 0 0 1 0 0 0 1 2507.dat
1 0 0 -182 212 0 0 -1 -1 0 0 0 1 0 3960.dat
1 33 0 -182 228 0 0 -1 -1 0 0 0 1 0 3960.dat
1 42 0 -182 244 0 0 -1 -1 0 0 0 1 0 4740.dat
1 42 0 -182 252 0 0 -1 -1 0 0 0 1 0 4740.dat
1 42 0 -182 260 0 0 -1 -1 0 0 0 1 0 4589.dat
1 0 -30 -208 190 0 0 -1 0 1 0 1 0 0 2412.dat
1 0 30 -208 190 0 0 -1 0 1 0 1 0 0 2412.dat
1 14 -180 -78.695 90 0.220698 0 0.975342 0 1 0 -0.975342 0 0.220698 2446.dat
1 33 -175.5173 -76.791 91.0143 0.220698 -0.689671 0.689671 0 0.707107 0.707107 -0.975342 -0.156057 0.156057 2447.dat
1 14 -180 -78.695 90 0.220698 0 0.975342 0 1 0 -0.975342 0 0.220698 3626.dat
1 1 -180 -51.695 90 -0.19509 0 0.980785 0 1 0 -0.980785 0 -0.19509 3838.dat
1 8 -180 -51.695 90 -0.19509 0 0.980785 0 1 0 -0.980785 0 -0.19509 973.dat
