0 Main
0 Name: 8032-1 - Universal Set - Tow Truck.mpd
0 Author: LTRON
1 4 -10 0 0 0 0 1 0 1 0 -1 0 0 3895.dat
1 0 -20 10 -60 -1 0 0 0 1 0 0 0 -1 2780.dat
1 4 0 24 -100 -1 0 0 0 1 0 0 0 -1 3795.dat
1 4 0 24 100 -1 0 0 0 1 0 0 0 -1 3795.dat
1 4 10 0 0 0 0 1 0 1 0 -1 0 0 3895.dat
1 0 20 10 -60 -1 0 0 0 1 0 0 0 -1 2780.dat
1 4 50 0 -100 0 0 -1 0 1 0 1 0 0 3700.dat
1 0 60 10 -100 1 0 0 0 -0.996 -0.087 0 0.087 -0.996 2780.dat
1 0 -60 10 -100 -1 0 0 0 -0.996 0.087 0 0.087 0.996 2780.dat
1 4 -50 0 -100 0 0 1 0 1 0 -1 0 0 3700.dat
1 0 -60 10 100 -1 0 0 0 -1 0 0 0 1 2780.dat
1 4 -50 0 100 0 0 1 0 1 0 -1 0 0 3700.dat
1 0 60 10 100 1 0 0 0 -1 0 0 0 -1 2780.dat
1 4 50 0 100 0 0 -1 0 1 0 1 0 0 3700.dat
1 0 20 10 20 0 1 0 -1 0 0 0 0 1 6141.dat
1 0 -20 10 20 0 -1 0 -1 0 0 0 0 -1 6141.dat
1 0 40 10 260 1 0 0 0 -1 0 0 0 -1 2780.dat
1 0 -40 10 260 1 0 0 0 -1 0 0 0 -1 2780.dat
1 7 0 24 -10 -1 0 0 0 1 0 0 0 -1 4262.dat
1 4 -30 0 180 0 0 1 0 1 0 -1 0 0 2730.dat
1 4 30 0 180 0 0 1 0 1 0 -1 0 0 2730.dat
1 4 0 24 270 -1 0 0 0 1 0 0 0 -1 3710.dat
1 0 -62 10 -10 1 0 0 0 1 0 0 0 1 3705.dat
1 7 -50 0 -10 1 0 0 0 1 0 0 0 1 4261.dat
1 7 -70 10 -10 0 0 -1 -1 0 0 0 1 0 3713.dat
1 7 -50 0 30 0 0 1 1 0 0 0 1 0 3749.dat
1 0 62 10 -10 1 0 0 0 1 0 0 0 1 3705.dat
1 7 50 0 -10 1 0 0 0 1 0 0 0 1 4261.dat
1 7 70 10 -10 0 0 1 1 0 0 0 1 0 3713.dat
1 7 50 0 30 0 0 1 1 0 0 0 1 0 3749.dat
1 4 0 -8 -100 -1 0 0 0 1 0 0 0 -1 3795.dat
1 4 0 -8 100 -1 0 0 0 1 0 0 0 -1 3795.dat
1 4 0 -8 230 -1 0 0 0 1 0 0 0 -1 3710.dat
1 4 30 -8 260 0 0 -1 0 1 0 1 0 0 3023.dat
1 4 -30 -8 260 0 0 -1 0 1 0 1 0 0 3023.dat
1 4 -10 -24 50 0 0 1 0 1 0 -1 0 0 3665.dat
1 0 0 10 220 -1 0 0 0 0 1 0 1 0 3737.dat
1 4 10 -24 50 0 0 -1 0 1 0 1 0 0 3665.dat
1 4 0 -8 -50 0 0 -1 0 1 0 1 0 0 3021.dat
1 7 0 -8 -10 -1 0 0 0 1 0 0 0 -1 4262.dat
1 4 0 -8 20 -1 0 0 0 1 0 0 0 -1 3068.dat
1 7 50 10 220 0 0 1 1 0 0 0 1 0 3713.dat
1 7 -50 10 220 0 0 -1 1 0 0 0 -1 0 3713.dat
1 7 70 10 220 0 0 -1 1 0 0 0 -1 0 3713.dat
1 7 -70 10 220 0 0 1 1 0 0 0 1 0 3713.dat
1 4 -10 -16 -40 0 0 -1 0 1 0 1 0 0 3710.dat
1 4 10 -16 -40 0 0 -1 0 1 0 1 0 0 3710.dat
1 4 -30 -16 250 0 0 -1 0 1 0 1 0 0 3623.dat
1 4 30 -16 250 0 0 -1 0 1 0 1 0 0 3623.dat
1 4 0 -16 100 1 0 0 0 1 0 0 0 1 3709.dat
1 4 0 -16 30 1 0 0 0 1 0 0 0 1 4262.dat
1 0 0 -30 260 1 0 0 0 0.259 -0.966 0 0.966 0.259 3706.dat
1 7 0 -30 260 -1 0 0 0 -0.966 0.259 0 0.259 0.966 6553.dat
1 7 17 -30 260 0 0 1 0.966 0.259 0 -0.259 0.966 0 4143.dat
1 4 -30 -40 260 0 0 1 0 1 0 -1 0 0 3700.dat
1 4 30 -40 260 0 0 1 0 1 0 -1 0 0 3700.dat
1 4 -30 -40 100 0 0 1 0 1 0 -1 0 0 3700.dat
1 4 30 -40 100 0 0 1 0 1 0 -1 0 0 3700.dat
1 4 -10 -40 -60 0 0 1 0 1 0 -1 0 0 3700.dat
1 4 10 -40 -60 0 0 1 0 1 0 -1 0 0 3700.dat
1 0 20 -30 -60 -1 0 0 0 1 0 0 0 -1 2780.dat
1 0 -20 -30 -60 -1 0 0 0 1 0 0 0 -1 2780.dat
1 7 0 -24 30 -1 0 0 0 1 0 0 0 -1 3743.dat
1 4 0 -16 220 1 0 0 0 1 0 0 0 1 3022.dat
1 4 0 -40 230 1 0 0 0 1 0 0 0 1 3701.dat
1 4 0 -40 210 1 0 0 0 1 0 0 0 1 3700.dat
1 0 0 -30 210 0 0 1 0 -1 0 1 0 0 3705.dat
1 7 0 -30 243 0 -1 0 -1 0 0 0 0 -1 4143.dat
1 4 0 -48 220 1 0 0 0 1 0 0 0 1 3022.dat
1 0 50 -30 100 1 0 0 0 1 0 0 0 1 6558.dat
1 0 -50 -30 100 -1 0 0 0 1 0 0 0 -1 6558.dat
1 4 30 -10 -70 0 0 -1 -1 0 0 0 1 0 3701.dat
1 4 -30 -10 -70 0 0 -1 -1 0 0 0 1 0 3701.dat
1 4 -30 -48 250 0 0 -1 0 1 0 1 0 0 3623.dat
1 4 30 -48 250 0 0 -1 0 1 0 1 0 0 3623.dat
1 4 0 -48 100 1 0 0 0 1 0 0 0 1 3709.dat
1 0 0 -102.098 300.024 1 0 0 0 0.259 -0.966 0 0.966 0.259 3708.dat
1 7 0 -102.098 300.024 1 0 0 0 0.966 0.259 0 -0.259 0.966 6536.dat
1 0 0 -85.368 285.184 0 0 -1 0.259 0.966 0 0.966 -0.259 0 2780.dat
1 0 50 -160.058 315.564 0 -1 0 -0.259 0 0.966 -0.966 0 -0.259 2825.dat
1 0 -50 -160.058 315.564 0 1 0 0.259 0 0.966 0.966 0 -0.259 2825.dat
1 7 80 -160.058 315.564 0 0 1 -0.259 0.966 0 -0.966 -0.259 0 6538.dat
1 0 60 -160.058 315.564 -1 0 0 0 0.966 -0.259 0 -0.259 -0.966 3704.dat
1 0 100 -160.058 315.564 -1 0 0 0 0.966 -0.259 0 -0.259 -0.966 3704.dat
1 7 -80 -160.058 315.564 0 0 1 -0.259 0.966 0 -0.966 -0.259 0 6538.dat
1 0 -100 -160.058 315.564 -1 0 0 0 0.966 -0.259 0 -0.259 -0.966 3704.dat
1 0 -60 -160.058 315.564 -1 0 0 0 0.966 -0.259 0 -0.259 -0.966 3704.dat
1 0 -110 -160.058 315.564 0 -1 0 -0.259 0 0.966 -0.966 0 -0.259 2825.dat
1 0 110 -160.058 315.564 0 1 0 0.259 0 0.966 0.966 0 -0.259 2825.dat
1 7 0 -68.638 270.344 0 1 0 0.259 0 0.966 0.966 0 -0.259 3651.dat
1 4 30 -56 270 0 0 -1 0 1 0 1 0 0 3024.dat
1 4 -30 -56 270 0 0 -1 0 1 0 1 0 0 3024.dat
1 4 -30 -56 230 1 0 0 0 1 0 0 0 1 2420.dat
1 4 30 -56 230 0 0 -1 0 1 0 1 0 0 2420.dat
1 4 0 -48 50 1 0 0 0 1 0 0 0 1 3701.dat
1 0 0 -38 50 0 0 1 0 1 0 -1 0 0 4519.dat
1 7 0 -38 30 -1 0 0 0 1 0 0 0 -1 3647.dat
1 7 0 -38 68 1 0 0 0 1 0 0 0 1 3650.dat
1 4 0 -56 50 1 0 0 0 1 0 0 0 1 3460.dat
1 7 -80 -29.848 -96.514 1 0 0 0 0.996 0.087 0 -0.087 0.996 3673.dat
1 4 -70 -10.795 -108.219 0 0 -1 -0.996 0.087 0 0.087 0.996 0 3701.dat
1 7 80 -29.848 -96.514 1 0 0 0 0.996 0.087 0 -0.087 0.996 3673.dat
1 4 70 -10.795 -108.219 0 0 -1 -0.996 0.087 0 0.087 0.996 0 3701.dat
1 7 0 -30 182 1 0 0 0 -1 0 0 0 -1 3650.dat
1 4 0 -41.379 -113.574 1 0 0 0 0.087 -0.996 0 0.996 0.087 3460.dat
1 4 -70 -11.493 -116.188 0 0 1 0.996 0.087 0 -0.087 0.996 0 3023.dat
1 4 70 -11.493 -116.188 0 0 1 0.996 0.087 0 -0.087 0.996 0 3023.dat
1 4 -30 -80 260 0 0 -1 0 1 0 1 0 0 3700.dat
1 4 30 -80 260 0 0 -1 0 1 0 1 0 0 3700.dat
1 0 40 -70 260 1 0 0 0 -1 0 0 0 -1 2780.dat
1 0 -40 -70 260 1 0 0 0 -1 0 0 0 -1 2780.dat
1 4 -60 -70 246 -1 0 0 0 0 -1 0 -1 0 3022.dat
1 4 -70 -70 270 0 0 1 -1 0 0 0 -1 0 3700.dat
1 4 -50 -30 270 0 0 1 -1 0 0 0 -1 0 3894.dat
1 0 -80 -70 260 -1 0 0 0 0 1 0 1 0 2780.dat
1 4 -60 -70 278 -1 0 0 0 0 -1 0 -1 0 3022.dat
1 4 -70 -90 110 0 0 1 -1 0 0 0 -1 0 3895.dat
1 0 -80 -190 100 1 0 0 0 -0.998 0.055 0 -0.055 -0.998 2780.dat
1 0 -80 -70 100 1 0 0 0 -1 0 0 0 -1 2780.dat
1 15 -60 -32.114 -122.415 -1 0 0 0 0.087 0.996 0 0.996 -0.087 4150.dat
1 15 60 -32.114 -122.415 -1 0 0 0 0.087 0.996 0 0.996 -0.087 4150.dat
1 4 -60 -80 40 -1 0 0 0 1 0 0 0 -1 4730.dat
1 4 60 -80 40 1 0 0 0 1 0 0 0 1 4730.dat
1 4 70 -90 110 0 0 1 -1 0 0 0 -1 0 3895.dat
1 0 80 -70 100 1 0 0 0 -1 0 0 0 -1 2780.dat
1 0 80 -190 100 1 0 0 0 -0.998 0.055 0 -0.055 -0.998 2780.dat
1 4 60 -70 246 -1 0 0 0 0 -1 0 -1 0 3022.dat
1 4 70 -70 270 0 0 -1 1 0 0 0 -1 0 3700.dat
1 4 50 -30 270 0 0 -1 1 0 0 0 -1 0 3894.dat
1 0 80 -70 260 1 0 0 0 0 1 0 -1 0 2780.dat
1 4 60 -70 278 -1 0 0 0 0 -1 0 -1 0 3022.dat
1 4 90 -80 120 0 0 1 0 1 0 -1 0 0 3703.dat
1 0 80 -70 -20 -1 0 0 0 1 0 0 0 -1 2780.dat
1 0 90 -70 140 -1 0 0 0 1 0 0 0 -1 3705.dat
1 7 70 -70 140 0 0 -1 -1 0 0 0 1 0 4019.dat
1 4 90 -50.046 -86.921 0 0 1 0.616 0.788 0 -0.788 0.616 0 3701.dat
1 4 -90 -50.046 -86.921 0 0 1 0.616 0.788 0 -0.788 0.616 0 3701.dat
1 0 0 -70 180 1 0 0 0 1 0 0 0 1 3705.dat
1 0 0 -70 180 0 0 1 0 1 0 -1 0 0 4716.dat
1 7 -40 -70 180 0 0 1 0 1 0 -1 0 0 6538.dat
1 7 40 -70 180 0 0 1 0 1 0 -1 0 0 6538.dat
1 0 -70 -70 180 1 0 0 0 -1 0 0 0 -1 4519.dat
1 0 70 -70 180 1 0 0 0 -1 0 0 0 -1 4519.dat
1 7 -70 -70 180 0 0 1 1 0 0 0 1 0 3713.dat
1 7 70 -70 180 0 0 1 1 0 0 0 1 0 4019.dat
1 0 0 -130 100 0 0 1 -1 0 0 0 -1 0 3708.dat
1 7 0 -69 100 -1 0 0 0 0 -1 0 -1 0 3648.dat
1 7 0 -55 100 1 0 0 0 0 1 0 -1 0 4143.dat
1 7 0 -180 100 0 1 0 0 0 1 1 0 0 3713.dat
1 7 0 -220 100 0 -1 0 0 0 -1 1 0 0 3713.dat
1 4 0 -200 110 -1 0 0 0 0 -1 0 -1 0 3700.dat
1 4 -90 -80 120 0 0 1 0 1 0 -1 0 0 3703.dat
1 0 -80 -70 -20 -1 0 0 0 1 0 0 0 -1 2780.dat
1 4 -80 -88 40 -1 0 0 0 1 0 0 0 -1 3022.dat
1 4 80 -88 40 -1 0 0 0 1 0 0 0 -1 3022.dat
1 4 0 -200 86 -1 0 0 0 0 -1 0 -1 0 3460.dat
1 4 0 -200 118 -1 0 0 0 0 -1 0 -1 0 3460.dat
1 4 60 -75.068 -28.621 1 0 0 0 0.507 -0.862 0 0.862 0.507 2444.dat
1 4 -60 -75.068 -28.621 -1 0 0 0 0.507 0.862 0 0.862 -0.507 2444.dat
1 4 -90 -197.791 59.512 0 0 -1 -0.055 0.998 0 0.998 0.055 0 3894.dat
1 4 90 -197.791 59.512 0 0 -1 -0.055 0.998 0 0.998 0.055 0 3894.dat
1 0 -80 -185.613 20.12 -1 0 0 0 0.998 0.055 0 0.055 -0.998 2780.dat
1 0 80 -185.613 20.12 -1 0 0 0 0.998 0.055 0 0.055 -0.998 2780.dat
1 4 0 -88 250 -1 0 0 0 1 0 0 0 -1 3710.dat
1 4 70 -138.955 -18.906 0 0 1 0.862 0.507 0 -0.507 0.862 0 3702.dat
1 4 -70 -138.955 -18.906 0 0 1 0.862 0.507 0 -0.507 0.862 0 3702.dat
1 4 90 -68.669 -76.095 0 0 -1 -0.616 0.788 0 0.788 0.616 0 4276.dat
1 4 -90 -68.669 -76.095 0 0 -1 -0.616 0.788 0 0.788 0.616 0 4276.dat
1 4 -90 -88 -20 0 0 1 0 1 0 -1 0 0 4275.dat
1 4 90 -88 -20 0 0 1 0 1 0 -1 0 0 4275.dat
1 0 -74 -70 -20 -1 0 0 0 0.507 0.862 0 0.862 -0.507 3704.dat
1 7 0 -254 100 0 0 -1 0 1 0 1 0 0 2819.dat
1 7 120 -70 140 0 0 1 0 1 0 -1 0 0 3736.dat
1 7 130 -70 110 1 0 0 0 1 0 0 0 1 3749.dat
1 4 0 -81.131 -73.147 1 0 0 0 0.788 -0.616 0 0.616 0.788 4477.dat
1 4 0 -203.355 9.67 1 0 0 0 0.507 -0.862 0 0.862 0.507 3460.dat
1 15 -101 10 -10 0 0 1 0 1 0 -1 0 0 6580.dat
1 0 -101 10 -10 0 0 1 0 1 0 -1 0 0 6579.dat
1 0 -101 10 220 0 0 1 0 1 0 -1 0 0 6579.dat
1 15 -101 10 220 0 0 1 0 1 0 -1 0 0 6580.dat
1 0 101 10 220 0 0 -1 0 -1 0 -1 0 0 6579.dat
1 15 101 10 220 0 0 -1 0 -1 0 -1 0 0 6580.dat
1 15 101 10 -10 0 0 -1 0 -1 0 -1 0 0 6580.dat
1 0 101 10 -10 0 0 -1 0 -1 0 -1 0 0 6579.dat
