0 Main
0 Name: 4490-1 - Republic Gunship - Mini.mpd
0 Author: LTRON
1 7 0 0 0 0 0 1 0 1 0 -1 0 0 3032.dat
1 7 0 0 80 0 0 1 0 1 0 -1 0 0 3022.dat
1 15 0 -24 90 -1 0 0 0 1 0 0 0 -1 3660.dat
1 15 0 -24 60 -1 0 0 0 1 0 0 0 -1 3003.dat
1 8 0 -24 10 -1 0 0 0 1 0 0 0 -1 3004.dat
1 7 0 0 -80 -1 0 0 0 1 0 0 0 -1 3022.dat
1 15 0 -48 90 0 0 -1 0 1 0 1 0 0 3002.dat
1 0 10 -48 10 0 0 -1 0 1 0 1 0 0 2921.dat
1 0 -10 -48 10 0 0 1 0 1 0 -1 0 0 2921.dat
1 15 -10 -48 -20 0 0 1 0 1 0 -1 0 0 3678.dat
1 15 10 -48 -20 0 0 -1 0 1 0 1 0 0 3678.dat
1 15 10 -48 -60 0 0 -1 0 1 0 1 0 0 3678.dat
1 15 -10 -48 -60 0 0 1 0 1 0 -1 0 0 3678.dat
1 27 -10 -24 -90 0 0 1 0 1 0 -1 0 0 4070.dat
1 27 10 -24 -90 0 0 -1 0 1 0 1 0 0 4070.dat
1 7 24 -14 -90 0 -1 0 1 0 0 0 0 1 4592.dat
1 0 24 -14 -90 0 0 1 1 0 0 0 1 0 4593.dat
1 7 -24 -14 -90 0 1 0 -1 0 0 0 0 1 4592.dat
1 0 -24 -14 -90 0 0 -1 -1 0 0 0 1 0 4593.dat
1 15 0 -56 80 0 0 -1 0 1 0 1 0 0 3832.dat
1 27 0 -48 -90 1 0 0 0 1 0 0 0 1 4216.dat
1 15 0 -64 100 0 0 -1 0 1 0 1 0 0 3832.dat
1 8 0 -64 -10 1 0 0 0 1 0 0 0 1 3023.dat
1 15 0 -72 -30 1 0 0 0 1 0 0 0 1 30363.dat
1 7 0 -72 40 0 0 -1 0 1 0 1 0 0 3795.dat
1 7 0 -72 170 0 0 -1 0 1 0 1 0 0 3021.dat
1 7 10 -72 120 0 0 -1 0 1 0 1 0 0 2436.dat
1 7 -10 -72 120 0 0 1 0 1 0 -1 0 0 2436.dat
1 4 -10 -96 170 0 0 1 0 1 0 -1 0 0 3040.dat
1 4 10 -96 170 0 0 -1 0 1 0 1 0 0 3040.dat
1 15 0 -96 190 1 0 0 0 1 0 0 0 1 3700.dat
1 7 0 -86 200 0 0 -1 0 1 0 1 0 0 4274.dat
1 7 0 -86 208 -1 0 0 0 0 -1 0 -1 0 4592.dat
1 0 0 -86 208 -1 0 0 0 -0.707107 -0.707107 0 -0.707107 0.707107 4593.dat
1 15 32 -32 120 0 -1 0 -1 0 0 0 0 -1 3934.dat
1 15 -32 -32 120 0 1 0 1 0 0 0 0 -1 3933.dat
1 15 0 -120 170 -1 0 0 0 1 0 0 0 -1 3039.dat
1 15 0 -96 110 0 0 1 0 1 0 -1 0 0 3002.dat
1 15 -10 -96 60 0 0 1 0 1 0 -1 0 0 2877.dat
1 15 10 -96 60 0 0 -1 0 1 0 1 0 0 2877.dat
1 15 0 -96 30 1 0 0 0 1 0 0 0 1 30363.dat
1 7 0 -120 120 0 0 -1 0 1 0 1 0 0 6232.dat
1 15 0 -104 30 1 0 0 0 1 0 0 0 1 2540.dat
1 7 0 -104 70 0 0 -1 0 1 0 1 0 0 3021.dat
1 8 0 -110 150 0 -0.55557 0.83147 0 -0.83147 -0.55557 1 0 0 32015.dat
1 1 -24.945 -93.332 150 0.83147 -0.55557 0 -0.55557 -0.83147 0 0 0 -1 43093.dat
1 1 24.945 -93.332 150 -0.83147 0.55557 0 -0.55557 -0.83147 0 0 0 1 43093.dat
1 7 47.713 -40 0.499 0 0.382683 0.92388 1 0 0 0 0.92388 -0.382683 6019.dat
1 0 44.651 -40 -6.893 0 0.382683 0.92388 1 0 0 0 0.92388 -0.382683 6141.dat
1 7 35.467 -40 -29.066 0 0.382683 0.92388 1 0 0 0 0.92388 -0.382683 30367.dat
1 7 -47.713 -40 0.499 0 -0.382683 -0.92388 -1 0 0 0 0.92388 -0.382683 6019.dat
1 0 -44.651 -40 -6.893 0 -0.382683 -0.92388 -1 0 0 0 0.92388 -0.382683 6141.dat
1 7 -35.467 -40 -29.066 0 -0.382683 -0.92388 -1 0 0 0 0.92388 -0.382683 30367.dat
1 0 40 -32 70 0 -1 0 1 0 0 0 0 1 2412.dat
1 0 -40 -32 70 0 1 0 1 0 0 0 0 -1 2412.dat
1 15 0 -128 90 1 0 0 0 1 0 0 0 1 30363.dat
1 15 10 -128 110 0 0 -1 0 1 0 1 0 0 4081.dat
1 15 -10 -128 110 0 0 1 0 1 0 -1 0 0 4081.dat
1 15 0 -128 150 0 0 1 0 1 0 -1 0 0 3021.dat
1 320 0 -79.937 -56.462 0 0 1 0.34202 0.939693 0 -0.939693 0.34202 0 3710.dat
1 7 0 -97.04 -9.478 -1 0 0 0 0.939693 0.34202 0 0.34202 -0.939693 6019.dat
1 40 0 -101.137 -21.61 0 0 -1 -0.34202 0.939693 0 0.939693 0.34202 0 3023.dat
1 40 0 -80.616 -77.992 0 0 -1 -0.34202 0.939693 0 0.939693 0.34202 0 3023.dat
1 40 0 -91.553 -71.332 0 0 -1 -0.34202 0.939693 0 0.939693 0.34202 0 3070.dat
1 40 0 -112.074 -14.95 0 0 -1 -0.34202 0.939693 0 0.939693 0.34202 0 3070.dat
1 15 10 -136 100 0 0 -1 0 1 0 1 0 0 3069.dat
1 7 -10 -136 100 0 0 -1 0 1 0 1 0 0 2412.dat
1 15 109.777 -58.298 150 0 -0.55557 -0.83147 0 0.83147 -0.55557 1 0 0 2413.dat
1 4 47.129 -90.536 150 -0.83147 -0.55557 0 -0.55557 0.83147 0 0 0 -1 2444.dat
1 320 72.648 -92.728 130 0 -0.55557 -0.83147 0 0.83147 -0.55557 1 0 0 41769.dat
1 320 180.738 -20.503 150 0 -0.55557 -0.83147 0 0.83147 -0.55557 1 0 0 3023.dat
1 7 164.684 -50.476 150 0 -0.55557 -0.83147 0 0.83147 -0.55557 1 0 0 30367.dat
1 15 -111.439 -57.187 150 0 0.55557 0.83147 0 0.83147 -0.55557 -1 0 0 2413.dat
1 4 -48.792 -89.425 150 0.83147 0.55557 0 -0.55557 0.83147 0 0 0 1 2444.dat
1 320 -74.311 -91.618 130 0 0.55557 0.83147 0 0.83147 -0.55557 -1 0 0 41770.dat
1 320 -182.401 -19.393 150 0 0.55557 0.83147 0 0.83147 -0.55557 -1 0 0 3023.dat
1 7 -166.347 -49.363 150 0 0.55557 0.83147 0 0.83147 -0.55557 -1 0 0 30367.dat
1 7 30 -126 138 1 0 0 0 0 1 0 -1 0 3062.dat
1 15 30 -126 162 1 0 0 0 0 1 0 -1 0 3062.dat
1 320 30 -126 186 1 0 0 0 0 1 0 -1 0 3062.dat
1 15 30 -126 194 1 0 0 0 0 1 0 -1 0 6141.dat
1 7 -30 -126 138 1 0 0 0 0 1 0 -1 0 3062.dat
1 15 -30 -126 162 1 0 0 0 0 1 0 -1 0 3062.dat
1 320 -30 -126 186 1 0 0 0 0 1 0 -1 0 3062.dat
1 15 -30 -126 194 1 0 0 0 0 1 0 -1 0 6141.dat
1 15 -10 -152 150 -1 0 0 0 1 0 0 0 -1 4599.dat
1 320 -30 -126 82 -1 0 0 0 0 1 0 1 0 3062.dat
1 320 -30 -126 58 -1 0 0 0 0 1 0 1 0 4589.dat
1 320 30 -126 82 -1 0 0 0 0 1 0 1 0 3062.dat
1 320 30 -126 58 -1 0 0 0 0 1 0 1 0 4589.dat
