0 
0 Name: New Model.ldr
0 Author: 
1 72 495.86 -36 90.86 -0.5 0 0.866 0 1 0 -0.866 0 -0.5 3895.dat
1 0 467.2 -26 61.22 0.866 0 0.5 0 1 0 -0.5 0 0.866 2780.dat
1 0 487.2 -26 95.86 0.866 0 0.5 0 1 0 -0.5 0 0.866 2780.dat
1 0 507.2 -26 130.5 0.866 0 0.5 0 1 0 -0.5 0 0.866 2780.dat
1 0 527.2 -26 165.14 0.866 0 0.5 0 1 0 -0.5 0 0.866 2780.dat
1 0 534.52 -26 137.82 0.866 0 0.5 0 1 0 -0.5 0 0.866 2780.dat
1 0 474.52 -26 33.9 0.866 0 0.5 0 1 0 -0.5 0 0.866 2780.dat
1 72 513.18 -36 80.86 -0.5 0 0.866 0 1 0 -0.866 0 -0.5 3895.dat
1 0 561.84 -26 145.14 0.866 0 0.5 0 1 0 -0.5 0 0.866 2780.dat
1 0 541.84 -26 110.5 0.866 0 0.5 0 1 0 -0.5 0 0.866 2780.dat
1 0 521.84 -26 75.86 0.866 0 0.5 0 1 0 -0.5 0 0.866 2780.dat
1 0 501.84 -26 41.22 0.866 0 0.5 0 1 0 -0.5 0 0.866 2780.dat
1 72 580.5 -36 157.46 0.5 0 -0.866 0 1 0 0.866 0 0.5 3701.dat
1 72 528.54 -36 187.46 0.5 0 -0.866 0 1 0 0.866 0 0.5 3701.dat
1 0 449.88 -36 71.22 0.866 0 0.5 0 1 0 -0.5 0 0.866 10247.dat
1 0 469.88 -36 105.86 0.866 0 0.5 0 1 0 -0.5 0 0.866 10247.dat
1 0 489.88 -36 140.5 0.866 0 0.5 0 1 0 -0.5 0 0.866 10247.dat
1 0 559.16 -36 100.5 -0.866 0 -0.5 0 1 0 0.5 0 -0.866 10247.dat
1 0 539.16 -36 65.86 -0.866 0 -0.5 0 1 0 0.5 0 -0.866 10247.dat
1 0 519.16 -36 31.22 -0.866 0 -0.5 0 1 0 0.5 0 -0.866 10247.dat
1 70 494.52 -44 68.54 -0.866 0 -0.5 0 1 0 0.5 0 -0.866 3031.dat
1 70 544.52 -44 155.14 -0.866 0 -0.5 0 1 0 0.5 0 -0.866 3031.dat
1 72 519.52 -44 111.84 -0.866 0 -0.5 0 1 0 0.5 0 -0.866 92593.dat
1 72 454.52 -44 -0.74 0.866 0 0.5 0 1 0 -0.5 0 0.866 11399.dat
1 71 574.52 -44 207.1 0.866 0 0.5 0 1 0 -0.5 0 0.866 18980.dat
1 72 480.5 -36 -15.74 -0.5 0 0.866 0 1 0 -0.866 0 -0.5 3700.dat
1 72 428.54 -36 14.26 -0.5 0 0.866 0 1 0 -0.866 0 -0.5 3700.dat
1 0 527.82 -44 26.22 -0.5 0 0.866 0 1 0 -0.866 0 -0.5 2412.dat
1 0 547.82 -44 60.86 -0.5 0 0.866 0 1 0 -0.866 0 -0.5 2412.dat
1 0 441.22 -44 76.22 -0.5 0 0.866 0 1 0 -0.866 0 -0.5 2412.dat
1 0 461.22 -44 110.86 -0.5 0 0.866 0 1 0 -0.866 0 -0.5 2412.dat
1 71 567.82 -44 95.5 -0.5 0 0.866 0 1 0 -0.866 0 -0.5 3023.dat
1 71 481.22 -44 145.5 -0.5 0 0.866 0 1 0 -0.866 0 -0.5 3023.dat
1 19 529.52 -52 129.16 0.866 0 0.5 0 1 0 -0.5 0 0.866 48336.dat
1 15 544.52 -52 155.14 0.866 0 0.5 0 1 0 -0.5 0 0.866 3022.dat
1 71 596.84 -60 205.76 -0.866 0 -0.5 0 1 0 0.5 0 -0.866 99206.dat
1 71 562.2 -60 225.76 -0.866 0 -0.5 0 1 0 0.5 0 -0.866 99206.dat
1 71 559.52 -52 181.12 -0.866 0 -0.5 0 1 0 0.5 0 -0.866 3023.dat
1 272 469.52 -68 25.24 -0.866 0 -0.5 0 1 0 0.5 0 -0.866 3010.dat
1 272 439.52 -52 -26.72 -0.866 0 -0.5 0 1 0 0.5 0 -0.866 3710.dat
1 71 545.5 -68 96.84 -0.866 0 -0.5 0 1 0 0.5 0 -0.866 4286.dat
1 71 493.54 -68 126.84 -0.866 0 -0.5 0 1 0 0.5 0 -0.866 4286.dat
1 71 534.52 -60 137.82 -0.866 0 -0.5 0 1 0 0.5 0 -0.866 3068.dat
1 71 569.52 -60 198.44 -0.866 0 -0.5 0 1 0 0.5 0 -0.866 2412.dat
1 15 454.52 -52 -0.74 -0.866 0 -0.5 0 1 0 0.5 0 -0.866 3022.dat
1 15 454.52 -60 -0.74 -0.866 0 -0.5 0 1 0 0.5 0 -0.866 3022.dat
1 71 454.52 -84 -0.74 -0.866 0 -0.5 0 1 0 0.5 0 -0.866 98100.dat
1 71 474.552 -36 -70.04 0 -0.5 0.866 -1 0 0 0 -0.866 -0.5 30162.dat
1 71 464.16 -42 -64.04 0 -0.866 -0.5 -1 0 0 0 0.5 -0.866 30374.dat
1 71 464.16 -30 -64.04 0 -0.866 -0.5 -1 0 0 0 0.5 -0.866 30374.dat
1 71 384.488 -36 -18.04 0 -0.5 -0.866 1 0 0 0 -0.866 0.5 30162.dat
1 0 589.16 -68 152.46 0.5 0 -0.866 0 1 0 0.866 0 0.5 98282.dat
1 0 489.16 -68 -20.74 0.5 0 -0.866 0 1 0 0.866 0 0.5 98282.dat
1 0 419.88 -68 19.26 -0.5 0 0.866 0 1 0 -0.866 0 -0.5 98282.dat
1 0 519.88 -68 192.46 -0.5 0 0.866 0 1 0 -0.866 0 -0.5 98282.dat
1 4 494.52 -52 68.54 0.866 0 0.5 0 1 0 -0.5 0 0.866 4079.dat
1 4 479.52 -52 42.56 0.866 0 0.5 0 1 0 -0.5 0 0.866 3829.dat
1 71 585.5 -84 166.12 -0.866 0 -0.5 0 1 0 0.5 0 -0.866 6091.dat
1 71 533.54 -84 196.12 -0.866 0 -0.5 0 1 0 0.5 0 -0.866 6091.dat
1 272 572.82 -68 104.16 -0.866 0 -0.5 0 1 0 0.5 0 -0.866 3665.dat
1 272 486.22 -68 154.16 -0.866 0 -0.5 0 1 0 0.5 0 -0.866 3665.dat
1 272 622.82 -68 190.76 0.866 0 0.5 0 1 0 -0.5 0 0.866 3665.dat
1 272 536.22 -68 240.76 0.866 0 0.5 0 1 0 -0.5 0 0.866 3665.dat
1 272 549.16 -68 83.18 0.866 0 0.5 0 1 0 -0.5 0 0.866 87620.dat
1 272 479.88 -68 123.18 -0.5 0 0.866 0 1 0 -0.866 0 -0.5 87620.dat
1 272 474.16 -60 -46.72 0.866 0 0.5 0 1 0 -0.5 0 0.866 11458.dat
1 272 404.88 -60 -6.72 -0.866 0 -0.5 0 1 0 0.5 0 -0.866 11458.dat
1 71 439.52 -60 -26.72 -0.866 0 -0.5 0 1 0 0.5 0 -0.866 2412.dat
1 272 577.82 -76 112.82 0.5 0 -0.866 0 1 0 0.866 0 0.5 3710.dat
1 272 491.22 -76 162.82 0.5 0 -0.866 0 1 0 0.866 0 0.5 3710.dat
1 272 607.82 -76 164.78 0.5 0 -0.866 0 1 0 0.866 0 0.5 3023.dat
1 272 521.22 -76 214.78 0.5 0 -0.866 0 1 0 0.866 0 0.5 3023.dat
1 57 536.22 -76 240.76 0.5 0 -0.866 0 1 0 0.866 0 0.5 6141.dat
1 57 622.82 -76 190.76 0.5 0 -0.866 0 1 0 0.866 0 0.5 6141.dat
1 57 523.54 -76 178.8 0.5 0 -0.866 0 1 0 0.866 0 0.5 6141.dat
1 57 575.5 -76 148.8 0.5 0 -0.866 0 1 0 0.866 0 0.5 6141.dat
1 272 502.82 -76 -17.08 -0.866 0 -0.5 0 1 0 0.5 0 -0.866 36841.dat
1 272 509.82 -56 -4.956 0.866 -0.5 0 0 0 1 -0.5 -0.866 0 11477.dat
1 272 416.22 -76 32.92 -0.866 0 -0.5 0 1 0 0.5 0 -0.866 36841.dat
1 272 423.22 -56 45.044 0.866 -0.5 0 0 0 1 -0.5 -0.866 0 11477.dat
1 272 470.5 -60 -33.06 0.866 0 0.5 0 1 0 -0.5 0 0.866 11477.dat
1 272 418.54 -60 -3.06 0.866 0 0.5 0 1 0 -0.5 0 0.866 11477.dat
1 272 492.82 -76 -34.4 0.866 0 0.5 0 1 0 -0.5 0 0.866 3070.dat
1 272 406.22 -76 15.6 0.866 0 0.5 0 1 0 -0.5 0 0.866 3070.dat
1 1 485.5 -76 -7.08 0.866 0 0.5 0 1 0 -0.5 0 0.866 3024.dat
1 1 433.54 -76 22.92 0.866 0 0.5 0 1 0 -0.5 0 0.866 3024.dat
1 272 557.82 -68 78.18 0.866 0 0.5 0 1 0 -0.5 0 0.866 29120.dat
1 272 471.22 -68 128.18 0.866 0 0.5 0 1 0 -0.5 0 0.866 29119.dat
1 272 597.82 -84 147.46 -0.5 0 0.866 0 1 0 -0.866 0 -0.5 6636.dat
1 272 511.22 -84 197.46 -0.5 0 0.866 0 1 0 -0.866 0 -0.5 6636.dat
1 71 528.54 -84 187.46 0.5 0 -0.866 0 1 0 0.866 0 0.5 92280.dat
1 71 580.5 -84 157.46 0.5 0 -0.866 0 1 0 0.866 0 0.5 92280.dat
1 71 592.52 -54 238.276 -0.866 -0.5 0 0 0 -1 0.5 -0.866 0 6636.dat
1 272 631.82 -54 206.348 -0.866 -0.5 0 0 0 -1 0.5 -0.866 0 2420.dat
1 272 545.22 -54 256.348 0 -0.5 0.866 -1 0 0 0 -0.866 -0.5 2420.dat
1 272 588.52 -54 231.348 -0.866 -0.5 0 0 0 -1 0.5 -0.866 0 3023.dat
1 36 635.82 -74 213.276 -0.866 -0.5 0 0 0 -1 0.5 -0.866 0 98138.dat
1 36 549.22 -74 263.276 -0.866 -0.5 0 0 0 -1 0.5 -0.866 0 98138.dat
1 1 485.5 -84 -7.08 0.866 0 0.5 0 1 0 -0.5 0 0.866 3024.dat
1 1 485.5 -92 -7.08 0.866 0 0.5 0 1 0 -0.5 0 0.866 3070.dat
1 1 433.54 -84 22.92 0.866 0 0.5 0 1 0 -0.5 0 0.866 3024.dat
1 1 433.54 -92 22.92 0.866 0 0.5 0 1 0 -0.5 0 0.866 3070.dat
1 0 495.5 -92 10.24 -0.5 0 0.866 0 1 0 -0.866 0 -0.5 4599.dat
1 0 443.54 -92 40.24 0.5 0 -0.866 0 1 0 0.866 0 0.5 4599.dat
1 72 469.52 -92 25.24 -0.866 0 -0.5 0 1 0 0.5 0 -0.866 2877.dat
1 1 459.52 -100 7.92 0.866 0 0.5 0 1 0 -0.5 0 0.866 3710.dat
1 288 454.52 -92 -0.74 0.866 0 0.5 0 1 0 -0.5 0 0.866 4032.dat
1 71 449.52 -100 -9.4 0.866 0 0.5 0 1 0 -0.5 0 0.866 44728.dat
1 1 424.54 -90 7.332 0 0.5 0.866 1 0 0 0 0.866 -0.5 3024.dat
1 1 425.86 -90 -30.38 0 0.5 0.866 1 0 0 0 0.866 -0.5 6091.dat
1 1 476.5 -90 -22.668 0 0.5 -0.866 -1 0 0 0 0.866 0.5 3024.dat
1 1 443.18 -90 -40.38 0 0.5 -0.866 -1 0 0 0 0.866 0.5 6091.dat
1 71 438.52 -70 -28.452 -0.866 0.5 0 0 0 1 0.5 0.866 0 3023.dat
1 71 425.86 -80 -30.38 0 0.5 0.866 1 0 0 0 0.866 -0.5 2412.dat
1 71 443.18 -80 -40.38 0 0.5 0.866 1 0 0 0 0.866 -0.5 2412.dat
1 71 391.22 -66 -10.38 -0.5 0 0.866 0 1 0 -0.866 0 -0.5 4274.dat
1 46 387.22 -66 -17.308 0 0.5 -0.866 -1 0 0 0 0.866 0.5 98138.dat
1 71 477.82 -66 -60.38 -0.5 0 0.866 0 1 0 -0.866 0 -0.5 4274.dat
1 46 473.82 -66 -67.308 0 0.5 -0.866 -1 0 0 0 0.866 0.5 98138.dat
1 1 449.52 -108 -9.4 -0.5 0 0.866 0 1 0 -0.866 0 -0.5 26603.dat
1 1 505.5 -92 27.56 0.866 0 0.5 0 1 0 -0.5 0 0.866 92262.dat
1 1 453.54 -92 57.56 0.866 0 0.5 0 1 0 -0.5 0 0.866 92263.dat
1 72 516.52 -100 106.644 0 -0.5 0.866 -1 0 0 0 -0.866 -0.5 3020.dat
1 71 520.52 -70 113.572 -0.866 -0.5 0 0 0 -1 0.5 -0.866 0 60470.dat
1 71 520.52 -130 113.572 0.866 -0.5 0 0 0 1 -0.5 -0.866 0 60470.dat
1 71 520.52 -100 113.572 0.866 -0.5 0 0 0 1 -0.5 -0.866 0 3068.dat
1 72 515.86 -100 125.5 0 -0.5 0.866 -1 0 0 0 -0.866 -0.5 92593.dat
1 72 533.18 -100 115.5 0 -0.5 0.866 -1 0 0 0 -0.866 -0.5 92593.dat
1 71 554.16 -150 91.84 0 -0.866 -0.5 -1 0 0 0 0.5 -0.866 30374.dat
1 71 536.52 -70 141.284 0.866 -0.5 0 0 0 1 -0.5 -0.866 0 3700.dat
1 70 531.52 -110 132.624 0 -0.5 -0.866 1 0 0 0 -0.866 0.5 15462.dat
1 71 531.52 -100 132.624 0.866 -0.5 0 0 0 1 -0.5 -0.866 0 4716.dat
1 71 536.52 -130 141.284 0.866 -0.5 0 0 0 1 -0.5 -0.866 0 3700.dat
1 0 531.52 -150 132.624 0.866 -0.5 0 0 0 1 -0.5 -0.866 0 32270.dat
1 0 540.52 -130 148.212 0.866 -0.5 0 0 0 1 -0.5 -0.866 0 2412.dat
1 72 548.52 -70 162.068 0.866 -0.5 0 0 0 1 -0.5 -0.866 0 85943.dat
1 71 552.52 -70 168.996 0.866 -0.5 0 0 0 1 -0.5 -0.866 0 3023.dat
1 0 543.52 -100 153.408 0.866 -0.5 0 0 0 1 -0.5 -0.866 0 32062.dat
1 72 554.52 -60 172.46 -0.866 0 -0.5 0 1 0 0.5 0 -0.866 41682.dat
1 71 543.52 -100 153.408 0.433 -0.25 0.866 -0.5 -0.866 0 0.749956 -0.433 -0.5 24014.dat
1 71 560.84 -120 183.4062 0.866 -0.25 -0.433 0 -0.866 0.5 -0.5 -0.433 -0.749956 32039.dat
1 72 593.6325 -156.402 244.2027 0.499978 0 -0.866 0 0.999956 0 0.865962 0 0.5 30395.dat
1 72 552.1805 -110 168.408 -0.866 0.25 -0.433 0 0.866 0.5 0.5 0.433 -0.749956 57515.dat
1 0 569.501 -130 198.4071 0.866 -0.433 0.25 0 0.5 0.866 -0.5 -0.749956 0.433 32062.dat
1 0 553.49 -137.96 110.6787 0.866 0.3995 0.301 0 0.602 -0.799 -0.5 0.691934 0.521332 87994.dat
1 0 545.5 -150 96.84 -0.301 0.3995 0.866 0.799 0.602 0 -0.521332 0.691934 -0.5 11090.dat
1 0 585.45 -89.8 166.0334 -0.301 0.3995 0.866 0.799 0.602 0 -0.521332 0.691934 -0.5 23443.dat
1 0 501.53 -137.96 140.6787 0.866 0.3995 0.301 0 0.602 -0.799 -0.5 0.691934 0.521332 87994.dat
1 0 493.54 -150 126.84 -0.301 0.3995 0.866 0.799 0.602 0 -0.521332 0.691934 -0.5 11090.dat
1 0 533.49 -89.8 196.0334 -0.301 0.3995 0.866 0.799 0.602 0 -0.521332 0.691934 -0.5 23443.dat
1 47 479.52 -140 42.56 0.866 0 0.5 0 1 0 -0.5 0 0.866 3823.dat
1 1 535.5 -140 79.52 -0.866 0 -0.5 0 1 0 0.5 0 -0.866 4460.dat
1 1 483.54 -140 109.52 -0.866 0 -0.5 0 1 0 0.5 0 -0.866 4460.dat
1 1 509.52 -156 94.52 0.866 0 0.5 0 1 0 -0.5 0 0.866 45677.dat
1 71 426.086 -108 48.008 0.866 0.5 0 0 0 -1 -0.5 0.866 0 4081.dat
1 71 422.086 -108 41.08 0.866 0.5 0 0 0 -1 -0.5 0.866 0 3070.dat
1 71 510.954 -108 -0.992 0.866 0.5 0 0 0 -1 -0.5 0.866 0 4081.dat
1 71 506.954 -108 -7.92 0.866 0.5 0 0 0 -1 -0.5 0.866 0 3070.dat
1 256 402.56 -26 29.26 -0.5 0 0.866 0 1 0 -0.866 0 -0.5 61254.dat
1 15 402.56 -26 29.26 0.5 0 0.866 0 -1 0 0.866 0 -0.5 56903.dat
1 71 454.52 -26 -0.74 0.866 0 -0.5 0 -1 0 -0.5 0 -0.866 44294.dat
1 71 415.55 -26 21.76 -0.5 0 0.866 0 1 0 -0.866 0 -0.5 32123.dat
1 256 502.56 -26 202.46 -0.5 0 0.866 0 1 0 -0.866 0 -0.5 61254.dat
1 15 502.56 -26 202.46 0.5 0 0.866 0 -1 0 0.866 0 -0.5 56903.dat
1 71 554.52 -26 172.46 0.866 0 -0.5 0 -1 0 -0.5 0 -0.866 44294.dat
1 71 515.55 -26 194.96 -0.5 0 0.866 0 1 0 -0.866 0 -0.5 32123.dat
1 71 493.49 -26 -23.24 0.5 0 0.866 0 -1 0 0.866 0 -0.5 32123.dat
1 71 593.49 -26 149.96 0.5 0 0.866 0 -1 0 0.866 0 -0.5 32123.dat
1 256 506.48 -26 -30.74 -0.5 0 -0.866 0 -1 0 -0.866 0 0.5 61254.dat
1 15 506.48 -26 -30.74 0.5 0 -0.866 0 1 0 0.866 0 0.5 56903.dat
1 256 606.48 -26 142.46 -0.5 0 -0.866 0 -1 0 -0.866 0 0.5 61254.dat
1 15 606.48 -26 142.46 0.5 0 -0.866 0 1 0 0.866 0 0.5 56903.dat
