0 Main
0 Name: 8245-1 - Robot's Revenge.mpd
0 Author: LTRON
1 0 -464 43.792 -976.0488 0 -1 0 -0.999391 0 -0.034899 0.034899 0 -0.999391 6629.dat
1 0 -444 43.792 -976.0488 1 0 0 0 -0.999391 -0.034899 0 0.034899 -0.999391 4519.dat
1 0 -444 -8.9251 -1110.291 1 0 0 0 -0.576439 -0.81714 0 0.81714 -0.576439 4519.dat
1 22 -444 49.3759 -816.146 0 1 0 -0.999391 0 0.034899 0.034899 0 0.999391 32009.dat
1 22 -444 -139.668 -1202.521 0 -1 0 -0.576438 0 -0.81714 0.81714 0 -0.576438 32009.dat
1 0 -444 40.302 -1075.9878 1 0 0 0 -0.999391 -0.034899 0 0.034899 -0.999391 4519.dat
1 0 -444 46.5839 -896.0975 1 0 0 0 -0.999391 -0.034899 0 0.034899 -0.999391 4519.dat
1 7 -464 46.5839 -896.0975 0 0 1 -0.034899 0.999391 0 -0.999391 -0.034899 0 3713.dat
1 7 -424 46.5839 -896.0975 0 0 -1 -0.034899 -0.999391 0 -0.999391 0.034899 0 3713.dat
1 7 -444 40.302 -1075.9878 0 0 -1 -0.034899 -0.999391 0 -0.999391 0.034899 0 3713.dat
1 0 -444 -30.5754 -813.354 1 0 0 0 -0.999391 -0.034899 0 0.034899 -0.999391 3705.dat
1 0 -424 43.792 -976.0488 0 -1 0 -0.999391 0 -0.034899 0.034899 0 -0.999391 6629.dat
1 22 -429 9.4002 -814.75 0 -1 0 -0.999391 0 -0.034899 0.034899 0 -0.999391 32056.dat
1 0 -444 9.4002 -814.75 1 0 0 0 -0.999391 -0.034899 0 0.034899 -0.999391 32062.dat
1 0 -444 8.0043 -854.726 1 0 0 0 -0.999391 -0.034899 0 0.034899 -0.999391 32062.dat
1 0 -444 -11.9836 -854.028 1 0 0 0 0.034899 -0.999391 0 0.999391 0.034899 32039.dat
1 7 -444 -21.9775 -853.679 0 0 1 0.999391 0.034899 0 -0.034899 0.999391 0 2736.dat
1 22 -459 9.4002 -814.75 0 -1 0 -0.999391 0 -0.034899 0.034899 0 -0.999391 32056.dat
1 0 -444 -41.6107 -1133.348 1 0 0 0 -0.999391 -0.034899 0 0.034899 -0.999391 4519.dat
1 0 -444 -106.982 -1179.464 1 0 0 0 -0.999391 -0.034899 0 0.034899 -0.999391 4519.dat
1 7 -464 -41.6107 -1133.348 0 0 1 -0.034899 0.999391 0 -0.999391 -0.034899 0 3713.dat
1 7 -464 -106.982 -1179.464 0 0 1 -0.034899 0.999391 0 -0.999391 -0.034899 0 3713.dat
1 7 -424 -106.982 -1179.464 0 0 -1 0.034899 0.999391 0 0.999391 -0.034899 0 3713.dat
1 7 -424 -41.6107 -1133.348 0 0 -1 0.034899 0.999391 0 0.999391 -0.034899 0 3713.dat
1 0 -444 -10.5876 -814.052 1 0 0 0 -0.999391 -0.034899 0 0.034899 -0.999391 3706.dat
1 0 -474 29.3881 -815.448 0 -1 0 -0.999391 0 -0.034899 0.034899 0 -0.999391 32009.dat
1 7 -494 -10.5876 -814.052 0 0 1 -0.034899 0.999391 0 -0.999391 -0.034899 0 3713.dat
1 0 -444 30.784 -775.473 1 0 0 0 0.93358 -0.358368 0 0.358368 0.93358 3706.dat
1 7 -494 30.784 -775.473 0 0 1 0.358368 0.93358 0 -0.93358 0.358368 0 3648.dat
1 22 -444 30.784 -775.473 -1 0 0 0 0.93358 0.358368 0 0.358368 -0.93358 32012.dat
1 7 -474 41 -1056 -1 0 0 0 1 0 0 0 -1 3749.dat
1 7 -414 41 -1056 1 0 0 0 -1 0 0 0 -1 3749.dat
1 0 -454 -50.5632 -812.656 1 0 0 0 -0.999391 -0.034899 0 0.034899 -0.999391 32073.dat
1 0 -464 34.274 -675.533 1 0 0 0 -0.999391 -0.034899 0 0.034899 -0.999391 2780.dat
1 0 -444 34.274 -675.533 1 0 0 0 -0.999391 -0.034899 0 0.034899 -0.999391 75535.dat
1 0 -424 34.274 -675.533 1 0 0 0 -0.999391 -0.034899 0 0.034899 -0.999391 2780.dat
1 0 -444 -85.893 -672.828 0 -1 0 -0.981627 0 0.190809 -0.190809 0 -0.981627 6629.dat
1 14 -429 -80.228 -785.824 0 1 0 0.670816 0 0.741624 0.741623 0 -0.670816 99773.dat
1 7 -424 -107.061 -815.489 -1 0 0 0 -0.670816 -0.741624 0 -0.741623 0.670816 3749.dat
1 14 -459 -80.228 -785.824 0 1 0 0.670816 0 0.741624 0.741623 0 -0.670816 99773.dat
1 7 -464 -107.061 -815.489 1 0 0 0 -0.670816 0.741624 0 -0.741623 -0.670816 3749.dat
1 0 -444 -85.893 -672.828 -1 0 0 0 -0.190809 0.981627 0 0.981627 0.190809 3705.dat
1 0 -444 -82.077 -692.461 -1 0 0 0 0.190809 -0.981627 0 -0.981627 -0.190809 32062.dat
1 0 -444 -74.444 -731.726 -1 0 0 0 0.190809 -0.981627 0 -0.981627 -0.190809 32062.dat
1 22 -429 -74.444 -731.726 0 -1 0 -0.190809 0 -0.981627 0.981627 0 -0.190809 32056.dat
1 22 -459 -74.444 -731.726 0 -1 0 -0.190809 0 -0.981627 0.981627 0 -0.190809 32056.dat
1 0 -444 -113.709 -739.358 -1 0 0 0 0.190809 -0.981627 0 -0.981627 -0.190809 32062.dat
1 0 -474 -80.228 -785.824 0 0 1 -0.741624 -0.670816 0 0.670816 -0.741623 0 32039.dat
1 0 -414 29.3881 -815.448 0 -1 0 -0.999391 0 -0.034899 0.034899 0 -0.999391 32009.dat
1 7 -394 30.784 -775.473 0 0 -1 -0.358368 0.93358 0 0.933581 0.358368 0 3713.dat
1 7 -394 -10.5876 -814.052 0 0 -1 -0.034899 -0.999391 0 -0.999391 0.034899 0 3713.dat
1 7 -494 -50.5632 -812.656 1 0 0 0 -0.670816 0.741624 0 -0.741624 -0.670816 32014.dat
1 0 -494 -31.1095 -791.149 0 -1 0 -0.670816 0 0.741623 -0.741624 0 -0.670816 32062.dat
1 0 -494 -72.812 -792.532 0 -1 0 -0.741623 0 -0.670816 0.670816 0 -0.741623 32062.dat
1 0 -439 -80.228 -785.824 1 0 0 0 -0.670816 0.741624 0 -0.741623 -0.670816 3705.dat
1 7 -494 -17.0224 -775.575 0 -1 0 0.741623 0 0.670816 -0.670816 0 0.741624 6538.dat
1 7 -403 -80.228 -785.824 0 0 -1 0.741624 -0.670816 0 -0.670816 -0.741623 0 6538.dat
1 0 -464 32.18 -735.497 1 0 0 0 -0.999391 -0.034899 0 0.034899 -0.999391 3707.dat
1 7 -384 32.18 -735.497 0 0 -1 -0.034899 -0.999391 0 -0.999391 0.034899 0 6538.dat
1 7 -494 32.18 -735.497 0 0 -1 -0.034899 -0.999391 0 -0.999391 0.034899 0 3647.dat
1 7 -514 32.18 -735.497 0 0 1 -0.034899 0.999391 0 -0.999391 -0.034899 0 3713.dat
1 0 -363 32.18 -735.497 1 0 0 0 -0.999391 -0.034899 0 0.034899 -0.999391 32062.dat
1 0 -444 -185.782 -1137.15 -1 0 0 0 0.576439 -0.817139 0 -0.81714 -0.576438 4519.dat
1 0 -404 41 -1056 0 0 1 0 -1 0 1 0 0 3482.dat
1 256 -404 41 -1056 0 0 1 0 -1 0 1 0 0 3483.dat
1 0 -483 41 -1056 0 0 1 0 -1 0 1 0 0 3482.dat
1 256 -483 41 -1056 0 0 1 0 -1 0 1 0 0 3483.dat
1 14 -464 -185.782 -1137.15 -1 0 0 0 -0.576439 0.817139 0 0.81714 0.576438 6553.dat
1 14 -424 -185.782 -1137.15 -1 0 0 0 -0.576439 0.817139 0 0.81714 0.576438 6553.dat
1 0 -404 34.972 -655.546 1 0 0 0 -0.999391 -0.034899 0 0.034899 -0.999391 32062.dat
1 0 -484 34.972 -655.546 1 0 0 0 -0.999391 -0.034899 0 0.034899 -0.999391 32062.dat
1 0 -395 14.9842 -654.848 1 0 0 0 0.034899 -0.999391 0 0.999391 0.034899 32039.dat
1 0 -494 14.9842 -654.848 1 0 0 0 0.034899 -0.999391 0 0.999391 0.034899 32039.dat
1 0 -494 -14.9976 -653.801 0 0 1 0.999391 0.034899 0 -0.034899 0.999391 0 3705.dat
1 0 -395 -14.9976 -653.801 0 0 1 0.999391 0.034899 0 -0.034899 0.999391 0 3705.dat
1 7 -474 -5.0037 -654.15 0 0 1 0.999391 0.034899 0 -0.034899 0.999391 0 32039.dat
1 7 -415 -5.0037 -654.15 0 0 -1 0.999391 -0.034899 0 -0.034899 -0.999391 0 32039.dat
1 0 -444 -5.0037 -654.15 1 0 0 0 0.034899 -0.999391 0 0.999391 0.034899 3705.dat
1 7 -459 -5.0037 -654.15 0 0 1 0.999391 0.034899 0 -0.034899 0.999391 0 32123.dat
1 7 -430 -5.0037 -654.15 0 0 1 0.999391 0.034899 0 -0.034899 0.999391 0 32123.dat
1 7 -445 -4.3057 -634.162 0 0 -1 0.999391 -0.034899 0 -0.034899 -0.999391 0 6536.dat
1 0 -445 5.6882 -634.511 0 0 1 0.999391 0.034899 0 -0.034899 0.999391 0 3705.dat
1 7 -445 -24.2935 -633.464 0 -1 0 -0.034899 0 0.999391 -0.999391 0 -0.034899 3713.dat
1 0 -445 10.6852 -634.685 1 0 0 0 -0.999391 -0.034899 0 0.034899 -0.999391 6632.dat
1 0 -445 20.6791 -635.034 1 0 0 0 -0.999391 -0.034899 0 0.034899 -0.999391 6632.dat
1 0 -445 35.67 -635.558 0 0 1 0.999391 0.034899 0 -0.034899 0.999391 0 6536.dat
1 0 -445 36.368 -615.57 -1 0 0 0 0.034899 0.999391 0 0.999391 -0.034899 6558.dat
1 0 -415 36.368 -615.57 -1 0 0 0 0.034899 0.999391 0 0.999391 -0.034899 75535.dat
1 0 -475 36.368 -615.57 1 0 0 0 -0.034899 0.999391 0 -0.999391 -0.034899 75535.dat
1 7 -494 -44.9793 -652.754 0 -1 0 -0.034899 0 0.999391 -0.999391 0 -0.034899 3713.dat
1 22 -331.587 -21.436 -551.637 -0.848971 0 0.528438 0.018442 -0.999391 0.029629 0.528116 0.034899 0.848454 32009.dat
1 0 -399.5051 -19.9607 -509.388 0 -0.848971 0.528438 0.999391 0.018442 0.029629 -0.034899 0.528116 0.848454 4519.dat
1 14 -399.5051 0.0271 -510.086 0 -0.848971 0.528438 0.999391 0.018442 0.029629 -0.034899 0.528116 0.848454 6553.dat
1 14 -399.5051 -39.9485 -508.69 0 -0.848971 0.528438 0.999391 0.018442 0.029629 -0.034899 0.528116 0.848454 6553.dat
1 22 -557.4126 -21.436 -551.637 0.848971 0 -0.528438 0.018442 0.999391 0.029629 0.528116 -0.034899 0.848454 32009.dat
1 0 -489.4949 -19.9607 -509.388 0 0.848971 -0.528438 -0.999391 0.018442 0.029629 0.034899 0.528116 0.848454 4519.dat
1 14 -489.4949 -39.9485 -508.69 0 0.848971 -0.528438 -0.999391 0.018442 0.029629 0.034899 0.528116 0.848454 6553.dat
1 14 -489.4949 0.0272 -510.086 0 0.848971 -0.528438 -0.999391 0.018442 0.029629 0.034899 0.528116 0.848454 6553.dat
1 7 -395 -44.9793 -652.754 0 -1 0 -0.034899 0 0.999391 -0.999391 0 -0.034899 3713.dat
1 0 -444 -53.3955 -756.159 -1 0 0 0 0.670817 0.741623 0 0.741623 -0.670817 3705.dat
1 0 -394 -53.3955 -756.159 0 0 1 -0.670816 0.741622 0 -0.741622 -0.670817 0 32014.dat
1 0 -494 -53.3955 -756.159 0 0 -1 0.670817 0.741622 0 0.741623 -0.670816 0 32014.dat
1 0 -494 -76.386 -735.363 0 0 -1 0.741622 -0.670816 0 -0.670817 -0.741622 0 32062.dat
1 0 -394 -77.128 -734.692 0 0 -1 0.741622 -0.670816 0 -0.670817 -0.741622 0 32062.dat
1 7 -394 -46.6873 -748.742 0 0 -1 0.670817 0.741622 0 0.741622 -0.670816 0 3749.dat
1 7 -494 -46.6873 -748.742 0 0 -1 0.670817 0.741622 0 0.741622 -0.670816 0 3749.dat
1 0 -384.4312 -34.3928 -636.134 0 -0.848972 0.528438 0.999391 0.018442 0.029629 -0.034899 0.528116 0.848454 2780.dat
1 0 -504.5688 -34.3928 -636.134 0 0.848972 -0.528438 -0.999391 0.018442 0.029629 0.034899 0.528116 0.848454 2780.dat
1 0 -494 -41.3208 -742.81 0 0 -1 0.741622 -0.670816 0 -0.670817 -0.741622 0 4032.dat
1 0 -494 -35.9543 -736.876 0 0 -1 0.741622 -0.670816 0 -0.670817 -0.741622 0 4032.dat
1 0 -494 -30.5877 -730.943 0 0 -1 0.741622 -0.670816 0 -0.670817 -0.741622 0 4150.dat
1 0 -394 -41.3208 -742.809 0 0 -1 0.741622 -0.670816 0 -0.670817 -0.741622 0 4032.dat
1 0 -394 -35.9543 -736.876 0 0 -1 0.741622 -0.670816 0 -0.670817 -0.741622 0 4032.dat
1 0 -394 -30.5878 -730.943 0 0 -1 0.741622 -0.670816 0 -0.670817 -0.741622 0 4150.dat
1 0 -394 -81.577 -730.668 -1 0 0 0 0.741623 -0.670817 0 -0.670817 -0.741623 4032.dat
1 0 -394 -87.51 -725.301 -1 0 0 0 0.741623 -0.670817 0 -0.670817 -0.741623 4032.dat
1 0 -394 -93.443 -719.935 -1 0 0 0 0.741623 -0.670817 0 -0.670817 -0.741623 4150.dat
1 0 -494 -81.577 -730.668 -1 0 0 0 0.741623 -0.670817 0 -0.670817 -0.741623 4032.dat
1 0 -494 -87.51 -725.301 -1 0 0 0 0.741623 -0.670817 0 -0.670817 -0.741623 4032.dat
1 0 -494 -93.443 -719.935 -1 0 0 0 0.741623 -0.670817 0 -0.670817 -0.741623 4150.dat
1 7 -424 -104.436 -665.336 0 0 -1 0.374607 0.927184 0 0.927184 -0.374607 0 6536.dat
1 7 -464 -104.436 -665.336 0 0 -1 0.374607 0.927184 0 0.927184 -0.374607 0 6536.dat
1 7 -464 -108.183 -674.608 0 0 -1 0.374607 0.927184 0 0.927184 -0.374607 0 3749.dat
1 7 -424 -108.183 -674.608 0 0 -1 0.374607 0.927184 0 0.927184 -0.374607 0 3749.dat
1 7 -409 -85.893 -672.828 0 0 -1 -0.981627 -0.190809 0 -0.190809 0.981627 0 32123.dat
1 7 -479 -85.893 -672.828 0 0 -1 -0.981627 -0.190809 0 -0.190809 0.981627 0 32123.dat
1 0 -344 32.18 -735.497 0 0 -1 -0.034899 -0.999391 0 -0.999391 0.034899 0 2994.dat
1 256 -344 32.18 -735.497 0 0 -1 -0.034899 -0.999391 0 -0.999391 0.034899 0 6578.dat
1 0 -544 32.18 -735.497 0 0 1 -0.034899 0.999391 0 -0.999391 -0.034899 0 2994.dat
1 256 -544 32.18 -735.497 0 0 1 -0.034899 0.999391 0 -0.999391 -0.034899 0 6578.dat
1 256 -444 -133.342 -743.175 -1 0 0 0 0.190809 -0.981627 0 -0.981627 -0.190809 32039.dat
1 256 -444 -171.625 -750.616 0 0 1 0.190809 0.981627 0 -0.981627 0.190809 0 6553.dat
1 256 -444 -171.625 -750.616 0 0 1 0.190809 0.981627 0 -0.981627 0.190809 0 32062.dat
1 15 -444 -173.343 -741.781 0 0 1 0.981627 -0.190809 0 0.190809 0.981627 0 2723.dat
1 0 -421.5 -107.061 -815.489 0 -1 0 0.7416 0 0.6708 -0.6708 0 0.7416 79.dat
1 0 -415.9987 -107.061 -815.489 0 1 0 0.7416 0 0.6708 -0.6708 0 0.7416 80.dat
1 0 -410.5006 -107.105 -815.398 0.0375 0.9992 -0.0151 0.7415 -0.0177 0.6707 -0.6699 0.0364 0.7415 80.dat
1 0 -405.025 -107.316 -814.957 0.1356 0.9891 -0.0569 0.7399 -0.0629 0.6697 -0.6589 0.1329 0.7404 80.dat
1 0 -399.6764 -107.83 -813.843 0.2861 0.9496 -0.1284 0.7317 -0.13 0.6691 -0.6186 0.2853 0.732 80.dat
1 0 -394.7707 -108.786 -811.679 0.5053 0.8219 -0.2632 0.7134 -0.2262 0.6633 -0.4856 0.5229 0.7006 80.dat
1 0 -390.9975 -110.263 -808.132 0.6819 0.5221 -0.5123 0.7133 -0.3194 0.6239 -0.1621 0.7908 0.5902 80.dat
1 0 -389.0215 -112.087 -803.438 0.5658 0.1613 -0.8086 0.8001 -0.3445 0.4911 0.1993 0.9248 0.324 80.dat
1 0 -388.7452 -113.927 -798.303 0.3198 -0.0833 -0.9438 0.8876 -0.3222 0.3292 0.3315 0.943 0.0291 80.dat
1 0 -389.555 -115.624 -793.14 0.1874 -0.2237 -0.9565 0.9238 -0.2908 0.249 0.3338 0.9303 -0.1521 80.dat
1 0 -390.9949 -117.15 -788.053 0.1598 -0.3068 -0.9383 0.934 -0.2606 0.2443 0.3194 0.9154 -0.2449 80.dat
1 0 -392.8164 -118.517 -783.032 0.1915 -0.3585 -0.9137 0.9295 -0.2327 0.2861 0.3152 0.9041 -0.2887 80.dat
1 0 -394.874 -119.733 -778.071 0.2561 -0.3916 -0.8838 0.9115 -0.2066 0.3557 0.3218 0.8966 -0.3041 80.dat
1 0 -397.086 -120.81 -773.136 0.338 -0.4126 -0.8459 0.8795 -0.1815 0.4399 0.335 0.8927 -0.3015 80.dat
1 0 -399.3873 -121.747 -768.227 0.4268 -0.425 -0.7983 0.8338 -0.1568 0.5293 0.3501 0.8915 -0.2874 80.dat
1 0 -401.7442 -122.549 -763.309 0.5143 -0.4307 -0.7416 0.777 -0.1319 0.6155 0.3629 0.8928 -0.2668 80.dat
1 0 -404.1202 -123.212 -758.378 0.5955 -0.4311 -0.6779 0.7125 -0.1065 0.6935 0.3712 0.896 -0.2437 80.dat
1 0 -406.4801 -123.732 -753.438 0.6672 -0.4266 -0.6107 0.6447 -0.0801 0.7603 0.3732 0.9009 -0.2216 80.dat
1 0 -408.8097 -124.105 -748.455 0.7285 -0.4176 -0.5431 0.5774 -0.0524 0.8148 0.3687 0.9071 -0.203 80.dat
1 0 -411.0745 -124.319 -743.442 0.7804 -0.404 -0.4772 0.5129 -0.0229 0.8582 0.3576 0.9145 -0.1894 80.dat
1 0 -413.2564 -124.366 -738.381 0.8241 -0.3858 -0.4147 0.4527 0.0087 0.8916 0.3404 0.9225 -0.1818 80.dat
1 0 -415.3223 -124.233 -733.281 0.8612 -0.3626 -0.3561 0.397 0.0427 0.9168 0.3172 0.931 -0.1807 80.dat
1 0 -417.245 -123.907 -728.139 0.8931 -0.3339 -0.3016 0.3454 0.0794 0.9351 0.2883 0.9392 -0.1863 80.dat
1 0 -419 -123.37 -722.941 0.9206 -0.2993 -0.2509 0.2969 0.1192 0.9474 0.2537 0.9467 -0.1986 80.dat
1 0 -420.5474 -122.606 -717.707 0.9445 -0.2582 -0.2033 0.2498 0.162 0.9547 0.2135 0.9524 -0.2175 80.dat
1 0 -421.8503 -121.599 -712.451 0.9647 -0.2102 -0.1587 0.2027 0.2077 0.957 0.1682 0.9553 -0.243 80.dat
1 0 -422.8695 -120.336 -707.198 0.981 -0.1553 -0.1164 0.1537 0.2559 0.9544 0.1184 0.9541 -0.2749 80.dat
1 0 -423.5714 -118.799 -701.953 0.9927 -0.0936 -0.076 0.1013 0.3059 0.9467 0.0653 0.9475 -0.3131 80.dat
1 0 -423.8575 -116.949 -696.784 1 -0.0019 0 0.0007 0.3724 0.9281 0.0018 0.9281 -0.3724 80.dat
1 0 -423.8812 -114.916 -691.672 1 -0.0072 0 0.0026 0.3662 0.9305 0.0067 0.9305 -0.3662 80.dat
1 0 -423.9293 -112.911 -686.549 0.9999 -0.0106 0 0.0038 0.3622 0.9321 0.0099 0.932 -0.3622 80.dat
1 0 -423.9759 -110.905 -681.427 1 -0.0059 0 0.0022 0.3676 0.93 0.0055 0.9299 -0.3676 79.dat
1 0 -466.5 -107.061 -815.489 0 1 0 0.7416 0 0.6708 -0.6708 0 0.7416 79.dat
1 0 -472.001 -107.061 -815.489 0 -1 0 0.7416 0 0.6708 -0.6708 0 0.7416 80.dat
1 0 -477.499 -107.105 -815.398 -0.0375 -0.9992 0.0151 0.7415 -0.0177 0.6707 -0.6699 0.0364 0.7415 80.dat
1 0 -482.975 -107.316 -814.957 -0.1356 -0.9891 0.0569 0.7399 -0.0629 0.6697 -0.6589 0.1329 0.7404 80.dat
1 0 -488.324 -107.83 -813.843 -0.2861 -0.9496 0.1284 0.7317 -0.13 0.6691 -0.6186 0.2853 0.732 80.dat
1 0 -493.229 -108.786 -811.679 -0.5053 -0.8219 0.2632 0.7134 -0.2262 0.6633 -0.4856 0.5229 0.7006 80.dat
1 0 -497.003 -110.263 -808.132 -0.6819 -0.5221 0.5123 0.7133 -0.3194 0.6239 -0.1621 0.7908 0.5902 80.dat
1 0 -498.979 -112.087 -803.438 -0.5658 -0.1613 0.8086 0.8001 -0.3445 0.4911 0.1993 0.9248 0.324 80.dat
1 0 -499.255 -113.927 -798.303 -0.3198 0.0833 0.9438 0.8876 -0.3222 0.3292 0.3315 0.943 0.0291 80.dat
1 0 -498.445 -115.624 -793.14 -0.1874 0.2237 0.9565 0.9238 -0.2908 0.249 0.3338 0.9303 -0.1521 80.dat
1 0 -497.005 -117.15 -788.053 -0.1598 0.3068 0.9383 0.934 -0.2606 0.2443 0.3194 0.9154 -0.2449 80.dat
1 0 -495.184 -118.517 -783.032 -0.1915 0.3585 0.9137 0.9295 -0.2327 0.2861 0.3152 0.9041 -0.2887 80.dat
1 0 -493.126 -119.733 -778.071 -0.2561 0.3916 0.8838 0.9115 -0.2066 0.3557 0.3218 0.8966 -0.3041 80.dat
1 0 -490.914 -120.81 -773.136 -0.338 0.4126 0.8459 0.8795 -0.1815 0.4399 0.335 0.8927 -0.3015 80.dat
1 0 -488.613 -121.747 -768.227 -0.4268 0.425 0.7983 0.8338 -0.1568 0.5293 0.3501 0.8915 -0.2874 80.dat
1 0 -486.256 -122.549 -763.309 -0.5143 0.4307 0.7416 0.777 -0.1319 0.6155 0.3629 0.8928 -0.2668 80.dat
1 0 -483.88 -123.212 -758.378 -0.5955 0.4311 0.6779 0.7125 -0.1065 0.6935 0.3712 0.896 -0.2437 80.dat
1 0 -481.52 -123.732 -753.438 -0.6672 0.4266 0.6107 0.6447 -0.0801 0.7603 0.3732 0.9009 -0.2216 80.dat
1 0 -479.19 -124.105 -748.455 -0.7285 0.4176 0.5431 0.5774 -0.0524 0.8148 0.3687 0.9071 -0.203 80.dat
1 0 -476.926 -124.319 -743.442 -0.7804 0.404 0.4772 0.5129 -0.0229 0.8582 0.3576 0.9145 -0.1894 80.dat
1 0 -474.744 -124.366 -738.381 -0.8241 0.3858 0.4147 0.4527 0.0087 0.8916 0.3404 0.9225 -0.1818 80.dat
1 0 -472.678 -124.233 -733.281 -0.8612 0.3626 0.3561 0.397 0.0427 0.9168 0.3172 0.931 -0.1807 80.dat
1 0 -470.755 -123.907 -728.139 -0.8931 0.3339 0.3016 0.3454 0.0794 0.9351 0.2883 0.9392 -0.1863 80.dat
1 0 -469 -123.37 -722.941 -0.9206 0.2993 0.2509 0.2969 0.1192 0.9474 0.2537 0.9467 -0.1986 80.dat
1 0 -467.453 -122.606 -717.707 -0.9445 0.2582 0.2033 0.2498 0.162 0.9547 0.2135 0.9524 -0.2175 80.dat
1 0 -466.15 -121.599 -712.451 -0.9647 0.2102 0.1587 0.2027 0.2077 0.957 0.1682 0.9553 -0.243 80.dat
1 0 -465.131 -120.336 -707.198 -0.981 0.1553 0.1164 0.1537 0.2559 0.9544 0.1184 0.9541 -0.2749 80.dat
1 0 -464.429 -118.799 -701.953 -0.9927 0.0936 0.076 0.1013 0.3059 0.9467 0.0653 0.9475 -0.3131 80.dat
1 0 -464.143 -116.949 -696.784 -1 0.0019 0 0.0007 0.3724 0.9281 0.0018 0.9281 -0.3724 80.dat
1 0 -464.119 -114.916 -691.672 -1 0.0072 0 0.0026 0.3662 0.9305 0.0067 0.9305 -0.3662 80.dat
1 0 -464.071 -112.911 -686.549 -0.9999 0.0106 0 0.0038 0.3622 0.9321 0.0099 0.932 -0.3622 80.dat
1 0 -464.024 -110.905 -681.427 -1 0.0059 0 0.0022 0.3676 0.93 0.0055 0.9299 -0.3676 79.dat
