0 Main
0 Name: 7875-1 - Backhoe.mpd
0 Author: LTRON
1 7 0 0 0 1 0 0 0 1 0 0 0 1 4600.dat
1 14 0 0 50 0 0 1 0 1 0 -1 0 0 3021.dat
1 7 0 -8 80 1 0 0 0 1 0 0 0 1 4600.dat
1 14 0 -8 20 0 0 1 0 1 0 -1 0 0 3020.dat
1 7 -10 -16 -10 1 0 0 0 1 0 0 0 1 6019.dat
1 7 10 -16 -10 1 0 0 0 1 0 0 0 1 6019.dat
1 14 0 -16 40 0 0 1 0 1 0 -1 0 0 3020.dat
1 0 0 -16 90 -1 0 0 0 1 0 0 0 -1 48336.dat
1 14 0 -24 20 0 0 1 0 1 0 -1 0 0 3020.dat
1 14 -10 -24 80 0 0 1 0 1 0 -1 0 0 3023.dat
1 14 10 -24 80 0 0 1 0 1 0 -1 0 0 3023.dat
1 14 0 -32 80 1 0 0 0 1 0 0 0 1 44674.dat
1 14 0 -32 50 -1 0 0 0 1 0 0 0 -1 3023.dat
1 14 0 -40 30 1 0 0 0 1 0 0 0 1 47457.dat
1 14 12 -54.2936 144.0452 0 1 0 -0.5 0 -0.866025 -0.866025 0 0.5 2429.dat
1 14 12 -54.2936 144.0452 0 1 0 0.866025 0 -0.5 -0.5 0 -0.866025 2430.dat
1 0 4 -57.9538 157.7054 0 1 0 0.866025 0 -0.5 -0.5 0 -0.866025 3024.dat
1 0 4 -50.6333 130.3849 0 1 0 0.866025 0 -0.5 -0.5 0 -0.866025 3024.dat
1 0 4 -47.9538 175.0259 0 1 0 0.866025 0 -0.5 -0.5 0 -0.866025 4085.dat
1 0 4 -33.3128 120.3849 0 1 0 -0.5 0 -0.866025 -0.866025 0 0.5 4085.dat
1 14 -4 -54.2936 144.0452 0 1 0 -0.5 0 -0.866025 -0.866025 0 0.5 2429.dat
1 14 -4 -54.2936 144.0452 0 1 0 0.866025 0 -0.5 -0.5 0 -0.866025 2430.dat
1 0 -12 -47.9538 175.0259 0 1 0 0.866025 0 -0.5 -0.5 0 -0.866025 4085.dat
1 0 -12 -33.3128 120.3849 0 1 0 -0.5 0 -0.866025 -0.866025 0 0.5 4085.dat
1 0 0 -17.5359 195.5692 -1 0 0 0 -0.258819 0.965926 0 0.965926 0.258819 48336.dat
1 14 10 -11.3242 172.387 -1 0 0 0 -0.258819 0.965926 0 0.965926 0.258819 6231.dat
1 14 -10 -11.3242 172.387 0 0 -1 -0.965926 -0.258819 0 -0.258819 0.965926 0 6231.dat
1 40 10 -80 80 0 0 1 0 1 0 -1 0 0 4864.dat
1 40 -10 -80 80 0 0 -1 0 1 0 1 0 0 4864.dat
1 40 0 -80 50 -1 0 0 0 1 0 0 0 -1 4864.dat
1 14 0 -88 70 0 0 -1 0 1 0 1 0 0 3021.dat
1 0 0 -1 -46 -1 0 0 0 0.707107 0.707107 0 0.707107 -0.707107 48336.dat
1 14 0 -17.9706 -62.9706 -1 0 0 0 0.707107 0.707107 0 0.707107 -0.707107 30413.dat
1 7 32 5 0 0 0 -1 0 1 0 1 0 0 4624.dat
1 7 -32 5 0 0 0 1 0 1 0 -1 0 0 4624.dat
1 7 -32 -3 80 0 0 1 0 1 0 -1 0 0 6014.dat
1 7 31 -3 80 0 0 -1 0 1 0 1 0 0 6014.dat
1 0 32 5 0 0 0 -1 0 1 0 1 0 0 3641.dat
1 0 -32 5 0 0 0 1 0 1 0 -1 0 0 3641.dat
1 0 37 -3 80 0 0 -1 0 1 0 1 0 0 6015.dat
1 0 -38 -3 80 0 0 1 0 1 0 -1 0 0 6015.dat
