0 
0 Name: New Model.ldr
0 Author: 
1 7 160 -8 -90 1 0 0 0 1 0 0 0 1 4600.dat
1 7 160 -8 -130 1 0 0 0 1 0 0 0 1 4600.dat
1 7 160 -8 -50 1 0 0 0 1 0 0 0 1 4600.dat
1 7 160 -16 -90 0 0 1 0 1 0 -1 0 0 3795.dat
1 7 160 -40 -50 0 0 1 0 1 0 -1 0 0 3003.dat
1 1 150 -40 -140 1 0 0 0 1 0 0 0 1 4589.dat
1 1 170 -40 -140 1 0 0 0 1 0 0 0 1 4589.dat
1 7 160 -40 -120 1 0 0 0 1 0 0 0 1 3004.dat
1 1 173 -52 -50 0 0 -1 0 1 0 1 0 0 4736.dat
1 7 160 -64 -140 -1 0 0 0 1 0 0 0 -1 3039.dat
1 1 150 -56 -40 0 0 -1 0 1 0 1 0 0 4592.dat
1 7 150 -56 -40 0 0.5 -0.866 0 0.866 0.5 1 0 0 4593.dat
1 7 160 -72 -140 1 0 0 0 1 0 0 0 1 3839.dat
1 7 190 -3 -130 0 0 -1 0 1 0 1 0 0 4624.dat
1 7 190 -3 -90 0 0 -1 0 1 0 1 0 0 4624.dat
1 7 190 -3 -50 0 0 -1 0 1 0 1 0 0 4624.dat
1 7 130 -3 -90 0 0 1 0 1 0 -1 0 0 4624.dat
1 7 130 -3 -130 0 0 1 0 1 0 -1 0 0 4624.dat
1 7 130 -3 -50 0 0 1 0 1 0 -1 0 0 4624.dat
1 0 130 -3 -130 0 0 1 0 1 0 -1 0 0 3641.dat
1 0 130 -3 -90 0 0 1 0 1 0 -1 0 0 3641.dat
1 0 130 -3 -50 0 0 1 0 1 0 -1 0 0 3641.dat
1 0 190 -3 -130 0 0 1 0 1 0 -1 0 0 3641.dat
1 0 190 -3 -90 0 0 1 0 1 0 -1 0 0 3641.dat
1 0 190 -3 -50 0 0 1 0 1 0 -1 0 0 3641.dat
1 0 160 -40 -80 1 0 0 0 1 0 0 0 1 3937.dat
1 0 160 -40 -80 1 0 0 0 1 0 0 0 1 3938.dat
1 0 150 -64 -80 0 0 1 0 1 0 -1 0 0 4070.dat
1 0 170 -64 -80 0 0 -1 0 1 0 1 0 0 4070.dat
1 0 160 -72 -80 1 0 0 0 1 0 0 0 1 3794.dat
1 0 192 -54 -80 0 -1 0 0.966 0 -0.259 0.259 0 0.966 4735.dat
1 0 128 -54 -80 0 1 0 -0.966 0 -0.259 -0.259 0 0.966 4735.dat
1 0 160 -96 -80 1 0 0 0 1 0 0 0 1 4733.dat
1 0 178 -86 -80 0 -1 0 0 0 -1 1 0 0 4592.dat
1 0 178 -86 -80 0 -0.5 -0.866 0 0.866 -0.5 1 0 0 4593.dat
1 0 142 -86 -80 0 1 0 0 0 -1 -1 0 0 4592.dat
1 0 142 -86 -80 0 0.5 0.866 0 0.866 -0.5 -1 0 0 4593.dat
1 46 160 -86 -98 1 0 0 0 0 -1 0 1 0 6141.dat
1 46 160 -86 -62 1 0 0 0 0 1 0 -1 0 6141.dat
