0 Main
0 Name: 31049 - Twin Spin Helicopter - Twin Spin Helicopter.mpd
0 Author: LTRON
1 0 0 0 0 0 0 1 0 1 0 -1 0 0 3832.dat
1 0 0 8 -70 0 0 1 0 1 0 -1 0 0 3021.dat
1 71 -10 8 -20 0 0 -1 0 1 0 1 0 0 18677.dat
1 15 0 8 10 -1 0 0 0 1 0 0 0 -1 3004.dat
1 71 10 8 -20 0 0 -1 0 1 0 1 0 0 18677.dat
1 71 10 8 40 0 0 1 0 1 0 -1 0 0 18677.dat
1 71 -10 8 40 0 0 1 0 1 0 -1 0 0 18677.dat
1 15 0 0 140 -1 0 0 0 1 0 0 0 -1 43713.dat
1 4 0 8 190 -1 0 0 0 1 0 0 0 -1 3023.dat
1 0 0 8 120 0 0 -1 0 1 0 1 0 0 3795.dat
1 4 0 0 110 -1 0 0 0 1 0 0 0 -1 3023.dat
1 15 0 0 80 0 0 -1 0 1 0 1 0 0 72454.dat
1 15 0 0 -60 0 0 1 0 1 0 -1 0 0 72454.dat
1 0 0 24 -50 0 0 1 0 1 0 -1 0 0 3021.dat
1 0 0 24 100 0 0 1 0 1 0 -1 0 0 3795.dat
1 0 20 18 -10 1 0 0 0 1 0 0 0 1 2780.dat
1 0 20 18 30 1 0 0 0 1 0 0 0 1 2780.dat
1 0 -20 18 30 1 0 0 0 1 0 0 0 1 2780.dat
1 0 -20 18 -10 1 0 0 0 1 0 0 0 1 2780.dat
1 0 0 24 -120 -1 0 0 0 1 0 0 0 -1 32059.dat
1 4 -10 -24 0 0 0 -1 0 1 0 1 0 0 4865.dat
1 4 10 -24 0 0 0 1 0 1 0 -1 0 0 4865.dat
1 1 0 -24 230 1 0 0 0 1 0 0 0 1 3700.dat
1 0 -30 -8 80 0 0 1 0 1 0 -1 0 0 60479.dat
1 0 30 -8 80 0 0 1 0 1 0 -1 0 0 60479.dat
1 1 0 -24 210 1 0 0 0 1 0 0 0 1 3700.dat
1 4 0 0 -140 0 0 -1 0 1 0 1 0 0 3001.dat
1 15 -40 0 -130 -1 0 0 0 1 0 0 0 -1 6565.dat
1 15 40 0 -130 -1 0 0 0 1 0 0 0 -1 6564.dat
1 14 0 16 -190 -1 0 0 0 1 0 0 0 -1 2412.dat
1 0 0 24 -180 -1 0 0 0 1 0 0 0 -1 3795.dat
1 15 50 0 -180 0 0 1 0 1 0 -1 0 0 3004.dat
1 72 30 0 -220 0 0 -1 0 1 0 1 0 0 3009.dat
1 72 -30 0 -220 0 0 -1 0 1 0 1 0 0 3009.dat
1 15 -50 0 -180 0 0 1 0 1 0 -1 0 0 3004.dat
1 0 30 -8 -80 0 0 1 0 1 0 -1 0 0 3710.dat
1 0 -40 -8 -150 -1 0 0 0 1 0 0 0 -1 43723.dat
1 0 40 -8 -150 -1 0 0 0 1 0 0 0 -1 43722.dat
1 0 -30 -8 -80 0 0 1 0 1 0 -1 0 0 3710.dat
1 0 -40 24 -230 0 0 1 0 1 0 -1 0 0 3021.dat
1 0 -10 24 -270 -1 0 0 0 1 0 0 0 -1 30357.dat
1 0 40 24 -230 0 0 1 0 1 0 -1 0 0 3021.dat
1 0 10 24 -270 0 0 1 0 1 0 -1 0 0 30357.dat
1 40 50 0 -220 0 0 1 0 1 0 -1 0 0 3065.dat
1 40 0 0 -270 1 0 0 0 1 0 0 0 1 62360.dat
1 15 50 0 -250 0 0 1 0 1 0 -1 0 0 3005.dat
1 40 -50 0 -220 0 0 1 0 1 0 -1 0 0 3065.dat
1 15 -50 0 -250 0 0 1 0 1 0 -1 0 0 3005.dat
1 0 40 -8 -210 0 0 1 0 1 0 -1 0 0 3021.dat
1 0 -40 -8 -210 0 0 1 0 1 0 -1 0 0 3021.dat
1 0 0 -8 -240 1 0 0 0 1 0 0 0 1 18646.dat
1 19 0 -14 -163 0 0 1 0 1 0 -1 0 0 99008.dat
1 19 0 -14 -183 -1 0 0 0 1 0 0 0 -1 6589.dat
1 14 0 -24 -160 0 0 -1 0 1 0 1 0 0 17485.dat
1 14 0 -14 -120 -1 0 0 0 1 0 0 0 -1 59443.dat
1 71 0 -14 -30 0 0 -1 0 1 0 1 0 0 60485.dat
1 14 0 -14 60 -1 0 0 0 1 0 0 0 -1 59443.dat
1 4 0 -14 120 0 0 -1 0 1 0 1 0 0 3706.dat
1 14 0 -24 100 0 0 -1 0 1 0 1 0 0 17485.dat
1 19 0 -14 123 1 0 0 0 1 0 0 0 1 6589.dat
1 14 0 -14 180 -1 0 0 0 1 0 0 0 -1 59443.dat
1 72 0 -14 222 0 0 -1 0 1 0 1 0 0 87083.dat
1 15 0 -14 250 -1 0 0 0 1 0 0 0 -1 56903.dat
1 4 0 -32 -160 1 0 0 0 1 0 0 0 1 4032.dat
1 4 0 -32 100 1 0 0 0 1 0 0 0 1 4032.dat
1 4 0 -32 220 1 0 0 0 1 0 0 0 1 4032.dat
1 1 30 -32 180 0 0 -1 0 1 0 1 0 0 3700.dat
1 1 -30 -32 180 0 0 -1 0 1 0 1 0 0 3700.dat
1 1 -30 -32 100 0 0 -1 0 1 0 1 0 0 3700.dat
1 1 30 -32 100 0 0 -1 0 1 0 1 0 0 3700.dat
1 72 30 -32 140 0 0 -1 0 1 0 1 0 0 32064.dat
1 72 -30 -32 140 0 0 -1 0 1 0 1 0 0 32064.dat
1 19 0 -31 140 -0.966 -0.259 0 0 0 1 -0.259 0.966 0 6589.dat
1 70 0 -52 140 0 0 -1 1 0 0 0 -1 0 24316.dat
1 14 0 -83 140 -1 0 0 0 0 -1 0 -1 0 59443.dat
1 1 0 -40 140 -1 0 0 0 1 0 0 0 -1 3709.dat
1 1 0 -40 180 1 0 0 0 1 0 0 0 1 3709.dat
1 1 -30 -40 110 0 0 1 0 1 0 -1 0 0 2420.dat
1 1 30 -40 110 -1 0 0 0 1 0 0 0 -1 2420.dat
1 4 30 -48 140 0 0 1 0 1 0 -1 0 0 3023.dat
1 4 0 -48 110 1 0 0 0 1 0 0 0 1 3023.dat
1 4 -30 -48 140 0 0 1 0 1 0 -1 0 0 3023.dat
1 4 0 -48 170 1 0 0 0 1 0 0 0 1 3023.dat
1 73 10 -40 -40 0 0 -1 0 1 0 1 0 0 6081.dat
1 73 10 -40 40 0 0 -1 0 1 0 1 0 0 6081.dat
1 73 -10 -40 -40 0 0 1 0 1 0 -1 0 0 6081.dat
1 73 -10 -40 40 0 0 1 0 1 0 -1 0 0 6081.dat
1 1 0 -40 20 0 0 -1 0 1 0 1 0 0 3034.dat
1 4 0 -40 -70 1 0 0 0 1 0 0 0 1 3023.dat
1 73 -40 -32 -120 -1 0 0 0 1 0 0 0 -1 43721.dat
1 73 40 -32 -120 -1 0 0 0 1 0 0 0 -1 43720.dat
1 73 -30 -32 -200 0 0 1 0 1 0 -1 0 0 3037.dat
1 73 30 -32 -200 0 0 -1 0 1 0 1 0 0 3037.dat
1 34 -50 -16 -250 0 0 1 0 1 0 -1 0 0 6141.dat
1 36 50 -16 -250 0 0 1 0 1 0 -1 0 0 6141.dat
1 73 20 -32 -260 1 0 0 0 1 0 0 0 1 87620.dat
1 73 -20 -32 -260 0 0 1 0 1 0 -1 0 0 87620.dat
1 73 -10 -8 -290 1 0 0 0 1 0 0 0 1 54200.dat
1 73 10 -8 -290 1 0 0 0 1 0 0 0 1 54200.dat
1 15 -10 -40 220 0 0 1 0 1 0 -1 0 0 44728.dat
1 15 -32 -20 210 0 1 0 1 0 0 0 0 -1 3023.dat
1 15 -24 -30 220 0 1 0 1 0 0 0 0 -1 11477.dat
1 15 -24 -10 220 0 1 0 1 0 0 0 0 -1 11477.dat
1 15 10 -40 220 0 0 -1 0 1 0 1 0 0 44728.dat
1 15 32 -20 210 0 -1 0 1 0 0 0 0 1 3023.dat
1 15 24 -30 220 0 -1 0 -1 0 0 0 0 -1 11477.dat
1 15 24 -10 220 0 -1 0 -1 0 0 0 0 -1 11477.dat
1 57 0 -56 230 1 0 0 0 1 0 0 0 1 6141.dat
1 72 30 -72 140 0 0 -1 0 1 0 1 0 0 32064.dat
1 1 0 -48 230 1 0 0 0 1 0 0 0 1 15573.dat
1 72 -30 -72 140 0 0 -1 0 1 0 1 0 0 32064.dat
1 73 -30 -88 110 1 0 0 0 1 0 0 0 1 60481.dat
1 73 -30 -88 170 -1 0 0 0 1 0 0 0 -1 60481.dat
1 73 30 -88 110 1 0 0 0 1 0 0 0 1 60481.dat
1 73 30 -88 170 -1 0 0 0 1 0 0 0 -1 60481.dat
1 73 0 -96 110 1 0 0 0 1 0 0 0 1 3710.dat
1 73 30 -96 140 0 0 -1 0 1 0 1 0 0 3004.dat
1 73 -30 -96 140 0 0 -1 0 1 0 1 0 0 3004.dat
1 73 0 -96 170 1 0 0 0 1 0 0 0 1 3710.dat
1 71 0 -104 140 1 0 0 0 1 0 0 0 1 64799.dat
1 1 0 -88 90 1 0 0 0 1 0 0 0 1 3678.dat
1 1 0 -88 90 1 0 0 0 1 0 0 0 1 85984.dat
1 1 0 -88 190 -1 0 0 0 1 0 0 0 -1 85984.dat
1 1 0 -88 190 -1 0 0 0 1 0 0 0 -1 3678.dat
1 0 45 -22 140 0 -1 0 0 0 -1 1 0 0 99773.dat
1 1 40 -22 100 1 0 0 0 0 -1 0 1 0 43093.dat
1 71 55 -22 100 0 0 -1 0 1 0 1 0 0 32123.dat
1 1 40 -22 180 1 0 0 0 0 -1 0 1 0 43093.dat
1 71 55 -22 180 0 0 -1 0 1 0 1 0 0 32123.dat
1 0 -45 -22 140 0 1 0 0 0 -1 -1 0 0 99773.dat
1 1 -40 -22 100 -1 0 0 0 0 -1 0 -1 0 43093.dat
1 1 -40 -22 180 -1 0 0 0 0 -1 0 -1 0 43093.dat
1 71 -55 -22 180 0 0 1 0 1 0 -1 0 0 32123.dat
1 71 -55 -22 100 0 0 1 0 1 0 -1 0 0 32123.dat
1 0 -40 -62 140 1 0 0 0 0 -1 0 1 0 18651.dat
1 72 -70 -62 106 1 0 0 0 0 -1 0 1 0 30367.dat
1 72 -70 -62 140 1 0 0 0 0 -1 0 1 0 30361.dat
1 0 40 -62 140 -1 0 0 0 0 1 0 1 0 18651.dat
1 72 70 -62 140 -1 0 0 0 0 1 0 1 0 30361.dat
1 72 70 -62 106 -1 0 0 0 0 1 0 1 0 30367.dat
1 0 0 -112 110 1 0 0 0 1 0 0 0 1 2412.dat
1 1 0 -112 140 1 0 0 0 1 0 0 0 1 3709.dat
1 0 0 -112 170 1 0 0 0 1 0 0 0 1 2412.dat
1 1 -30 -104 140 1 0 0 0 1 0 0 0 1 93273.dat
1 1 30 -104 140 -1 0 0 0 1 0 0 0 -1 93273.dat
1 72 0 -120 140 -1 0 0 0 1 0 0 0 -1 15535.dat
1 1 0 -40 -120 1 0 0 0 1 0 0 0 1 3031.dat
1 1 0 -40 -260 1 0 0 0 1 0 0 0 1 51739.dat
1 1 -30 -40 -150 0 0 1 0 1 0 -1 0 0 54200.dat
1 1 30 -40 -150 0 0 -1 0 1 0 1 0 0 54200.dat
1 1 10 -64 -250 1 0 0 0 1 0 0 0 1 13548.dat
1 1 -10 -64 -250 0 0 1 0 1 0 -1 0 0 13548.dat
1 4 0 -48 -150 1 0 0 0 1 0 0 0 1 3023.dat
1 1 -10 -64 -130 -1 0 0 0 1 0 0 0 -1 43710.dat
1 1 10 -64 -130 -1 0 0 0 1 0 0 0 -1 43711.dat
1 15 0 -56 -150 1 0 0 0 1 0 0 0 1 3023.dat
1 1 0 -64 -150 1 0 0 0 1 0 0 0 1 15573.dat
1 57 0 -72 -150 1 0 0 0 1 0 0 0 1 6141.dat
1 0 80 98 10 -1 0 0 0 1 0 0 0 -1 62462.dat
1 71 50 58 10 0 1 0 0 0 1 1 0 0 33299.dat
1 4 0 58 10 -1 0 0 0 1 0 0 0 -1 3706.dat
1 72 30 58 10 0 -1 0 0 0 -1 1 0 0 60484.dat
1 71 15 58 10 0 0 1 0 1 0 -1 0 0 32123.dat
1 71 0 58 10 -1 0 0 0 0 -1 0 -1 0 61510.dat
1 71 -15 58 10 0 0 1 0 1 0 -1 0 0 32123.dat
1 72 -30 58 10 0 1 0 0 0 -1 -1 0 0 60484.dat
1 72 -50 38 10 0 0 -1 0.383 -0.924 0 -0.924 -0.383 0 10928.dat
1 1 -40 38 10 -1 0 0 0 -0.924 -0.383 0 -0.383 0.924 43093.dat
1 72 -50 58 10 0 0 -1 0 -1 0 -1 0 0 10928.dat
1 72 0 64 -230 0 0 1 0 1 0 -1 0 0 60219.dat
1 15 0 56 -200 1 0 0 0 1 0 0 0 1 3010.dat
1 2 0 56 -230 0 0 1 0 1 0 -1 0 0 3941.dat
1 1 0 72 -260 -1 0 0 0 1 0 0 0 -1 3710.dat
1 15 -50 56 -230 0 0 1 0 1 0 -1 0 0 3710.dat
1 15 50 56 -230 0 0 1 0 1 0 -1 0 0 3710.dat
1 15 0 32 -220 0 0 1 0 1 0 -1 0 0 3002.dat
1 71 -20 32 -260 1 0 0 0 1 0 0 0 1 22885.dat
1 71 20 32 -260 1 0 0 0 1 0 0 0 1 22885.dat
1 15 -50 32 -230 0 0 1 0 1 0 -1 0 0 3010.dat
1 15 50 32 -230 0 0 1 0 1 0 -1 0 0 3010.dat
1 15 -30 32 -200 -1 0 0 0 1 0 0 0 -1 4287.dat
1 15 30 32 -200 -1 0 0 0 1 0 0 0 -1 4287.dat
1 1 0 32 -240 -1 0 0 0 1 0 0 0 -1 85984.dat
1 0 0 24 -220 -1 0 0 0 1 0 0 0 -1 2412.dat
1 1 0 32 -200 1 0 0 0 1 0 0 0 1 85984.dat
1 1 0 88 -230 0 0 1 0 1 0 -1 0 0 3709.dat
1 15 -10 42 -318 0 0 1 1 0 0 0 1 0 88293.dat
1 15 10 42 -318 1 0 0 0 0 -1 0 1 0 88293.dat
1 0 0 86 -230 0 1 0 -1 0 0 0 0 1 18651.dat
1 72 -22 120 -230 1 0 0 0 1 0 0 0 1 15540.dat
1 71 0 106 -230 1 0 0 0 1 0 0 0 1 87082.dat
1 72 22 119 -230 1 0 0 0 1 0 0 0 1 15540.dat
1 71 -128.3 110.5 140 0 -1 0 -1 0 0 0 0 -1 22961.dat
1 0 -118.3 110.5 140 -1 0 0 0 0 1 0 1 0 2780.dat
1 15 -128.3 70.5 140 0 -1 0 0 0 -1 1 0 0 32016.dat
1 0 -109.166 24.306 140 -0.383 0 0.924 0.924 0 0.383 0 1 0 3705.dat
1 0 -90.032 -21.888 140 0 -0.924 0.383 0 -0.383 -0.924 1 0 0 32015.dat
1 71 -90.032 -21.888 130 0 -0.924 -0.383 0 -0.383 0.924 -1 0 0 4274.dat
1 71 -128.3 70.5 130 0 -0.924 -0.383 0 -0.383 0.924 -1 0 0 4274.dat
1 71 -50.032 -21.888 140 1 0 0 0 0 -1 0 1 0 4519.dat
1 71 -55.032 -21.888 140 0 0 -1 -1 0 0 0 1 0 32123.dat
1 1 -109.166 24.306 124 0.383 0 -0.924 -0.924 0 -0.383 0 1 0 3666.dat
1 1 -109.166 24.306 116 -0.383 0 0.924 0.924 0 0.383 0 1 0 2436.dat
1 1 -129.491 15.887 136 0 0.924 0.383 0 0.383 -0.924 -1 0 0 41769.dat
1 72 -108.3 124.5 140 1 0 0 0 1 0 0 0 1 15540.dat
1 71 128.3 110.5 140 0 1 0 -1 0 0 0 0 1 22961.dat
1 0 118.3 110.5 140 -1 0 0 0 0 1 0 1 0 2780.dat
1 15 128.3 70.5 140 0 1 0 0 0 -1 -1 0 0 32016.dat
1 0 109.166 24.306 140 -0.383 0 -0.924 -0.924 0 0.383 0 1 0 3705.dat
1 0 90.032 -21.888 140 0 0.924 -0.383 0 -0.383 -0.924 -1 0 0 32015.dat
1 71 90.032 -21.888 130 0 0.924 -0.383 0 -0.383 -0.924 -1 0 0 4274.dat
1 71 128.3 70.5 130 0 0.924 -0.383 0 -0.383 -0.924 -1 0 0 4274.dat
1 71 50.032 -21.888 140 -1 0 0 0 0 1 0 1 0 4519.dat
1 71 55.032 -21.888 140 0 0 1 1 0 0 0 1 0 32123.dat
1 1 109.166 24.306 124 0.383 0 0.924 0.924 0 -0.383 0 1 0 3666.dat
1 1 109.166 24.306 116 -0.383 0 -0.924 -0.924 0 0.383 0 1 0 2436.dat
1 1 129.491 15.887 136 0 -0.924 -0.383 0 0.383 -0.924 1 0 0 41770.dat
1 72 108.3 124.5 140 1 0 0 0 1 0 0 0 1 15540.dat
1 0 0 -124 140 0 -1 0 1 0 0 0 0 1 3705.dat
1 4 0 -130 140 1 0 0 0 0 -1 0 1 0 3713.dat
1 1 0 -40 -200 1 0 0 0 1 0 0 0 1 3709.dat
1 1 0 -48 -200 0 0 1 0 1 0 -1 0 0 3709.dat
1 1 0 -40 -230 1 0 0 0 1 0 0 0 1 3710.dat
1 1 0 -40 -170 1 0 0 0 1 0 0 0 1 3710.dat
1 1 30 -40 -220 0 0 -1 0 1 0 1 0 0 85984.dat
1 1 30 -40 -180 0 0 -1 0 1 0 1 0 0 85984.dat
1 1 -30 -40 -220 0 0 1 0 1 0 -1 0 0 85984.dat
1 1 -30 -40 -180 0 0 1 0 1 0 -1 0 0 85984.dat
1 72 -10 -56 -230 1 0 0 0 1 0 0 0 1 6141.dat
1 72 10 -56 -230 1 0 0 0 1 0 0 0 1 6141.dat
1 72 10 -56 -170 1 0 0 0 1 0 0 0 1 6141.dat
1 72 -10 -56 -170 1 0 0 0 1 0 0 0 1 6141.dat
1 1 0 -64 -200 0 0 1 0 1 0 -1 0 0 3709.dat
1 0 0 -72 -230 -1 0 0 0 1 0 0 0 -1 2412.dat
1 72 0 -72 -200 1 0 0 0 1 0 0 0 1 15535.dat
1 0 0 -72 -170 -1 0 0 0 1 0 0 0 -1 2412.dat
1 28 0 -73 -200 0 -0.966 0.259 1 0 0 0 0.259 0.966 15462.dat
1 19 0 -32 -200 0.966 -0.259 0 0 0 1 -0.259 -0.966 0 6589.dat
1 4 0 -82 -200 0.966 0.259 0 0 0 -1 -0.259 0.966 0 3713.dat
1 71 0 -100 -200 -0.965762 0 -0.258762 0 1 0 0.258762 0 -0.965762 32125.dat
1 0 -12.9388 -92 -248.2888 -0.258762 0 0.965762 0 1 0 -0.965762 0 -0.258762 3710.dat
1 0 48.2888 -92 -187.0612 0.965762 0 -0.258762 0 1 0 0.258762 0 0.965762 3710.dat
1 0 -35.35 -92 -164.65 -0.707 0 -0.707 0 1 0 0.707 0 -0.707 3710.dat
1 0 -113.12 -100 -101.02 -0.707 0 -0.707 0 1 0 0.707 0 -0.707 3832.dat
1 0 142.2795 -100 -151.5253 0.965762 0 -0.258762 0 1 0 0.258762 0 0.965762 3832.dat
1 0 -29.1595 -100 -347.4547 -0.258762 0 0.965762 0 1 0 -0.965762 0 -0.258762 3832.dat
1 0 -23.29 -108 -286.92 -0.258762 0 0.965762 0 1 0 -0.965762 0 -0.258762 4162.dat
1 0 86.92 -108 -176.71 0.965762 0 -0.258762 0 1 0 0.258762 0 0.965762 4162.dat
1 0 -63.63 -108 -136.37 -0.707 0 -0.707 0 1 0 0.707 0 -0.707 4162.dat
1 14 -52.4495 -108 -434.3748 -0.965762 0 -0.258762 0 1 0 0.258762 0 -0.965762 2412.dat
1 14 229.1995 -108 -128.2353 0.258762 0 0.965762 0 1 0 -0.965762 0 0.258762 2412.dat
1 14 -176.75 -108 -37.39 0.707 0 -0.707 0 1 0 0.707 0 0.707 2412.dat
1 71 0 -148 140 0 0 -0.999956 0 1 0 0.999956 0 0 32125.dat
1 0 -49.9987 -140 140.0005 -0.999956 0 0 0 1 0 0 0 -0.999956 3710.dat
1 0 24.9987 -140 96.6995 0.499956 0 0.866 0 1 0 -0.866 0 0.499956 3710.dat
1 0 25 -140 183.3 0.5 0 -0.866 0 1 0 0.866 0 0.5 3710.dat
1 0 66.34 -148 274.9 0.5 0 -0.866 0 1 0 0.866 0 0.5 3832.dat
1 0 83.6569 -148 15.0976 0.499956 0 0.866 0 1 0 -0.866 0 0.499956 3832.dat
1 0 -149.9969 -148 130.0024 -0.999956 0 0 0 1 0 0 0 -0.999956 3832.dat
1 0 -89.9978 -156 140.001 -0.999956 0 0 0 1 0 0 0 -0.999956 4162.dat
1 0 44.9978 -156 62.059 0.499956 0 0.866 0 1 0 -0.866 0 0.499956 4162.dat
1 0 45 -156 217.94 0.5 0 -0.866 0 1 0 0.866 0 0.5 4162.dat
1 14 -239.9946 -156 130.0034 0 0 -0.999956 0 1 0 0.999956 0 0 2412.dat
1 14 128.6546 -156 -62.8434 -0.866 0 0.499956 0 1 0 -0.499956 0 -0.866 2412.dat
1 14 111.34 -156 352.84 0.866 0 0.5 0 1 0 -0.5 0 0.866 2412.dat
