0 Main
0 Name: 6799-1 - Showdown Canyon - Carriage.mpd
0 Author: LTRON
1 0 0 -55 0 0 0 1 0 1 0 -1 0 0 3032.dat
1 4 -30 -63 0 0 0 1 0 1 0 -1 0 0 3666.dat
1 4 30 -63 0 0 0 1 0 1 0 -1 0 0 3666.dat
1 0 0 -47 50 -1 0 0 0 1 0 0 0 -1 4623.dat
1 0 30 -47 50 -1 0 0 0 1 0 0 0 -1 4085.dat
1 0 -30 -47 50 -1 0 0 0 1 0 0 0 -1 4085.dat
1 7 0 -47 -40 -1 0 0 0 1 0 0 0 -1 3679.dat
1 0 0 -39 50 -1 0 0 0 1 0 0 0 -1 2926.dat
1 4 0 -31 50 -1 0 0 0 1 0 0 0 -1 3710.dat
1 4 0 -63 -10 -1 0 0 0 1 0 0 0 -1 3023.dat
1 4 0 -63 40 -1 0 0 0 1 0 0 0 -1 3068.dat
1 4 0 -79 10 -1 0 0 0 1 0 0 0 -1 4865.dat
1 0 -30 -71 -50 -1 0 0 0 1 0 0 0 -1 6141.dat
1 0 30 -71 -50 -1 0 0 0 1 0 0 0 -1 6141.dat
1 0 30 -87 10 1 0 0 0 1 0 0 0 1 4286.dat
1 0 -30 -87 10 1 0 0 0 1 0 0 0 1 4286.dat
1 0 30 -87 30 -1 0 0 0 1 0 0 0 -1 3040.dat
1 0 -30 -87 30 -1 0 0 0 1 0 0 0 -1 3040.dat
1 4 30 -95 20 0 0 1 0 1 0 -1 0 0 3023.dat
1 4 -30 -95 20 0 0 1 0 1 0 -1 0 0 3023.dat
1 8 -30 -79 -50 0.866 0 -0.5 0 1 0 0.5 0 0.866 208.dat
1 8 30 -79 -50 0.743 0 0.669 0 1 0 -0.669 0 0.743 208.dat
1 16 43.5111 -76.4136 52.8208 -0.524021 -0.28375 -0.802861 -0.766946 -0.25372 0.590251 -0.371287 0.924376 -0.084361 209.dat
1 16 48.7402 -71.7594 31.0695 -0.850257 0.172705 -0.496926 0.521844 0.152562 -0.83987 -0.06897 -0.972757 -0.220069 209.dat
1 16 49.4562 -71.125 26.1721 -0.418111 -0.114029 -0.901043 -0.897897 -0.101462 0.429492 -0.140696 0.987967 -0.059741 209.dat
1 16 51.3461 -69.4155 3.3447 -0.949595 0.050344 -0.308921 0.311429 0.047225 -0.94961 -0.033064 -0.997317 -0.060895 209.dat
1 16 51.3686 -69.3723 -1.6395 -0.172525 0.041229 -0.983988 -0.984804 0.029839 0.173919 0.036085 0.998439 0.035508 209.dat
1 16 48.4384 -71.7169 -24.1606 -0.976754 -0.213626 -0.003706 0.041807 -0.174078 -0.98434 0.209524 -0.961096 0.178428 209.dat
1 16 46.6849 -73.1604 -28.4198 0.202851 0.493461 -0.845604 -0.913337 0.407962 0.018971 0.353725 0.768175 0.533132 209.dat
1 16 42.624 -77.3607 57.4348 0.162078 0.950361 0.263934 -0.071934 -0.255257 0.964529 0.983778 -0.175553 0.026886 209.dat
1 16 21.5083 -72.39 60.9326 0.19756 -0.970405 0.135652 0.980592 0.1939 -0.038599 0.01107 0.140898 0.98964 209.dat
1 16 15.646 -71.405 61.653 0.091539 0.98779 0.12251 0.000234 -0.122816 0.992755 0.995453 -0.091117 -0.011532 209.dat
1 16 -6.1957 -69.6743 62.9318 0.029764 -0.99885 0.023 0.999028 0.030382 0.040851 -0.041527 0.022051 0.998574 209.dat
1 16 -12.1614 -69.8082 62.821 -0.082682 0.992122 -0.089297 0.075114 0.095956 0.992874 0.993443 0.075076 -0.082437 209.dat
1 16 -33.4275 -73.7077 59.7737 -0.239868 -0.940717 -0.237975 0.960524 -0.266479 0.08385 -0.142218 -0.208142 0.967374 209.dat
1 16 -38.7903 -75.6881 58.2247 -0.390571 0.842883 -0.368942 0.058146 0.423248 0.904505 0.918474 0.331496 -0.214189 209.dat
1 16 -39.2328 -75.8588 -34.1485 -0.485488 0.493105 0.721906 -0.850793 -0.456461 -0.260375 0.201129 -0.740602 0.641137 209.dat
1 16 -47.7389 -68.686 -14.8633 0.889026 -0.25598 -0.379614 -0.343276 0.175989 -0.922599 0.302975 0.950527 0.068587 209.dat
1 16 -48.6827 -68.1931 -10.0504 -0.290002 0.126157 0.948674 -0.956932 -0.024342 -0.289289 -0.013403 -0.991712 0.127783 209.dat
1 16 -50.6651 -68.7509 12.7979 0.977966 -0.046378 -0.203546 -0.206533 -0.072823 -0.975726 0.03043 0.996266 -0.080797 209.dat
1 16 -50.7452 -69.3163 17.7517 -0.124911 -0.014205 0.992066 -0.980674 0.153528 -0.121278 -0.150587 -0.988042 -0.033107 209.dat
1 16 -49.7266 -73.9145 40.221 0.995471 0.074378 -0.059214 -0.039193 -0.24639 -0.968378 -0.086616 0.966313 -0.242359 209.dat
1 16 -49.1117 -75.6034 44.8419 -0.024595 -0.171894 0.984808 -0.901183 0.430237 0.05259 -0.432741 -0.886199 -0.16549 209.dat
1 0 0 -111 24 -1 0 0 0 1 0 0 0 -1 4345.dat
1 2 4 -79 28 0 0 1 0 1 0 -1 0 0 3069.dat
1 2 -3 -87 28 0 0 1 0 1 0 -1 0 0 3069.dat
1 2 0 -111 24 -1 0 0 0 1 0 0 0 -1 4346.dat
1 6 50 -34 50 0 0 -1 0 1 0 1 0 0 2470.dat
1 6 -50 -34 50 0 0 1 0 1 0 -1 0 0 2470.dat
1 4 0 -47 -40 0.966 0 -0.259 0 1 0 0.259 0 0.966 4508.dat
1 0 2.59 -39 -49.66 0.966 0 -0.259 0 1 0 0.259 0 0.966 2926.dat
1 0 -2.59 -39 -30.34 0.966 0 -0.259 0 1 0 0.259 0 0.966 3023.dat
1 4 0 -31 -40 0.966 0 -0.259 0 1 0 0.259 0 0.966 3022.dat
1 0 10.36 -43 -78.64 -0.259 0 -0.966 0 1 0 0.966 0 -0.259 4587.dat
1 6 35.742 -56 -173.308 0.966 0 -0.259 0 1 0 0.259 0 0.966 4493.dat
1 6 50.89 -34 -36.71 -0.259 0 -0.966 0 1 0 0.966 0 -0.259 2470.dat
1 6 -45.71 -34 -62.61 0.259 0 0.966 0 1 0 -0.966 0 0.259 2470.dat
1 0 35.742 -88 -173.308 -0.966 0 0.259 0 1 0 -0.259 0 -0.966 3004.dat
