0 Main
0 Name: 9394-1 - Jet Plane.mpd
0 Author: LTRON
1 4 0 0 0 0 1 0 -1 0 0 0 0 1 32525.dat
1 0 -10 0 -100 1 0 0 0 1 0 0 0 1 3673.dat
1 0 -10 0 -60 1 0 0 0 1 0 0 0 1 3673.dat
1 0 -10 0 0 1 0 0 0 1 0 0 0 1 3673.dat
1 1 -20 0 80 -1 0 0 0 1 0 0 0 -1 32556.dat
1 71 20 0 60 1 0 0 0 0 -1 0 1 0 87082.dat
1 71 20 0 -80 1 0 0 0 0 -1 0 1 0 87082.dat
1 4 40 0 0 0 1 0 -1 0 0 0 0 1 32525.dat
1 1 60 0 80 1 0 0 0 1 0 0 0 1 32556.dat
1 0 50 0 0 1 0 0 0 1 0 0 0 1 3673.dat
1 0 50 0 -60 1 0 0 0 1 0 0 0 1 3673.dat
1 0 50 0 -100 1 0 0 0 1 0 0 0 1 3673.dat
1 4 -20 0 -200 0 1 0 -1 0 0 0 0 1 32278.dat
1 4 0 0 -300 0 -1 0 -1 0 0 0 0 -1 32348.dat
1 0 -10 0 -340 1 0 0 0 1 0 0 0 1 3673.dat
1 1 -10 0 -300 1 0 0 0 1 0 0 0 1 3749.dat
1 71 20 0 -120 0 0 -1 0 1 0 1 0 0 32034.dat
1 1 -10 0 -120 1 0 0 0 1 0 0 0 1 3749.dat
1 1 50 0 -120 -1 0 0 0 1 0 0 0 -1 3749.dat
1 71 -20 0 160 0 0 -1 0 1 0 1 0 0 32073.dat
1 4 -20 0 100 -1 0 0 0 1 0 0 0 -1 32013.dat
1 71 20 0 135 1 0 0 0 0 -1 0 1 0 2905.dat
1 4 -20 0 150 0 0 -1 0 1 0 1 0 0 6536.dat
1 71 40 20 150 1 0 0 0 1 0 0 0 1 44294.dat
1 71 80 20 150 0 0 -1 0 1 0 1 0 0 3713.dat
1 0 110 20 150 0 0 -1 0 1 0 1 0 0 59443.dat
1 4 60 0 150 0 0 -1 0 1 0 1 0 0 6536.dat
1 71 45 20 150 0 0 -1 0 1 0 1 0 0 32123.dat
1 71 20 20 150 0 0 -1 0 1 0 1 0 0 4716.dat
1 71 -5 20 150 0 0 -1 0 1 0 1 0 0 32123.dat
1 71 60 0 160 0 0 -1 0 1 0 1 0 0 32073.dat
1 4 60 0 100 -1 0 0 0 1 0 0 0 -1 32013.dat
1 0 20 0 170 0 0 -1 0 1 0 1 0 0 3707.dat
1 71 20 0 120 1 0 0 0 1 0 0 0 1 3713.dat
1 71 20 0 90 -1 0 0 0 1 0 0 0 -1 59443.dat
1 72 20 0 150 1 0 0 0 1 0 0 0 1 3647.dat
1 71 20 0 165 1 0 0 0 0 -1 0 1 0 2905.dat
1 0 -20 0 180 1 0 0 0 0 -1 0 1 0 60483.dat
1 0 60 0 180 1 0 0 0 0 -1 0 1 0 60483.dat
1 71 20 0 220 0 0 -1 0 1 0 1 0 0 32034.dat
1 71 -20 0 220 -1 0 0 0 1 0 0 0 -1 4519.dat
1 71 60 0 220 -1 0 0 0 1 0 0 0 -1 4519.dat
1 4 -20 0 200 -1 0 0 0 1 0 0 0 -1 32039.dat
1 4 60 0 200 -1 0 0 0 1 0 0 0 -1 32039.dat
1 0 20 0 240 -1 0 0 0 1 0 0 0 -1 32072.dat
1 0 20 0 -30 0 0 -1 0 1 0 1 0 0 3708.dat
1 1 -20 0 100 1 0 0 0 1 0 0 0 1 32556.dat
1 1 60 0 100 -1 0 0 0 1 0 0 0 -1 32556.dat
1 0 20 0 -140 -1 0 0 0 1 0 0 0 -1 32072.dat
1 0 0 0 -240 0 -1 0 1 0 0 0 0 1 32140.dat
1 0 10 20 -180 1 0 0 0 1 0 0 0 1 3673.dat
1 1 0 0 -180 1 0 0 0 1 0 0 0 1 32556.dat
1 1 -10 0 -240 1 0 0 0 1 0 0 0 1 3749.dat
1 4 20 20 -180 0 1 0 0 0 -1 -1 0 0 32526.dat
1 1 20 -60 -180 1 0 0 0 1 0 0 0 1 32556.dat
1 0 20 0 -200 0 -1 0 -1 0 0 0 0 -1 2825.dat
1 19 20 0 -260 -1 0 0 0 1 0 0 0 -1 3749.dat
1 71 30 0 -260 0 0 -1 0 1 0 1 0 0 42610.dat
1 256 30 0 -260 0 0 -1 0 1 0 1 0 0 51011.dat
1 71 20 0 -200 -1 0 0 0 1 0 0 0 -1 32073.dat
1 0 40 0 -200 0 0 -1 0 1 0 1 0 0 32072.dat
1 4 40 0 -300 0 -1 0 -1 0 0 0 0 -1 32348.dat
1 0 50 0 -340 1 0 0 0 1 0 0 0 1 3673.dat
1 1 50 0 -300 -1 0 0 0 1 0 0 0 -1 3749.dat
1 4 60 0 -200 0 1 0 -1 0 0 0 0 1 32278.dat
1 19 50 0 -160 -1 0 0 0 0.707107 0.707107 0 0.707107 -0.707107 3749.dat
1 0 40 0 -160 0 0 -1 -0.707107 0.707107 0 0.707107 0.707107 0 32072.dat
1 4 -20 -60 80 0 -1 0 0 0 1 -1 0 0 32524.dat
1 4 0 0 580 0 1 0 -1 0 0 0 0 1 32526.dat
1 71 20 -20 660 0 0 -1 0 1 0 1 0 0 48989.dat
1 0 -10 0 620 1 0 0 0 1 0 0 0 1 3673.dat
1 0 -10 0 580 1 0 0 0 1 0 0 0 1 3673.dat
1 4 -20 0 480 0 1 0 -1 0 0 0 0 1 32278.dat
1 0 -30 0 480 1 0 0 0 1 0 0 0 1 3673.dat
1 0 -30 0 360 1 0 0 0 1 0 0 0 1 3673.dat
1 0 -30 0 340 1 0 0 0 1 0 0 0 1 3673.dat
1 4 -40 0 220 0 1 0 -1 0 0 0 0 1 32278.dat
1 0 -30 0 320 1 0 0 0 1 0 0 0 1 3673.dat
1 72 20 -40 687 0 -0.499999 0.866026 0 -0.866026 -0.499999 1 0 0 32209.dat
1 72 20 -40 679 -0.866026 -0.499999 0 0.499999 -0.866026 0 0 0 1 3648.dat
1 71 20 -40 694 -0.866026 -0.499999 0 0.499999 -0.866026 0 0 0 1 32123.dat
1 0 20 0 469.998 0 0.924446 -0.382899 0 0.382899 0.924446 1 0 0 3707.dat
1 71 20 0 549.998 -0.382899 0.924446 0 0.924446 0.382899 0 0 0 -1 59443.dat
1 0 10 -20 519.998 0 1 0 0 0 1 1 0 0 32068.dat
1 71 20 0 499.998 0 0 -1 0 1 0 1 0 0 32034.dat
1 71 20 0 469.998 0.382899 0.924446 0 -0.924446 0.382899 0 0 0 1 4716.dat
1 0 10 -20 439.998 0 1 0 0 0 1 1 0 0 32068.dat
1 71 20 0 419.998 0 0 -1 0 1 0 1 0 0 32034.dat
1 71 20 0 399.998 0.382899 0.924446 0 -0.924446 0.382899 0 0 0 1 3713.dat
1 1 -10 0 420 1 0 0 0 1 0 0 0 1 3749.dat
1 1 -10 0 500 1 0 0 0 1 0 0 0 1 3749.dat
1 1 50 0 499.998 -1 0 0 0 1 0 0 0 -1 3749.dat
1 1 50 0 419.998 -1 0 0 0 1 0 0 0 -1 3749.dat
1 71 20 0 620 0 0.924446 0.382899 0 0.382899 -0.924446 -1 0 0 44294.dat
1 72 20 0 680 -0.382899 0.924446 0 0.924446 0.382899 0 0 0 -1 3647.dat
1 71 20 -40 519.998 1 0 0 0 1 0 0 0 1 4519.dat
1 0 60 -40 519.998 1 0 0 0 1 0 0 0 1 32054.dat
1 0 -20 -40 519.998 -1 0 0 0 1 0 0 0 -1 32054.dat
1 0 60 -40 440 1 0 0 0 1 0 0 0 1 32054.dat
1 71 20 -40 439.998 1 0 0 0 1 0 0 0 1 4519.dat
1 0 -20 -40 439.998 -1 0 0 0 1 0 0 0 -1 32054.dat
1 4 40 0 580 0 1 0 -1 0 0 0 0 1 32526.dat
1 0 50 -20 660 1 0 0 0 1 0 0 0 1 3673.dat
1 0 50 0 620 1 0 0 0 1 0 0 0 1 3673.dat
1 0 50 0 580 1 0 0 0 1 0 0 0 1 3673.dat
1 4 60 0 479.998 0 1 0 -1 0 0 0 0 1 32278.dat
1 0 70 0 479.998 1 0 0 0 1 0 0 0 1 3673.dat
1 0 70 0 359.998 1 0 0 0 1 0 0 0 1 3673.dat
1 0 70 0 339.998 1 0 0 0 1 0 0 0 1 3673.dat
1 4 0 -100 80 0 1 0 0 0 -1 -1 0 0 32140.dat
1 0 -10 -120 80 1 0 0 0 1 0 0 0 1 3673.dat
1 1 20 -160 60 1 0 0 0 1 0 0 0 1 32556.dat
1 1 20 -160 80 1 0 0 0 1 0 0 0 1 32556.dat
1 71 20 -100 80 1 0 0 0 1 0 0 0 1 60485.dat
1 71 20 -100 80 0 0 -1 0 1 0 1 0 0 3713.dat
1 4 20 -160 80 0 -1 0 1 0 0 0 0 1 32316.dat
1 4 40 -100 80 0 1 0 0 0 -1 -1 0 0 32140.dat
1 0 50 -120 80 1 0 0 0 1 0 0 0 1 3673.dat
1 71 10 0 260 0 0 -1 0.707107 0.707107 0 0.707107 -0.707107 0 59443.dat
1 0 -30 0 260 1 0 0 0 0.707107 0.707107 0 -0.707107 0.707107 3705.dat
1 71 60 0 260 1 0 0 0 0.707107 0.707107 0 -0.707107 0.707107 32073.dat
1 0 40 0 260 0 0 -1 0.707107 0.707107 0 0.707107 -0.707107 0 32072.dat
1 71 60 0 260 0 0 -1 0.707107 0.707107 0 0.707107 -0.707107 0 3713.dat
1 71 -20 0 260 0 0 -1 0.707107 0.707107 0 0.707107 -0.707107 0 3713.dat
1 71 -70 0 260 0 0 -1 0.707107 0.707107 0 0.707107 -0.707107 0 59443.dat
1 4 60 -60 80 0 -1 0 0 0 1 -1 0 0 32524.dat
1 4 80 0 220 0 1 0 -1 0 0 0 0 1 32278.dat
1 0 70 0 320 1 0 0 0 1 0 0 0 1 3673.dat
1 71 110 0 260 0 0 -1 0.707107 0.707107 0 0.707107 -0.707107 0 59443.dat
1 71 -20 -20 40 1 0 0 0 1 0 0 0 1 32184.dat
1 0 -20 -20 30 0 0 -1 0 1 0 1 0 0 3673.dat
1 1 -30 -40 40 1 0 0 0 1 0 0 0 1 3749.dat
1 1 -10 0 40 -1 0 0 0 1 0 0 0 -1 3749.dat
1 4 -40 -40 20 1 0 0 0 -1 0 0 0 -1 64393.dat
1 0 -20 -40 10 0 0 -1 0 1 0 1 0 0 3673.dat
1 0 20 -20 200 0 0 -1 -1 0 0 0 1 0 41239.dat
1 0 60 -20 190 0 0 -1 0 1 0 1 0 0 3673.dat
1 0 -20 -20 190 0 0 -1 0 1 0 1 0 0 3673.dat
1 1 -80 -20 210 0 0 -1 0 1 0 1 0 0 3749.dat
1 1 120 -20 210 0 0 -1 0 1 0 1 0 0 3749.dat
1 0 120 -20 220 0 0 1 1 0 0 0 1 0 32140.dat
1 0 -80 -20 220 0 0 -1 1 0 0 0 -1 0 32140.dat
1 71 -100 -20 255 0 0 -1 0 1 0 1 0 0 4519.dat
1 4 -100 -20 260 0 0 -1 0 1 0 1 0 0 6536.dat
1 0 -100 -20 300 0 0 -1 0 1 0 1 0 0 32054.dat
1 0 -100 -20 220 0 0 1 0 1 0 -1 0 0 32054.dat
1 0 140 -20 220 0 0 1 0 1 0 -1 0 0 32054.dat
1 71 140 -20 260 0 0 -1 0 1 0 1 0 0 4519.dat
1 4 140 -20 260 0 0 -1 0 1 0 1 0 0 6536.dat
1 0 140 -20 300 0 0 -1 0 1 0 1 0 0 32054.dat
1 0 20 -20 300 0 0 -1 -1 0 0 0 1 0 41239.dat
1 71 60 -20 300 0 0 -1 0 1 0 1 0 0 4519.dat
1 4 60 -20 320 0 0 -1 0 1 0 1 0 0 6536.dat
1 4 -20 -20 320 0 0 -1 0 1 0 1 0 0 6536.dat
1 71 -20 -20 300 0 0 -1 0 1 0 1 0 0 4519.dat
1 71 20 -19 543.139 1 0 0 0 1 0 0 0 1 32073.dat
1 71 -20 -19 543.139 0 0 1 0 1 0 -1 0 0 3713.dat
1 0 0 -19 443.139 0 0 1 0 1 0 -1 0 0 64781.dat
1 0 20 -19 543.139 0 -1 0 0 0 -1 1 0 0 60483.dat
1 0 20 -19 343.139 1 0 0 0 1 0 0 0 1 3737.dat
1 71 -40 -19 343.139 0 0 1 0 1 0 -1 0 0 3713.dat
1 71 -20 -19 343.139 0 0 1 0 1 0 -1 0 0 3713.dat
1 4 20 -19 343.139 1 0 0 0 -1 0 0 0 -1 6536.dat
1 71 20 -39 353.139 0 0 -1 0 1 0 1 0 0 4274.dat
1 0 40 -19 443.139 0 0 1 0 1 0 -1 0 0 64781.dat
1 71 60 -19 343.139 0 0 1 0 1 0 -1 0 0 3713.dat
1 71 80 -19 343.139 0 0 1 0 1 0 -1 0 0 3713.dat
1 71 60 -19 543.139 0 0 1 0 1 0 -1 0 0 3713.dat
1 0 0 -29 323.139 0 -1 0 1 0 0 0 0 1 3673.dat
1 0 40 -29 323.139 0 -1 0 1 0 0 0 0 1 3673.dat
1 4 20 -39 323.139 0 0 -1 0 1 0 1 0 0 32523.dat
1 4 -20 -40 580 0 -1 0 1 0 0 0 0 1 32526.dat
1 0 -10 -40 580 1 0 0 0 1 0 0 0 1 3673.dat
1 0 -10 -40 620 1 0 0 0 1 0 0 0 1 3673.dat
1 0 -10 -20 660 1 0 0 0 1 0 0 0 1 3673.dat
1 4 0 -40 540 0 1 0 -1 0 0 0 0 1 32526.dat
1 0 -10 -40 560 1 0 0 0 1 0 0 0 1 3673.dat
1 0 -10 -40 540 1 0 0 0 1 0 0 0 1 3673.dat
1 4 -20 -40 419.998 0 1 0 -1 0 0 0 0 1 32278.dat
1 0 -30 -40 279.998 1 0 0 0 1 0 0 0 1 3673.dat
1 0 -30 -40 319.998 1 0 0 0 1 0 0 0 1 3673.dat
1 0 -30 -40 419.998 1 0 0 0 1 0 0 0 1 3673.dat
1 1 -30 -40 60 1 0 0 0 1 0 0 0 1 3749.dat
1 71 -10 -40 60 0 0 -1 0 1 0 1 0 0 59443.dat
1 71 40 -40 60 1 0 0 0 1 0 0 0 1 32073.dat
1 71 20 -40 60 0 0 1 0 1 0 -1 0 0 3713.dat
1 4 -40 -40 180 0 1 0 -1 0 0 0 0 1 32278.dat
1 1 -30 -40 140 1 0 0 0 1 0 0 0 1 3749.dat
1 71 -20 -40 160 1 0 0 0 0 1 0 -1 0 32184.dat
1 1 -30 -40 180 1 0 0 0 1 0 0 0 1 3749.dat
1 0 5 -20 -100 0 1 0 0 0 -1 -1 0 0 6632.dat
1 4 20 -60 -100 1 0 0 0 1 0 0 0 1 32062.dat
1 4 20 -20 -100 1 0 0 0 1 0 0 0 1 32062.dat
1 1 20 -40 -100 1 0 0 0 1 0 0 0 1 32556.dat
1 0 20 -60 -100 1 0 0 0 -1 0 0 0 -1 6553.dat
1 71 20 -40 -100 -1 0 0 0 1 0 0 0 -1 32034.dat
1 0 20 -20 -20 0 1 0 1 0 0 0 0 -1 40490.dat
1 0 35 -20 -100 0 1 0 0 0 -1 -1 0 0 6632.dat
1 71 30 -20 60 1 0 0 0 1 0 0 0 1 3673.dat
1 1 20 -40 -130 0 0 -1 0 1 0 1 0 0 3749.dat
1 71 20 -40 -140 -1 0 0 0 0 1 0 1 0 87082.dat
1 4 40 -40 60 0 -1 0 0 0 1 -1 0 0 32523.dat
1 71 30 -60 60 1 0 0 0 1 0 0 0 1 3673.dat
1 71 60 -40 60 0 0 1 0 1 0 -1 0 0 3713.dat
1 1 70 -40 40 -1 0 0 0 1 0 0 0 -1 3749.dat
1 71 60 -20 40 -1 0 0 0 1 0 0 0 -1 32184.dat
1 1 50 0 40 1 0 0 0 1 0 0 0 1 3749.dat
1 0 60 -20 30 0 0 1 0 1 0 -1 0 0 3673.dat
1 0 60 -40 10 0 0 -1 0 1 0 1 0 0 3673.dat
1 4 80 -40 20 1 0 0 0 -1 0 0 0 -1 64681.dat
1 72 20 -40 -33 0 0 -1 0 1 0 1 0 0 32209.dat
1 71 20 -40 -55 1 0 0 0 1 0 0 0 1 32123.dat
1 4 20 -60 -40 0 0 1 0 -1 0 1 0 0 42003.dat
1 0 20 -40 -20 0 0 1 1 0 0 0 1 0 60483.dat
1 0 40 -40 -10 0 0 1 0 1 0 -1 0 0 3673.dat
1 1 20 -80 -40 1 0 0 0 1 0 0 0 1 32556.dat
1 1 20 -60 -40 1 0 0 0 1 0 0 0 1 32556.dat
1 4 20 -40 0 0 0 1 1 0 0 0 1 0 32316.dat
1 1 0 -120 -40 0 -1 0 0 0 1 -1 0 0 32140.dat
1 71 20 -120 -40 1 0 0 0 1 0 0 0 1 4519.dat
1 1 40 -120 -40 0 -1 0 0 0 1 -1 0 0 32140.dat
1 0 0 -60 -200 0 -1 0 1 0 0 0 0 1 32140.dat
1 71 20 -60 -200 1 0 0 0 1 0 0 0 1 4519.dat
1 71 10 -60 -160 1 0 0 0 1 0 0 0 1 4274.dat
1 0 10 -60 -140 1 0 0 0 1 0 0 0 1 3673.dat
1 0 20 -75.3209 -152.856 0 1 0 -0.642787 0 0.766044 0.766044 0 0.642787 32523.dat
1 0 40 -60 -200 0 -1 0 1 0 0 0 0 1 32140.dat
1 71 20 -48 -396 1 0 0 0 0.600001 0.799999 0 -0.799999 0.600001 4519.dat
1 4 20 -70.5418 -319.241 0 1 0 -0.959481 0 -0.281773 -0.281773 0 0.959481 40490.dat
1 1 20 -60 -220 1 0 0 0 1 0 0 0 1 32556.dat
1 4 0 -76.5417 -231.242 0 1 0 -0.562073 0 0.827087 0.827087 0 0.562073 32523.dat
1 1 20 -93.0836 -242.483 1 0 0 0 1 0 0 0 1 32556.dat
1 4 40 -76.5418 -231.242 0 1 0 -0.562073 0 0.827087 0.827087 0 0.562073 32523.dat
1 71 20 -40 640 0 0 -1 0 1 0 1 0 0 32034.dat
1 1 50 -40 640 -1 0 0 0 1 0 0 0 -1 3749.dat
1 4 -10 -40 640 -1 0 0 0 1 0 0 0 -1 32062.dat
1 1 20 -60 620 1 0 0 0 1 0 0 0 1 32556.dat
1 4 20 -100 700 0 1 0 1 0 0 0 0 -1 32526.dat
1 4 40 -40 540 0 1 0 -1 0 0 0 0 1 32526.dat
1 0 50 -40 620 1 0 0 0 1 0 0 0 1 3673.dat
1 0 50 -40 580 1 0 0 0 1 0 0 0 1 3673.dat
1 0 50 -40 560 1 0 0 0 1 0 0 0 1 3673.dat
1 0 50 -40 540 1 0 0 0 1 0 0 0 1 3673.dat
1 4 60 -40 580 0 -1 0 1 0 0 0 0 1 32526.dat
1 71 -20 -80 620 1 0 0 0 1 0 0 0 1 60485.dat
1 71 70 -80 620 0 0 -1 0 1 0 1 0 0 59443.dat
1 0 110 -80 620 1 0 0 0 1 0 0 0 1 3705.dat
1 71 -20 -80 620 0 0 -1 0 1 0 1 0 0 3713.dat
1 71 -100 0 260 -1 0 0 0 0.707107 -0.707107 0 -0.707107 -0.707107 4519.dat
1 0 -120 0 260 0 0 -1 0.707107 0.707107 0 0.707107 -0.707107 0 32072.dat
1 71 140 0 260 1 0 0 0 0.707107 0.707107 0 -0.707107 0.707107 4519.dat
1 0 160 0 260 0 0 1 -0.707107 0.707107 0 -0.707107 -0.707107 0 32072.dat
1 71 -140 0 240 0 0 1 0 1 0 -1 0 0 4519.dat
1 0 -140 0 240 -1 0 0 0 1 0 0 0 -1 32072.dat
1 71 -140 0 270 -1 0 0 0 1 0 0 0 -1 59443.dat
1 0 -140 0 310 0 0 -1 0 1 0 1 0 0 3705.dat
1 71 180 0 240 0 0 1 0 1 0 -1 0 0 4519.dat
1 0 180 0 240 -1 0 0 0 1 0 0 0 -1 32072.dat
1 71 180 0 270 -1 0 0 0 1 0 0 0 -1 59443.dat
1 0 180 0 310 0 0 -1 0 1 0 1 0 0 3705.dat
1 71 -80 10 300 0 0 1 1 0 0 0 1 0 3673.dat
1 0 -80 0 300 0 0 1 1 0 0 0 1 0 32013.dat
1 0 -140 0 300 0 1 0 0 0 -1 -1 0 0 6553.dat
1 71 -80 20 300 1 0 0 0 0 -1 0 1 0 42610.dat
1 256 -80 20 300 1 0 0 0 0 -1 0 1 0 51011.dat
1 0 180 0 300 0 -1 0 0 0 -1 1 0 0 6553.dat
1 71 120 10 300 0 0 -1 1 0 0 0 -1 0 3673.dat
1 0 120 0 300 0 0 -1 1 0 0 0 -1 0 32013.dat
1 71 120 20 300 -1 0 0 0 0 -1 0 -1 0 42610.dat
1 256 120 20 300 -1 0 0 0 0 -1 0 -1 0 51011.dat
1 0 -80 -20 320 0 0 -1 1 0 0 0 -1 0 32140.dat
1 1 -80 -20 310 0 0 -1 0 1 0 1 0 0 3749.dat
1 0 -120 -20 330 0 0 1 0 1 0 -1 0 0 6628.dat
1 1 120 -20 310 0 0 1 0 -1 0 1 0 0 3749.dat
1 0 120 -20 320 0 0 1 1 0 0 0 1 0 32140.dat
1 0 160 -20 330 0 0 -1 0 -1 0 -1 0 0 6628.dat
1 4 -140 0 340 0 -1 0 0 0 -1 1 0 0 6536.dat
1 71 -160 -10 340 0 1 0 -1 0 0 0 0 1 4274.dat
1 4 180 0 340 0 1 0 0 0 -1 -1 0 0 6536.dat
1 71 200 -10 340 0 -1 0 -1 0 0 0 0 -1 4274.dat
1 71 20 -40 479.998 1 0 0 0 -0.946929 0.32144 0 -0.32144 -0.946929 44294.dat
1 72 20 -40 480 0 0 -1 0.32144 -0.946929 0 -0.946929 -0.32144 0 3648.dat
1 0 40 -40 480 0 0 -1 0.32144 -0.946929 0 -0.946929 -0.32144 0 32270.dat
1 0 0 -40 480 0 0 -1 0.32144 -0.946929 0 -0.946929 -0.32144 0 32270.dat
1 0 20 -40 719 -0.866026 -0.499999 0 0.499999 -0.866026 0 0 0 1 56145.dat
1 4 60 -40 420 0 1 0 -1 0 0 0 0 1 32278.dat
1 0 70 -40 280 1 0 0 0 1 0 0 0 1 3673.dat
1 0 70 -40 320 1 0 0 0 1 0 0 0 1 3673.dat
1 0 70 -40 420 1 0 0 0 1 0 0 0 1 3673.dat
1 4 80 -40 180 0 1 0 -1 0 0 0 0 1 32278.dat
1 1 70 -40 140 -1 0 0 0 1 0 0 0 -1 3749.dat
1 71 60 -40 160 -1 0 0 0 0 1 0 1 0 32184.dat
1 1 70 -40 180 -1 0 0 0 1 0 0 0 -1 3749.dat
1 4 80 -20 479.998 0 1 0 0 0 1 1 0 0 32523.dat
1 4 -40 -20 480 0 1 0 0 0 1 1 0 0 32523.dat
1 1 80 -40 80 -1 0 0 0 1 0 0 0 -1 32556.dat
1 1 -40 -40 80 1 0 0 0 1 0 0 0 1 32556.dat
1 1 60 -60 160 0 1 0 -1 0 0 0 0 1 32556.dat
1 1 -20 -60 160 0 1 0 -1 0 0 0 0 1 32556.dat
1 4 100 -39 343.139 1 0 0 0 0 -1 0 1 0 32039.dat
1 1 100 -49 343.139 0 0 1 1 0 0 0 1 0 3749.dat
1 4 -60 -39 343.139 1 0 0 0 0 -1 0 1 0 32039.dat
1 1 -60 -49 343.139 0 0 1 1 0 0 0 1 0 3749.dat
1 71 -75 -19 343.139 0 0 -1 0 1 0 1 0 0 32123.dat
1 71 115 -19 343.139 0 0 -1 0 1 0 1 0 0 32123.dat
1 0 20 -60 200 0 1 0 -1 0 0 0 0 1 32278.dat
1 1 -4 -60 340 1 0 0 0 1 0 0 0 1 3749.dat
1 0 20 -60 340 1 0 0 0 1 0 0 0 1 32054.dat
1 0 -24 -60 480 0 1 0 -1 0 0 0 0 1 32278.dat
1 71 -34 -60 620 1 0 0 0 1 0 0 0 1 3673.dat
1 0 -40 -80 620 0 1 0 0 0 1 1 0 0 60483.dat
1 4 -40 -100 419.998 0 1 0 0 0 1 1 0 0 32140.dat
1 1 -60 -20 190 0 0 1 0 1 0 -1 0 0 3749.dat
1 4 -60 -20 160 0 -1 0 -1 0 0 0 0 -1 32013.dat
1 1 -60 -40 160 0 -1 0 -1 0 0 0 0 -1 32556.dat
1 4 -180 -40 159.753 -0.002058 0 -1 0 1 0 1 0 -0.002058 41239.dat
1 0 -300 -50 159.506 0 -0.002058 -1 -1 0 0 0 1 -0.002058 3673.dat
1 0 -240 -50 159.63 0 -0.002058 -1 -1 0 0 0 1 -0.002058 3673.dat
1 0 -120 -50 159.877 0 -0.002058 -1 -1 0 0 0 1 -0.002058 3673.dat
1 0 -140 -50 159.835 0 -0.002058 -1 -1 0 0 0 1 -0.002058 3673.dat
1 4 -40 -60 160 0 0 -1 0 1 0 1 0 0 32523.dat
1 0 -40 -70 160 0 0 -1 -1 0 0 0 1 0 3673.dat
1 1 100 -20 190 0 0 1 0 1 0 -1 0 0 3749.dat
1 4 100 -20 160 0 -1 0 -1 0 0 0 0 -1 32013.dat
1 1 100 -40 160 0 -1 0 -1 0 0 0 0 -1 32556.dat
1 4 220 -40 159.753 -0.002058 0 1 0 1 0 -1 0 -0.002058 41239.dat
1 0 340 -50 159.506 0 -0.002058 1 -1 0 0 0 -1 -0.002058 3673.dat
1 0 280 -50 159.63 0 -0.002058 1 -1 0 0 0 -1 -0.002058 3673.dat
1 0 180 -50 159.835 0 -0.002058 1 -1 0 0 0 -1 -0.002058 3673.dat
1 0 160 -50 159.876 0 -0.002058 1 -1 0 0 0 -1 -0.002058 3673.dat
1 4 80 -60 160 0 0 -1 0 1 0 1 0 0 32523.dat
1 0 80 -70 160 0 0 -1 -1 0 0 0 1 0 3673.dat
1 4 20 -100 160 0 0 -1 0 -1 0 -1 0 0 32316.dat
1 0 -20 -110 160 0 0 1 1 0 0 0 1 0 3673.dat
1 0 60 -110 160 0 0 1 1 0 0 0 1 0 3673.dat
1 0 40 -90 160 0 0 1 1 0 0 0 1 0 3673.dat
1 0 0 -90 160 0 0 1 1 0 0 0 1 0 3673.dat
1 0 20 -80 160 0 0 -1 0 -1 0 -1 0 0 32524.dat
1 71 20 -80 200 1 0 0 0 1 0 0 0 1 32073.dat
1 0 -20 -80 200 0 1 0 0 0 -1 -1 0 0 60483.dat
1 71 -5 -80 200 0 0 1 0 1 0 -1 0 0 32123.dat
1 0 0 -80 260 0 1 0 1 0 0 0 0 -1 2825.dat
1 71 20 -80 260 1 0 0 0 1 0 0 0 1 32073.dat
1 0 -20 -80 260 0 1 0 0 0 -1 -1 0 0 60483.dat
1 4 20 -80 260 1 0 0 0 -1 0 0 0 -1 6536.dat
1 4 20 -80 200 1 0 0 0 -1 0 0 0 -1 6536.dat
1 0 20 -80 240 1 0 0 0 1 0 0 0 1 3705.dat
1 0 0 -140 240 0 -1 0 0 0 1 -1 0 0 2825.dat
1 72 20 -80 240 0 0 -1 0 1 0 1 0 0 3647.dat
1 0 40 -80 260 0 -1 0 -1 0 0 0 0 -1 2825.dat
1 71 20 -140 240 1 0 0 0 1 0 0 0 1 4519.dat
1 72 20 -100 270 0 0 1 0 1 0 -1 0 0 55013.dat
1 71 20 -100 230 1 0 0 0 1 0 0 0 1 4716.dat
1 71 20 -100 280 1 0 0 0 1 0 0 0 1 3713.dat
1 0 20 -100 300 1 0 0 0 1 0 0 0 1 32270.dat
1 71 45 -80 200 0 0 1 0 1 0 -1 0 0 32123.dat
1 0 40 -140 240 0 1 0 0 0 1 1 0 0 2825.dat
1 0 60 -80 200 0 1 0 0 0 -1 -1 0 0 60483.dat
1 0 60 -80 260 0 1 0 0 0 -1 -1 0 0 60483.dat
1 0 70 -100 260 1 0 0 0 1 0 0 0 1 3673.dat
1 1 80 -100 200 1 0 0 0 1 0 0 0 1 32556.dat
1 1 -40 -100 200 -1 0 0 0 1 0 0 0 -1 32556.dat
1 4 -40 -100 220 0 1 0 1 0 0 0 0 -1 32278.dat
1 0 -30 -100 260 1 0 0 0 1 0 0 0 1 3673.dat
1 0 -30 -100 340 1 0 0 0 1 0 0 0 1 3673.dat
1 0 -30 -100 360 1 0 0 0 1 0 0 0 1 3673.dat
1 4 -20 -100 380 0 1 0 1 0 0 0 0 -1 32316.dat
1 71 20 -100 419.998 1 0 0 0 1 0 0 0 1 44294.dat
1 4 20 -100 420 0 1 0 -1 0 0 0 0 1 32271.dat
1 4 20 -132 564 1 0 0 0 0.6 -0.8 0 0.8 0.6 32062.dat
1 4 5 -132 564 0 1 0 -0.6 0 -0.8 -0.8 0 0.6 41677.dat
1 4 20 -148 576 1 0 0 0 0.6 -0.8 0 0.8 0.6 32062.dat
1 1 20 -100 520 -1 0 0 0 1 0 0 0 -1 32556.dat
1 1 20 -100 480 -1 0 0 0 1 0 0 0 -1 32556.dat
1 71 0 -100 420 0 0 1 0 1 0 -1 0 0 3713.dat
1 71 40 -100 420 0 0 -1 0 1 0 1 0 0 3713.dat
1 4 60 -100 380 0 1 0 1 0 0 0 0 -1 32316.dat
1 0 70 -100 360 1 0 0 0 1 0 0 0 1 3673.dat
1 0 70 -100 340 1 0 0 0 1 0 0 0 1 3673.dat
1 4 80 -100 220 0 1 0 1 0 0 0 0 -1 32278.dat
1 4 80 -100 420 0 1 0 0 0 1 1 0 0 32140.dat
1 0 20 -130.006 140.501 0 1 0 -0.994994 0 -0.099937 -0.099937 0 0.994994 32525.dat
1 4 140 -59 251.488 0.916515 0 -0.399999 0 1 0 0.399999 0 0.916515 32525.dat
1 4 -100 -59 251.487 0.916516 0 0.399999 0 1 0 -0.399999 0 0.916516 32525.dat
1 4 60 -120 100 1 0 0 0 1 0 0 0 1 64681.dat
1 4 -20 -120 100 1 0 0 0 1 0 0 0 1 64393.dat
1 0 20 -160 120 1 0 0 0 1 0 0 0 1 3705.dat
1 71 -15 -160 120 0 0 1 0 1 0 -1 0 0 32123.dat
1 71 55 -160 120 0 0 1 0 1 0 -1 0 0 32123.dat
1 1 20 -160 40 1 0 0 0 1 0 0 0 1 32556.dat
1 4 0 -100.019 41.5019 0 1 0 0.025031 0 -0.999687 -0.999687 0 -0.025031 32140.dat
1 0 -10 -159.5 20.0063 1 0 0 0 0.999687 -0.025031 0 0.025031 0.999687 3673.dat
1 71 20 -100.019 41.5019 1 0 0 0 0.999687 -0.025031 0 0.025031 0.999687 32073.dat
1 1 20 -120.012 41.0012 -1 0 0 0 1 0 0 0 -1 32556.dat
1 4 40 -100.019 41.5019 0 1 0 0.025031 0 -0.999687 -0.999687 0 -0.025031 32140.dat
1 0 50 -159.5 20.0063 1 0 0 0 0.999687 -0.025031 0 0.025031 0.999687 3673.dat
1 4 -20 -120.013 41.0012 1 0 0 0 -0.999686 0.025031 0 -0.025031 -0.999687 42003.dat
1 4 60 -120.013 41.0012 1 0 0 0 -0.999686 0.025031 0 -0.025031 -0.999687 42003.dat
1 0 -20 -119.763 31.0047 0 0 1 0.025031 0.999687 0 -0.999687 0.025031 0 3673.dat
1 0 -20 -139.756 30.5038 0 0 1 0.025031 0.999687 0 -0.999687 0.025031 0 3673.dat
1 0 60 -139.756 30.5038 0 0 1 0.025031 0.999687 0 -0.999687 0.025031 0 3673.dat
1 0 60 -119.763 31.0044 0 0 1 0.025031 0.999687 0 -0.999687 0.025031 0 3673.dat
1 4 -40 -99.5182 21.5085 -1 0 0 0 0.999687 0.025031 0 0.025031 -0.999686 64683.dat
1 4 80 -99.5182 21.5081 -1 0 0 0 0.999687 0.025031 0 0.025031 -0.999686 64391.dat
1 0 -40 -88.5201 -18.2288 0 1 0 0.999687 0 0.025023 0.025023 0 -0.999687 3673.dat
1 0 -40 -87.5188 -58.2162 0 1 0 0.999687 0 0.025023 0.025023 0 -0.999687 3673.dat
1 0 80 -87.5188 -58.2165 0 1 0 0.999687 0 0.025023 0.025023 0 -0.999687 3673.dat
1 0 80 -88.5201 -18.2291 0 1 0 0.999687 0 0.025023 0.025023 0 -0.999687 3673.dat
1 4 -40 -76.5207 -97.9535 -1 0 0 0 0.999687 0.025031 0 0.025031 -0.999686 32525.dat
1 4 80 -76.5207 -97.9539 -1 0 0 0 0.999687 0.025031 0 0.025031 -0.999686 32525.dat
1 1 80 -84.5151 -178.179 0 1 0 -0.999687 0 -0.025023 -0.025023 0 0.999686 3749.dat
1 1 -40 -84.5151 -178.179 0 1 0 -0.999687 0 -0.025023 -0.025023 0 0.999686 3749.dat
1 4 -40 -94.512 -178.429 0 0 1 -0.999687 0.025023 0 -0.025023 -0.999686 0 6536.dat
1 4 80 -94.512 -178.429 0 0 1 -0.999687 0.025023 0 -0.025023 -0.999686 0 6536.dat
1 71 20 -94.0115 -198.423 1 0 0 0 1 0 0 0 1 4519.dat
1 0 -20 -94.0115 -198.423 -1 0 0 0 1 0 0 0 -1 32054.dat
1 0 60 -94.0115 -198.423 1 0 0 0 1 0 0 0 1 32054.dat
1 4 -20 -104.012 -215.744 0 0 -1 -0.866025 0.5 0 0.5 0.866025 0 42003.dat
1 4 60 -104.012 -215.744 0 0 -1 -0.866025 0.5 0 0.5 0.866025 0 42003.dat
1 4 60 -159.5 20.0063 1 0 0 0 0.999686 -0.025031 0 0.025031 0.999687 32013.dat
1 4 -20 -159.5 20.0063 1 0 0 0 0.999686 -0.025031 0 0.025031 0.999687 32013.dat
1 1 20 -76.1773 -300.051 1 0 0 0 1 0 0 0 1 32556.dat
1 1 20 -64.9063 -338.431 1 0 0 0 1 0 0 0 1 32556.dat
1 4 40 -87.4482 -261.673 0 -1 0 -0.959481 0 0.281773 -0.281773 0 -0.959481 64683.dat
1 4 0 -87.4482 -261.673 0 1 0 0.959481 0 0.281773 0.281773 0 -0.959481 64391.dat
1 4 100 -100 160 0 -1 0 1 0 0 0 0 1 64393.dat
1 0 100 -100 150 0 0 -1 0 1 0 1 0 0 3673.dat
1 0 140 -80 150 0 0 -1 0 1 0 1 0 0 3673.dat
1 4 100 -100 140 0 -1 0 -1 0 0 0 0 -1 87080.dat
1 0 140 -70 120 0 1 0 -1 0 0 0 0 1 3673.dat
1 4 100 -40 140 0 -1 0 -1 0 0 0 0 -1 87086.dat
1 4 -60 -100 160 0 1 0 -1 0 0 0 0 1 64681.dat
1 0 -60 -100 150 0 0 -1 0 1 0 1 0 0 3673.dat
1 0 -100 -80 150 0 0 -1 0 1 0 1 0 0 3673.dat
1 0 -100 -70 120 0 0 -1 -1 0 0 0 1 0 3673.dat
1 4 -60 -100 140 0 1 0 1 0 0 0 0 -1 87086.dat
1 4 -60 -40 140 0 1 0 1 0 0 0 0 -1 87080.dat
1 4 -180.206 -80 259.753 0 -0.002059 -1 -1 0 0 0 1 -0.002059 32316.dat
1 0 -220.185 -80 249.671 -0.002059 0 -1 0 1 0 1 0 -0.002059 3673.dat
1 0 -180.185 -80 249.753 -0.002059 0 -1 0 1 0 1 0 -0.002059 3673.dat
1 4 -260.164 -80 239.588 0 -0.002059 1 1 0 0 0 1 0.002059 64680.dat
1 0 -270.165 -80 239.567 1 0 -0.002059 0 1 0 0.002059 0 1 3673.dat
1 0 -270 -60 159.567 1 0 -0.002059 0 1 0 0.002059 0 1 3673.dat
1 4 -280.165 -80 239.547 0 -0.002059 -1 -1 0 0 0 1 -0.002059 64392.dat
1 0 -320.186 -80 249.465 -0.002059 0 -1 0 1 0 1 0 -0.002059 3673.dat
1 0 -360.186 -80 249.382 -0.002059 0 -1 0 1 0 1 0 -0.002059 3673.dat
1 4 -420.206 -80 259.259 0 -0.002059 -1 -1 0 0 0 1 -0.002059 32525.dat
1 4 219.794 -80 259.507 0 -0.002059 -1 -1 0 0 0 1 -0.002059 32316.dat
1 0 259.815 -80 249.589 -0.002059 0 -1 0 1 0 1 0 -0.002059 3673.dat
1 0 219.815 -80 249.507 -0.002059 0 -1 0 1 0 1 0 -0.002059 3673.dat
1 4 299.836 -80 239.671 0 -0.002059 -1 -1 0 0 0 1 -0.002059 64394.dat
1 0 310 -60 159.692 -1 0 0.002059 0 1 0 -0.002059 0 -1 3673.dat
1 0 309.835 -80 239.692 -1 0 0.002059 0 1 0 -0.002059 0 -1 3673.dat
1 4 319.835 -80 239.465 0 -0.002059 1 1 0 0 0 1 0.002059 64682.dat
1 0 359.814 -80 249.794 -0.002059 0 -1 0 1 0 1 0 -0.002059 3673.dat
1 0 399.814 -80 249.877 -0.002059 0 -1 0 1 0 1 0 -0.002059 3673.dat
1 4 459.794 -80 260 0 -0.002059 -1 -1 0 0 0 1 -0.002059 32525.dat
1 4 559.894 -80 220.206 0 0.708564 0.70565 -1 0 0 0 -0.70565 0.708564 32192.dat
1 1 559.815 -80 250.206 0.002061 1 0 0 0 -1 -1 0.002061 0 3749.dat
1 4 182.978 -60 104.444 0 0 -1 1 0 0 0 -1 0 32015.dat
1 4 171.498 -60 132.16 -0.38268 0 -0.923881 0 1 0 0.92388 0 -0.38268 32062.dat
1 4 160.001 -60 159.876 0 0.923881 -0.38268 -1 0 0 0 0.38268 0.92388 32013.dat
1 1 -520.185 -80 249.053 0.002061 -1 0 0 0 1 -1 -0.002061 0 3749.dat
1 4 -520.123 -80 219.053 0 -0.70565 -0.708564 1 0 0 0 -0.708564 0.70565 32192.dat
1 4 -142.749 -60 104.35 0 0.004121 1 -1 0 0 0 -1 0.004121 32015.dat
1 4 -131.383 -60 132.114 0.378869 0 0.92545 0 -1 0 0.925449 0 -0.37887 32062.dat
1 4 -120 -60 159.876 0 -0.92545 0.378869 1 0 0 0 0.37887 0.925449 32013.dat
1 4 -60 -100 660 0 0 -1 -1 0 0 0 1 0 64392.dat
1 0 -70 -80 600 1 0 0 0 1 0 0 0 1 3673.dat
1 0 -80 -80 620 0 1 0 1 0 0 0 0 -1 60483.dat
1 0 120 -80 620 0 1 0 1 0 0 0 0 -1 60483.dat
1 0 110 -80 600 1 0 0 0 1 0 0 0 1 3673.dat
1 4 100 -100 660 0 0 1 1 0 0 0 1 0 64682.dat
1 71 -95 -80 620 0 0 1 0 1 0 -1 0 0 32123.dat
1 71 135 -80 620 0 0 1 0 1 0 -1 0 0 32123.dat
1 4 40 -100 440 0 -1 0 1 0 0 0 0 1 64393.dat
1 4 0 -100 440 0 1 0 -1 0 0 0 0 1 64681.dat
1 4 5 -348.489 806.361 0 1 0 -0.99754 0 -0.070099 -0.070099 0 0.99754 41677.dat
1 4 20 -348.489 806.361 1 0 0 0 0.99754 -0.070099 0 0.070099 0.99754 32062.dat
1 4 20 -349.891 826.312 1 0 0 0 0.99754 -0.070099 0 0.070099 0.99754 32062.dat
1 4 20 -347.087 786.41 -1 0 0 0 0.99754 0.070099 0 0.070099 -0.99754 32039.dat
1 4 20 -346.386 776.434 0 0 -1 -0.070099 0.99754 0 0.99754 0.070099 0 32062.dat
1 4 20 -344.283 746.508 -1 0 0 0 -0.6558 -0.754934 0 -0.754934 0.6558 32192.dat
1 0 20 -246.142 661.254 0 0 1 -0.754934 -0.6558 0 0.6558 -0.754934 0 3708.dat
1 4 20 -148 576 1 0 0 0 -0.6558 0.754934 0 -0.754934 -0.6558 32013.dat
1 4 35 -132 564 0 1 0 -0.6 0 -0.8 -0.8 0 0.6 41677.dat
1 4 5 -117.849 709.022 0 1 0 0.451112 0 0.892467 0.892467 0 -0.451112 41677.dat
1 4 20 -117.849 709.022 1 0 0 0 -0.451112 0.892467 0 -0.892467 -0.451112 32062.dat
1 4 20 -100 700 1 0 0 0 -0.451112 0.892467 0 -0.892467 -0.451112 32062.dat
1 4 20 -135.699 718.044 -1 0 0 0 -0.451112 -0.892467 0 -0.892467 0.451112 32039.dat
1 0 20 -233.87 767.667 0 0 -1 0.892467 -0.451112 0 -0.451112 -0.892467 0 3708.dat
1 4 20 -349.891 826.311 -1 0 0 0 -0.451112 -0.892467 0 -0.892467 0.451112 32013.dat
1 4 35 -348.489 806.361 0 1 0 -0.99754 0 -0.070099 -0.070099 0 0.99754 41677.dat
1 4 35 -117.849 709.022 0 1 0 0.451112 0 0.892467 0.892467 0 -0.451112 41677.dat
