0 Main
0 Name: 4915-1 - Mini Construction.mpd
0 Author: LTRON
1 0 0 0 0 0 0 1 0 1 0 -1 0 0 3795.dat
1 0 0 -8 0 0 0 1 0 1 0 -1 0 0 3020.dat
1 8 0 0 -40 -1 0 0 0 1 0 0 0 -1 6157.dat
1 8 0 0 0 -1 0 0 0 1 0 0 0 -1 6157.dat
1 8 0 0 40 -1 0 0 0 1 0 0 0 -1 6157.dat
1 14 0 -8 -50 1 0 0 0 1 0 0 0 1 2436.dat
1 14 0 -8 50 -1 0 0 0 1 0 0 0 -1 2436.dat
1 14 0 2 -72 -1 0 0 0 0 1 0 1 0 3069.dat
1 7 -10 2 72 -1 0 0 0 0 -1 0 -1 0 6141.dat
1 7 10 2 72 -1 0 0 0 0 -1 0 -1 0 6141.dat
1 8 0 2 80 -1 0 0 0 0 -1 0 -1 0 2412.dat
1 36 -30 2 64 0 0 1 -1 0 0 0 -1 0 54200.dat
1 36 30 2 64 0 0 -1 1 0 0 0 -1 0 54200.dat
1 14 0 -16 -40 1 0 0 0 1 0 0 0 1 3068.dat
1 8 0 -16 40 1 0 0 0 1 0 0 0 1 3068.dat
1 0 0 -16 0 1 0 0 0 1 0 0 0 1 3680.dat
1 7 40 5 -40 0 0 -1 0 1 0 1 0 0 4624.dat
1 7 40 5 0 0 0 -1 0 1 0 1 0 0 4624.dat
1 7 40 5 40 0 0 -1 0 1 0 1 0 0 4624.dat
1 7 -40 5 40 0 0 1 0 1 0 -1 0 0 4624.dat
1 7 -40 5 0 0 0 1 0 1 0 -1 0 0 4624.dat
1 7 -40 5 -40 0 0 1 0 1 0 -1 0 0 4624.dat
1 256 40 5 -40 0 0 -1 0 1 0 1 0 0 3641.dat
1 256 40 5 0 0 0 -1 0 1 0 1 0 0 3641.dat
1 256 40 5 40 0 0 -1 0 1 0 1 0 0 3641.dat
1 256 -40 5 -40 0 0 1 0 1 0 -1 0 0 3641.dat
1 256 -40 5 0 0 0 1 0 1 0 -1 0 0 3641.dat
1 256 -40 5 40 0 0 1 0 1 0 -1 0 0 3641.dat
1 14 0 -24 20 0 0 -1 0 1 0 1 0 0 3020.dat
1 14 0 -32 0 1 0 0 0 1 0 0 0 1 3020.dat
1 14 0 -32 40 -1 0 0 0 1 0 0 0 -1 51739.dat
1 14 10 -56 50 0 0 -1 0 1 0 1 0 0 4070.dat
1 14 10 -56 30 0 0 -1 0 1 0 1 0 0 4070.dat
1 14 -10 -56 30 0 0 1 0 1 0 -1 0 0 4070.dat
1 14 -10 -56 50 0 0 1 0 1 0 -1 0 0 4070.dat
1 14 24 -46 40 0 -1 0 0 0 1 -1 0 0 3023.dat
1 14 32 -46 30 0 -1 0 0 0 1 -1 0 0 3024.dat
1 14 40 -46 50 0 -1 0 -1 0 0 0 0 -1 6091.dat
1 14 8 -46 70 0 -1 0 -1 0 0 0 0 -1 3024.dat
1 8 40 -46 40 0 -1 0 0 0 -1 1 0 0 2412.dat
1 14 -24 -46 40 0 1 0 0 0 -1 -1 0 0 3023.dat
1 14 -32 -46 30 0 1 0 0 0 -1 -1 0 0 3024.dat
1 14 -40 -46 50 0 1 0 1 0 0 0 0 -1 6091.dat
1 14 -8 -46 70 0 1 0 1 0 0 0 0 -1 3024.dat
1 8 -40 -46 40 0 1 0 0 0 1 1 0 0 2412.dat
1 14 -20 -40 10 1 0 0 0 1 0 0 0 1 3023.dat
1 8 -20 -40 -10 1 0 0 0 1 0 0 0 1 44567.dat
1 14 -20 -48 0 1 0 0 0 1 0 0 0 1 3022.dat
1 14 -20 -56 10 1 0 0 0 1 0 0 0 1 3023.dat
1 14 20 -56 0 1 0 0 0 1 0 0 0 1 3003.dat
1 14 -30 -48 -10 1 0 0 0 1 0 0 0 1 54200.dat
1 14 -10 -48 -10 1 0 0 0 1 0 0 0 1 54200.dat
1 14 20 -64 -10 1 0 0 0 1 0 0 0 1 44728.dat
1 14 0 -64 20 -1 0 0 0 1 0 0 0 -1 51739.dat
1 40 20 -44 -24 -1 0 0 0 0 1 0 1 0 30602.dat
1 0 -10 -80 50 -1 0 0 0 1 0 0 0 -1 4589.dat
1 8 -20 -89 -78 0 0 1 -0.707107 0.707107 0 -0.707107 -0.707107 0 44302.dat
1 8 -20 -60.7157 -49.7157 0 0 -1 0.707107 0.707107 0 0.707107 -0.707107 0 44302.dat
1 14 -20 -80.5147 -58.201 0 0 1 -0.707107 0.707107 0 -0.707107 -0.707107 0 3710.dat
1 0 -20 -64.9584 -31.3309 -1 0 0 0 0.707107 -0.707107 0 -0.707107 -0.707107 4592.dat
1 0 -20 -64.9584 -31.3309 -1 0 0 0 0.707107 0.707107 0 0.707107 -0.707107 4593.dat
1 8 -20 -83 -118 0 0 1 0.707107 0.707107 0 -0.707107 0.707107 0 44302.dat
1 14 -20 -88.6569 -123.6569 0 0 -1 -0.707107 0.707107 0 0.707107 0.707107 0 44301.dat
1 14 -20 -20 -108 -1 0 0 0 0 1 0 1 0 32028.dat
1 14 -30 -40 -140 1 0 0 0 0 -1 0 1 0 6091.dat
1 14 -10 -40 -140 1 0 0 0 0 -1 0 1 0 6091.dat
1 8 -20 -40 -140 -1 0 0 0 0 1 0 1 0 44567.dat
