0 Main
0 Name: 8256-1 - Go-Kart - Lawn Mover.mpd
0 Author: LTRON
1 0 -40 0 80 0 1 0 1 0 0 0 0 -1 40490.dat
1 71 -40 0 120 -1 0 0 0 1 0 0 0 -1 32054.dat
1 71 -60 0 20 0 0 -1 1 0 0 0 -1 0 48989.dat
1 71 0 0 120 -1 0 0 0 0 -1 0 -1 0 4519.dat
1 0 -30 0 20 -1 0 0 0 0 -1 0 -1 0 2780.dat
1 71 -40 0 60 1 0 0 0 -0.966 0.259 0 -0.259 -0.966 32054.dat
1 4 -70 0 60 1 0 0 0 -0.966 0.259 0 -0.259 -0.966 32062.dat
1 72 -80 0 60 1 0 0 0 -0.966 0.259 0 -0.259 -0.966 32291.dat
1 0 -90 -21.907 64.483 0 -1 0 0.259 0 0.966 -0.966 0 0.259 2780.dat
1 0 -70 -21.907 64.483 0 -1 0 0.259 0 0.966 -0.966 0 0.259 2780.dat
1 0 -20 0 -20 0 -1 0 -1 0 0 0 0 -1 40490.dat
1 0 0 -40 140 0 1 0 0 0 1 1 0 0 60484.dat
1 71 0 0 140 1 0 0 0 1 0 0 0 1 60485.dat
1 71 40 0 120 1 0 0 0 -1 0 0 0 -1 32054.dat
1 71 -20 0 140 0 0 -1 1 0 0 0 -1 0 3713.dat
1 71 20 0 140 0 0 -1 1 0 0 0 -1 0 3713.dat
1 1 0 0 40 1 0 0 0 0 1 0 -1 0 6558.dat
1 1 0 0 -20 1 0 0 0 0 1 0 -1 0 6558.dat
1 27 0 -19.471 35.429 0 -1 0 -0.229 0 -0.974 0.974 0 -0.229 32523.dat
1 71 0 0 20 0 -1 0 -1 0 0 0 0 -1 2825.dat
1 1 -10 0 -40 1 0 0 0 -1 0 0 0 -1 43093.dat
1 71 0 0 -60 0 1 0 -1 0 0 0 0 1 2825.dat
1 71 0 -94.6857 8.7668 1 0 0 0 -0.93 0.36811 0 -0.36811 -0.93 44294.dat
1 72 0 -94.6857 8.7668 0 1 0 0.93 0 0.36811 0.36811 0 -0.93 6629.dat
1 71 -20 -38.8862 30.8601 0 1 0 0.36811 0 -0.93 -0.93 0 -0.36811 2825.dat
1 71 0 -38.8862 30.8601 1 0 0 0 -0.93 0.36811 0 -0.36811 -0.93 4519.dat
1 72 -20 -76.0859 16.1313 1 0 0 0 -0.93 0.36811 0 -0.36811 -0.93 32002.dat
1 0 0 -57.486 23.4957 1 0 0 0 -0.93 0.36811 0 -0.36811 -0.93 3705.dat
1 71 -30 -57.486 23.4957 0 1 0 0.36811 0 -0.93 -0.93 0 -0.36811 60483.dat
1 27 0 -57.486 23.4957 -1 0 0 0 -0.93 -0.36811 0 -0.36811 0.93 6536.dat
1 71 20 -38.8862 30.8601 0 -1 0 -0.36811 0 -0.93 0.93 0 -0.36811 2825.dat
1 71 30 -57.486 23.4957 0 1 0 0.36811 0 -0.93 -0.93 0 -0.36811 60483.dat
1 72 20 -76.0859 16.1313 -1 0 0 0 0.36811 -0.93 0 -0.93 -0.36811 32002.dat
1 71 0 -76.0859 16.1313 0 0 1 -0.36811 -0.93 0 0.93 -0.36811 0 4519.dat
1 71 0 -50.1216 4.8959 0 1 0 -0.36811 0 0.93 0.93 0 0.36811 32039.dat
1 4 0 -40.8212 8.5779 0 -1 0 0.93 0 -0.36811 0.36811 0 0.93 32062.dat
1 71 0 -31.5218 12.2603 1 0 0 0 -0.36811 -0.93 0 0.93 -0.36811 3713.dat
1 71 0 0.032 -100.037 1 0 0 0 0.263512 -0.964866 0 0.964866 0.263512 32073.dat
1 71 0 -88.6048 47.7515 -1 0 0 0 0.36811 -0.93 0 -0.93 -0.36811 2819.dat
1 0 20 0 -20 0 -1 0 -1 0 0 0 0 -1 40490.dat
1 71 0 -19.295 -94.738 -1 0 0 0 -0.254 0.967 0 0.967 0.254 4519.dat
1 71 -10 -77.328 -109.977 0 -1 0 0.254 0 0.967 -0.967 0 0.254 2825.dat
1 27 -25 -57.984 -104.897 0 -1 0 0.254 0 0.967 -0.967 0 0.254 6632.dat
1 1 -20 -77.328 -109.977 1 0 0 0 -0.967 0.254 0 -0.254 -0.967 43093.dat
1 71 10 -77.328 -109.977 0 1 0 -0.254 0 0.967 0.967 0 0.254 2825.dat
1 27 25 -57.984 -104.897 0 -1 0 0.254 0 0.967 -0.967 0 0.254 6632.dat
1 1 20 -77.328 -109.977 -1 0 0 0 0.967 0.254 0 0.254 -0.967 43093.dat
1 0 40 0 80 0 -1 0 -1 0 0 0 0 -1 40490.dat
1 71 40 0 60 -1 0 0 0 0.966 0.259 0 0.259 -0.966 32054.dat
1 4 70 0 60 -1 0 0 0 0.966 0.259 0 0.259 -0.966 32062.dat
1 72 80 0 60 1 0 0 0 -0.966 0.259 0 -0.259 -0.966 32291.dat
1 0 70 -21.907 64.483 0 -1 0 0.259 0 0.966 -0.966 0 0.259 2780.dat
1 0 90 -21.907 64.483 0 -1 0 0.259 0 0.966 -0.966 0 0.259 2780.dat
1 0 30 0 -70 0 -1 0 -1 0 0 0 0 -1 32069.dat
1 0 60 10 -50 1 0 0 0 -1 0 0 0 -1 32068.dat
1 0 -60 -10 -50 -1 0 0 0 1 0 0 0 -1 32068.dat
1 0 -30 0 -70 0 1 0 1 0 0 0 0 -1 32069.dat
1 19 70 0 -70 1 0 0 0 -1 0 0 0 -1 3749.dat
1 19 -70 0 -70 -1 0 0 0 1 0 0 0 -1 3749.dat
1 19 60 -10 -30 0 1 0 1 0 0 0 0 -1 3749.dat
1 19 -60 -10 -30 0 1 0 1 0 0 0 0 -1 3749.dat
1 27 0 -20 -30 0 0 1 0 -1 0 1 0 0 32524.dat
1 1 20 -30 -30 0 -1 0 -1 0 0 0 0 -1 43093.dat
1 1 -20 -30 -30 0 -1 0 -1 0 0 0 0 -1 43093.dat
1 0 20 -35 -30 1 0 0 0 1 0 0 0 1 6632.dat
1 0 -20 -35 -30 1 0 0 0 1 0 0 0 1 6632.dat
1 0 -20 -45 -30 0 0 1 0 1 0 -1 0 0 6632.dat
1 27 30 -86.025 -50.611 0 -1 0 0.989 0 -0.145 0.145 0 0.989 32524.dat
1 27 -30 -86.025 -50.611 0 -1 0 0.989 0 -0.145 0.145 0 0.989 32524.dat
1 4 70 0 40 1 0 0 0 1 0 0 0 1 32062.dat
1 71 100 0 40 0 0.383 -0.924 1 0 0 0 -0.924 -0.383 32016.dat
1 72 65 0 40 0 -1 0 -1 0 0 0 0 -1 41677.dat
1 72 55 0 40 0 -1 0 -1 0 0 0 0 -1 41677.dat
1 71 40 0 20 1 0 0 0 -1 0 0 0 -1 32073.dat
1 27 80 0 20 1 0 0 0 -1 0 0 0 -1 6536.dat
1 71 127.716 10 51.481 0 0.383 -0.924 1 0 0 0 -0.924 -0.383 2853.dat
1 71 40 0 0 1 0 0 0 1 0 0 0 1 32073.dat
1 71 100 0 0 0 0.383 -0.924 1 0 0 0 -0.924 -0.383 32016.dat
1 27 60 0 0 1 0 0 0 -1 0 0 0 -1 6536.dat
1 71 127.716 10 11.481 0 0.383 -0.924 1 0 0 0 -0.924 -0.383 2853.dat
1 1 0 -40 140 1 0 0 0 0.985 0.174 0 -0.174 0.985 6558.dat
1 1 -20 -118.785 153.892 0 -1 0 -0.174 0 0.985 -0.985 0 -0.174 32526.dat
1 1 0 -118.785 153.892 1 0 0 0 0.985 0.174 0 -0.174 0.985 6558.dat
1 0 -10 -99.088 150.419 1 0 0 0 0.985 0.174 0 -0.174 0.985 2780.dat
1 72 0 -99.088 150.419 0 1 0 0.174 0 0.985 0.985 0 -0.174 32523.dat
1 1 20 -118.785 153.892 0 -1 0 -0.174 0 0.985 -0.985 0 -0.174 32526.dat
1 0 0 -46.946 100.608 -1 0 0 0 0.174 0.985 0 0.985 -0.174 3705.dat
1 0 0 -79.392 146.946 -1 0 0 0 0.174 0.985 0 0.985 -0.174 3705.dat
1 1 35 -40 140 0 1 0 -0.174 0 -0.985 -0.985 0 0.174 32249.dat
1 1 -35 -40 140 0 1 0 -0.174 0 -0.985 -0.985 0 0.174 32249.dat
1 71 60 -20 130 0 0 -1 0 1 0 1 0 0 32557.dat
1 71 -60 -20 130 0 0 -1 0 1 0 1 0 0 32557.dat
1 0 60 -40 120 0 0 -1 0 1 0 1 0 0 2780.dat
1 0 -60 -40 120 0 0 -1 0 1 0 1 0 0 2780.dat
1 27 40 -27.083 83.801 0 -1 0 0.966 0 -0.259 0.259 0 0.966 32527.dat
1 27 -40 -27.083 83.801 0 1 0 -0.966 0 -0.259 -0.259 0 0.966 32528.dat
1 71 40 -19.295 -94.738 -1 0 0 0 -0.263 -0.965 0 -0.965 0.263 32039.dat
1 71 -40 -19.295 -94.738 -1 0 0 0 -0.263 -0.965 0 -0.965 0.263 32039.dat
1 71 -50 -87.355 -9.838 -1 0 0 0 0.93 0.368 0 0.368 -0.93 32039.dat
1 71 50 -87.355 -9.838 -1 0 0 0 0.93 0.368 0 0.368 -0.93 32039.dat
1 0 -60 10 0 0 -1 0 1 0 0 0 0 1 2780.dat
1 0 -60 10 40 0 -1 0 1 0 0 0 0 1 2780.dat
1 0 100 10 0 0 -1 0 1 0 0 0 0 1 2780.dat
1 0 100 10 40 0 -1 0 1 0 0 0 0 1 2780.dat
1 0 0 20 40 0 0 -1 0 1 0 1 0 0 32525.dat
1 0 0 20 0 0 0 -1 0 1 0 1 0 0 32525.dat
1 0 90 0 -70 0 0 -1 0 1 0 1 0 0 55982.dat
1 256 90 0 -70 0 0 -1 0 1 0 1 0 0 58090.dat
1 256 90 0 140 0 0 -1 0 1 0 1 0 0 58090.dat
1 0 90 0 140 0 0 -1 0 1 0 1 0 0 55982.dat
1 256 -90 0 140 0 0 1 0 1 0 -1 0 0 58090.dat
1 0 -90 0 140 0 0 1 0 1 0 -1 0 0 55982.dat
1 256 -90 0 -70 0 0 1 0 1 0 -1 0 0 58090.dat
1 0 -90 0 -70 0 0 1 0 1 0 -1 0 0 55982.dat
