0 Main
0 Name: 3641-1 - Car %26 Camper.mpd
0 Author: LTRON
1 14 0 -38 -110 1 0 0 0 1 0 0 0 1 4796.dat
1 14 0 -86 -180 1 0 0 0 1 0 0 0 1 u609.dat
1 14 0 -86 -40 1 0 0 0 1 0 0 0 1 u608.dat
1 4 0 -86 -110 1 0 0 0 1 0 0 0 1 4461.dat
1 14 51 -38 78.335 0.866 0 0.5 0 1 0 -0.5 0 0.866 4796.dat
1 14 45.02 -62 127.975 -0.5 0 0.866 0 1 0 -0.866 0 -0.5 3004.dat
1 14 96.98 -62 97.975 -0.5 0 0.866 0 1 0 -0.866 0 -0.5 3004.dat
1 14 71 -70 112.975 0.866 0 0.5 0 1 0 -0.5 0 0.866 3020.dat
1 14 31 -70 43.695 0.866 0 0.5 0 1 0 -0.5 0 0.866 3020.dat
1 14 5.02 -62 58.695 -0.5 0 0.866 0 1 0 -0.866 0 -0.5 3004.dat
1 14 56.98 -62 28.695 -0.5 0 0.866 0 1 0 -0.866 0 -0.5 3004.dat
1 14 21 -158 26.375 0.866 0 0.5 0 1 0 -0.5 0 0.866 4608.dat
1 14 81 -158 130.295 -0.866 0 -0.5 0 1 0 0.5 0 -0.866 4608.dat
1 4 51 -182 78.335 0.866 0 0.5 0 1 0 -0.5 0 0.866 4452.dat
1 15 91.981 -82 89.315 1 0 0 0 1 0 0 0 1 3741.dat
1 1 44.66 -94 47.354 0.866 0 -0.5 0 1 0 0.5 0 0.866 6264.dat
