0 Main
0 Name: 6678-1 - Pneumatic Crane.mpd
0 Author: LTRON
1 0 0 -32 0 1 0 0 0 1 0 0 0 1 3034.dat
1 0 0 -24 0 0 0 1 0 1 0 -1 0 0 3020.dat
1 0 10 -32 -30 1 0 0 0 1 0 0 0 1 4085.dat
1 0 10 -32 30 -1 0 0 0 1 0 0 0 -1 4085.dat
1 0 -10 -32 -30 0 0 1 0 1 0 -1 0 0 3024.dat
1 0 -10 -32 30 0 0 1 0 1 0 -1 0 0 3024.dat
1 0 30 -40 0 0 0 1 0 1 0 -1 0 0 3023.dat
1 0 -30 -40 0 0 0 1 0 1 0 -1 0 0 3023.dat
1 0 0 -40 0 0 0 1 0 1 0 -1 0 0 3020.dat
1 0 0 -48 0 0 0 1 0 1 0 -1 0 0 3680.dat
1 0 -30 -48 0 0 0 1 0 1 0 -1 0 0 3069.dat
1 0 30 -48 0 0 0 1 0 1 0 -1 0 0 3069.dat
1 0 0 -48 -30 -1 0 0 0 1 0 0 0 -1 3069.dat
1 0 0 -48 30 -1 0 0 0 1 0 0 0 -1 3069.dat
1 0 60 -24 0 0 0 -1 0 1 0 1 0 0 122.dat
1 0 60 -18 31 -1 0 0 0 1 0 0 0 -1 4084.dat
1 0 60 -18 -31 1 0 0 0 1 0 0 0 1 4084.dat
1 0 -60 -24 0 0 0 -1 0 1 0 1 0 0 122.dat
1 0 -60 -18 31 -1 0 0 0 1 0 0 0 -1 4084.dat
1 0 -60 -18 -31 1 0 0 0 1 0 0 0 1 4084.dat
1 7 10 -18 -50 0 1 0 0 0 -1 -1 0 0 3959.dat
1 7 10 -18 50 0 1 0 0 0 -1 -1 0 0 3959.dat
1 0 0 -56 0 0.866 0 -0.5 0 1 0 0.5 0 0.866 3031.dat
1 16 36.96 -64 55.98 0.866 0 -0.5 0 1 0 0.5 0 0.866 3460.dat
1 16 66.96 -64 4.02 0.866 0 -0.5 0 1 0 0.5 0 0.866 3460.dat
1 0 -43.3 -62 -25 -0.5 0 -0.866 0 1 0 0.866 0 -0.5 3149.dat
1 4 -43.3 -62 -25 -0.5 0 -0.866 0 1 0 0.866 0 -0.5 313.dat
1 0 -83.7699 -138.94 -48.366 -0.433 0.749956 -0.5 -0.866 -0.5 0 -0.25 0.433 0.866 3034.dat
1 0 -43.3 -62 -25 -0.5 0.749956 0.433 0 -0.5 0.866 0.866 0.433 0.25 314.dat
1 4 -127.2396 -213.88 -73.464 0.5 0.749956 -0.433 0 -0.5 -0.866 -0.866 0.433 -0.25 313.dat
1 0 -127.2396 -213.88 -73.464 0.5 0.749956 -0.433 0 -0.5 -0.866 -0.866 0.433 -0.25 3149.dat
1 0 -127.2396 -213.88 -73.464 0.5 0.433 0.749956 0 0.866 -0.5 -0.866 0.25 0.433 314.dat
1 0 -172.5314 -204.468 -99.614 0.749956 0.433 -0.5 -0.5 0.866 0 0.433 0.25 0.866 3491.dat
1 16 -204.1673 -101.747 -117.8795 -0.865962 0 0.5 0 0.999956 0 -0.499978 0 -0.866 3492.dat
1 16 103.92 -64 60 0.866 0 -0.5 0 1 0 0.5 0 0.866 3022.dat
1 16 51.96 -72 30 0.866 0 -0.5 0 1 0 0.5 0 0.866 3035.dat
1 46 -53.104 -70 3.98 0.5 0.866 0 0 0 -1 -0.866 0.5 0 3024.dat
1 16 -40.98 -80 10.98 0.5 0 0.866 0 1 0 -0.866 0 0.5 4070.dat
1 46 -23.104 -70 -47.98 0.5 0.866 0 0 0 -1 -0.866 0.5 0 3024.dat
1 16 -10.98 -80 -40.98 0.5 0 0.866 0 1 0 -0.866 0 0.5 4070.dat
1 16 -17.32 -80 -10 0.866 0 -0.5 0 1 0 0.5 0 0.866 3022.dat
1 0 86.6 -96 50 0.866 0 -0.5 0 1 0 0.5 0 0.866 3003.dat
1 16 45.62 -96 60.98 0.866 0 -0.5 0 1 0 0.5 0 0.866 3005.dat
1 16 75.62 -96 9.02 0.866 0 -0.5 0 1 0 0.5 0 0.866 3005.dat
1 16 112.58 -96 65 0.5 0 0.866 0 1 0 -0.866 0 0.5 3010.dat
1 16 71.6 -104 75.98 0.866 0 -0.5 0 1 0 0.5 0 0.866 3710.dat
1 16 101.6 -104 24.02 0.866 0 -0.5 0 1 0 0.5 0 0.866 3710.dat
1 16 95.26 -104 55 0.866 0 -0.5 0 1 0 0.5 0 0.866 3021.dat
1 16 -23.66 -80 20.98 0.866 0 -0.5 0 1 0 0.5 0 0.866 3024.dat
1 16 6.34 -80 -30.98 0.866 0 -0.5 0 1 0 0.5 0 0.866 3024.dat
1 7 100.26 -128 46.34 0.866 0 -0.5 0 1 0 0.5 0 0.866 3062.dat
1 4 34.64 -80 20 0.5 0 0.866 0 1 0 -0.866 0 0.5 4079.dat
1 4 8.66 -80 5 0.5 0 0.866 0 1 0 -0.866 0 0.5 3829.dat
1 0 -6.34 -96 30.98 0.5 0.866 0 0 0 -1 -0.866 0.5 0 3959.dat
1 0 23.66 -96 -20.98 0.5 0.866 0 0 0 -1 -0.866 0.5 0 3959.dat
1 47 -8.66 -152 -5 0.5 0 0.866 0 1 0 -0.866 0 0.5 3823.dat
1 47 -17.32 -104 -10 0.5 0 0.866 0 1 0 -0.866 0 0.5 3001.dat
1 0 60.62 -152 35 0.5 0 0.866 0 1 0 -0.866 0 0.5 4083.dat
1 46 55.62 -176 43.66 0.5 0 0.866 0 1 0 -0.866 0 0.5 3062.dat
