0 Main
0 Name: 8825 - Night Chopper.mpd
0 Author: LTRON
1 7 0 0 0 0 1 0 1 0 0 0 0 -1 2825.dat
1 7 -20 0 0 0 -1 0 -1 0 0 0 0 -1 2825.dat
1 0 -10 0 0 -1 0 0 0 1 0 0 0 -1 3707.dat
1 0 -10 0 -60 -1 0 0 0 1 0 0 0 -1 3705.dat
1 0 -40 -10 -60 0 0 1 0 1 0 -1 0 0 3702.dat
1 0 20 -10 -60 0 0 1 0 1 0 -1 0 0 3702.dat
1 7 40 0 -100 0 0 1 0 1 0 -1 0 0 3713.dat
1 0 -10 0 -100 -1 0 0 0 1 0 0 0 -1 3707.dat
1 7 -55 0 -100 0 0 1 0 1 0 -1 0 0 3713.dat
1 7 30 0 -120 1 0 0 0 0.946 0.326 0 -0.326 0.946 3749.dat
1 7 -50 0 -120 -1 0 0 0 0.946 -0.326 0 -0.326 -0.946 3749.dat
1 0 -10 14 -130 -1 0 0 0 1 0 0 0 -1 3710.dat
1 0 -10 14 10 -1 0 0 0 1 0 0 0 -1 3710.dat
1 7 -10 0 -140 0 0 1 0 1 0 -1 0 0 4274.dat
1 0 -10 -10 -130 -1 0 0 0 1 0 0 0 -1 3700.dat
1 0 20 -18 0 0 0 1 0 1 0 -1 0 0 3023.dat
1 0 -40 -18 0 0 0 1 0 1 0 -1 0 0 3023.dat
1 0 -10 0 -148 -1 0 0 0 0 1 0 1 0 4032.dat
1 0 -10 -18 -120 -1 0 0 0 1 0 0 0 -1 3709.dat
1 0 -10 -18 -80 -1 0 0 0 1 0 0 0 -1 3709.dat
1 0 -10 -26 0 -1 0 0 0 1 0 0 0 -1 3709.dat
1 0 -40 -50 0 0 0 1 0 1 0 -1 0 0 3700.dat
1 0 20 -50 0 0 0 1 0 1 0 -1 0 0 3700.dat
1 7 30 -40 0 1 0 0 0 1 0 0 0 1 3673.dat
1 7 -50 -40 0 1 0 0 0 1 0 0 0 1 3673.dat
1 15 -10 0 -156 1 0 0 0 0 -1 0 1 0 4150.dat
1 0 20 -58 20 0 0 -1 0 1 0 1 0 0 3710.dat
1 0 -40 -66 10 0 0 -1 0 1 0 1 0 0 3623.dat
1 0 20 -66 10 0 0 -1 0 1 0 1 0 0 3623.dat
1 0 -10 -66 50 -1 0 0 0 1 0 0 0 -1 3710.dat
1 0 -10 -60 0 -1 0 0 0 1 0 0 0 -1 3737.dat
1 0 20 -90 140 0 0 1 0 1 0 -1 0 0 3703.dat
1 7 0 -60 0 0 0 -1 1 0 0 0 -1 0 3713.dat
1 7 -22 -60 0 0 0 1 0 1 0 -1 0 0 3650.dat
1 0 -40 -90 20 0 0 1 0 1 0 -1 0 0 3701.dat
1 0 30 -80 260 -1 0 0 0 1 0 0 0 -1 4519.dat
1 7 40 -80 260 0 0 1 0 1 0 -1 0 0 3713.dat
1 7 7 -80 260 0 0 1 0 1 0 -1 0 0 4143.dat
1 0 40 -40 -10 0 0 1 1 0 0 0 1 0 3702.dat
1 7 50 -100 0 1 0 0 0 1 0 0 0 1 3749.dat
1 0 -60 -40 -10 0 0 1 1 0 0 0 1 0 3702.dat
1 7 -70 -100 0 -1 0 0 0 1 0 0 0 -1 3749.dat
1 7 60 -40 0 0 -1 0 0 0 -1 1 0 0 2825.dat
1 7 -80 -40 0 0 1 0 0 0 -1 -1 0 0 2825.dat
1 0 -10 -90 50 -1 0 0 0 1 0 0 0 -1 3700.dat
1 0 -10 -80 135 0 0 1 0 1 0 -1 0 0 3708.dat
1 7 -10 -80 32 -1 0 0 0 -1 0 0 0 1 4143.dat
1 7 -10 -80 243 -1 0 0 0 1 0 0 0 -1 4143.dat
1 0 -10 -90 230 -1 0 0 0 1 0 0 0 -1 3700.dat
1 7 40 0 -120 0 1 0 0.946 0 -0.326 -0.326 0 -0.946 2825.dat
1 7 -60 0 -120 0 -1 0 -0.946 0 -0.326 0.326 0 -0.946 2825.dat
1 0 -10 -98 50 -1 0 0 0 1 0 0 0 -1 3710.dat
1 0 -60 -110 14 0 0 1 1 0 0 0 1 0 2420.dat
1 0 40 -110 14 -1 0 0 0 0 1 0 1 0 2420.dat
1 0 -10 -110 -10 -1 0 0 0 0 1 0 1 0 3701.dat
1 0 -10 -120 14 -1 0 0 0 0 1 0 1 0 3022.dat
1 0 -10 -130 -10 -1 0 0 0 0 1 0 1 0 3700.dat
1 0 -10 -131 0 0 0 1 -1 0 0 0 -1 0 3706.dat
1 7 -10 -95 0 0 1 0 0 0 -1 -1 0 0 3647.dat
1 7 -10 -149 0 0 -1 0 0 0 -1 1 0 0 3713.dat
1 7 -10 -161 0 0 -1 0 0 0 -1 1 0 0 4265.dat
1 0 -10 -120 22 -1 0 0 0 0 1 0 1 0 6143.dat
1 14 -10 -120 46 -1 0 0 0 0 1 0 1 0 4032.dat
1 0 -10 -120 54 -1 0 0 0 0 1 0 1 0 3942.dat
1 0 20 -98 280 0 0 1 0 1 0 -1 0 0 3023.dat
1 0 20 -98 230 0 0 -1 0 1 0 1 0 0 2420.dat
1 0 0 -66 230 -1 0 0 0 1 0 0 0 -1 3623.dat
1 7 70 -60 0 0 0 1 0 1 0 -1 0 0 3713.dat
1 7 -90 -60 0 0 0 1 0 1 0 -1 0 0 3713.dat
1 0 -10 -19.534 -176.731 -1 0 0 0 0.946 -0.326 0 -0.326 -0.946 3707.dat
1 7 -80 -76.265 -157.197 0 1 0 0.326 0 0.946 0.946 0 -0.326 2825.dat
1 0 -70 -76.265 -157.197 -1 0 0 0 0.326 0.946 0 0.946 -0.326 3704.dat
1 0 50 -76.265 -157.197 -1 0 0 0 0.326 0.946 0 0.946 -0.326 3704.dat
1 7 60 -76.265 -157.197 0 -1 0 -0.326 0 0.946 -0.946 0 -0.326 2825.dat
1 0 20 -122 270 1 0 0 0 1 0 0 0 1 3040.dat
1 0 20 -122 290 -1 0 0 0 1 0 0 0 -1 3665.dat
1 0 -10 -172 0 0 0 -1 0 1 0 1 0 0 2711.dat
1 0 -70 -100 -60 1 0 0 0 0 -1 0 1 0 3704.dat
1 7 -80 -100 -60 0 -1 0 1 0 0 0 0 1 2825.dat
1 0 -40 -58 20 0 0 -1 0 1 0 1 0 0 3710.dat
1 7 60 -100 -60 0 1 0 -1 0 0 0 0 1 2825.dat
1 0 50 -100 -60 -1 0 0 0 0 1 0 1 0 3704.dat
1 0 -10 -180 -110 0 0 1 0 1 0 -1 0 0 4477.dat
1 0 -10 -180 110 0 0 1 0 1 0 -1 0 0 4477.dat
1 7 85 -60 0 0 0 1 0 1 0 -1 0 0 4185.dat
1 7 92 -70 17.321 -1 0 0 0 1 0 0 0 -1 4274.dat
1 7 49 -87.941 -108.468 0 -1 0 -0.242 0 -0.97 0.97 0 -0.242 4262.dat
1 7 -74 -87.941 -108.468 0 1 0 0.242 0 -0.97 -0.97 0 -0.242 4262.dat
1 7 -62 -100 -60 0 0 -1 0 -1 0 -1 0 0 4265.dat
1 7 -62 -76.265 -157.197 0 0 -1 -0.326 -0.946 0 -0.946 0.326 0 4265.dat
1 7 37 -76.265 -157.197 0 0 1 0.326 -0.946 0 0.946 0.326 0 4265.dat
1 7 37 -100 -60 0 0 1 0 -1 0 1 0 0 4265.dat
1 0 20 -146 290 1 0 0 0 1 0 0 0 1 3040.dat
1 36 20 -146 311 1 0 0 0 1 0 0 0 1 3062.dat
1 4 -15 -18 -90 1 0 0 0 1 0 0 0 1 2717.dat
1 0 52 -80 260 0 1 0 0 0 1 1 0 0 2711.dat
1 0 70 50 -60 0 0 -1 0 1 0 1 0 0 3895.dat
1 7 60 0 -100 0 -1 0 0 0 1 -1 0 0 2825.dat
1 7 60 60 -100 -1 0 0 0 0 1 0 1 0 3749.dat
1 7 60 0 0 0 -1 0 0 0 1 -1 0 0 2825.dat
1 7 60 60 0 -1 0 0 0 0 1 0 1 0 3749.dat
1 0 -90 50 -40 0 0 1 0 1 0 -1 0 0 3895.dat
1 7 -80 60 0 1 0 0 0 0 1 0 -1 0 3749.dat
1 7 -80 60 -100 1 0 0 0 0 1 0 -1 0 3749.dat
1 7 -80 0 -100 0 1 0 0 0 1 1 0 0 2825.dat
1 7 -80 0 0 0 1 0 0 0 1 1 0 0 2825.dat
1 0 -10 -188 0 0 0 -1 0 1 0 1 0 0 2711.dat
1 14 -10 -188 -200 0 0 1 0 1 0 -1 0 0 3070.dat
1 14 -10 -188 200 0 0 1 0 1 0 -1 0 0 3070.dat
1 0 20 -154 300 0 0 1 0 1 0 -1 0 0 3023.dat
