0 Main
0 Name: 8081 - Extreme Cruiser.mpd
0 Author: LTRON
1 71 0 -1.942 -0.213 1 0 0 0 1 -0.019 0 0.019 1 64179.dat
1 0 50 -2.702 39.787 1 0 0 0 1 -0.019 0 0.019 1 2780.dat
1 0 50 -1.942 -0.213 1 0 0 0 1 -0.019 0 0.019 1 2780.dat
1 0 -50 -2.702 39.787 1 0 0 0 1 -0.019 0 0.019 1 2780.dat
1 0 -50 -1.942 -0.213 1 0 0 0 1 -0.019 0 0.019 1 2780.dat
1 1 -40 -20.802 -60.593 0 1 0 -1 0 -0.019 -0.019 0 1 6558.dat
1 1 40 -20.802 -60.593 0 1 0 -1 0 -0.019 -0.019 0 1 6558.dat
1 28 0 -3.462 79.787 0 1 0 0.019 0 -1 -1 0 -0.019 6587.dat
1 71 0 -3.462 79.787 0 1 0 -1 0 -0.019 -0.019 0 1 94925.dat
1 0 0 -4.032 109.787 0 1 0 -1 0 -0.019 -0.019 0 1 59443.dat
1 71 0 -4.982 159.787 0 1 0 0.019 0 -1 -1 0 -0.019 32073.dat
1 0 0 -5.932 209.787 0 1 0 -1 0 -0.019 -0.019 0 1 59443.dat
1 0 0 -20.802 -60.593 0 0 -1 0.019 -1 0 -1 -0.019 0 32316.dat
1 71 0 -41.942 -0.973 1 0 0 0 1 -0.019 0 0.019 1 64179.dat
1 0 50 -42.702 39.027 1 0 0 0 1 -0.019 0 0.019 1 2780.dat
1 0 50 -41.942 -0.973 1 0 0 0 1 -0.019 0 0.019 1 2780.dat
1 0 -50 -42.702 39.027 1 0 0 0 1 -0.019 0 0.019 1 2780.dat
1 0 -50 -41.942 -0.973 1 0 0 0 1 -0.019 0 0.019 1 2780.dat
1 1 -20 -40.422 -80.973 0 0 1 0.019 1 0 -1 0.019 0 6558.dat
1 1 20 -40.422 -80.973 0 0 1 0.019 1 0 -1 0.019 0 6558.dat
1 1 -20 -0.422 -80.213 0 0 1 0.019 1 0 -1 0.019 0 6558.dat
1 1 20 -0.422 -80.213 0 0 1 0.019 1 0 -1 0.019 0 6558.dat
1 4 -60 -4.602 139.787 0 -1 0 1 0 -0.019 0.019 0 1 32278.dat
1 0 -70 -2.322 19.787 -1 0 0 0 -1 -0.019 0 -0.019 1 2780.dat
1 0 -70 -3.082 59.787 -1 0 0 0 -1 -0.019 0 -0.019 1 2780.dat
1 4 -60 -44.602 139.027 0 -1 0 1 0 -0.019 0.019 0 1 32278.dat
1 0 -70 -43.082 59.027 -1 0 0 0 -1 -0.019 0 -0.019 1 2780.dat
1 0 -50 -46.502 239.027 -1 0 0 0 -1 -0.019 0 -0.019 1 2780.dat
1 0 -70 -46.122 219.027 -1 0 0 0 -1 -0.019 0 -0.019 1 2780.dat
1 1 -80 -47.262 279.027 -1 0 0 0 -1 -0.019 0 -0.019 1 6558.dat
1 4 -40 -86.502 238.267 0 1 0 1 0 0.019 0.019 0 -1 32009.dat
1 1 -50 -87.262 278.267 -1 0 0 0 1 0.019 0 0.019 -1 43093.dat
1 1 -60 -89.162 378.267 -1 0 0 0 1 0.019 0 0.019 -1 6558.dat
1 1 -60 -88.782 358.267 -1 0 0 0 1 0.019 0 0.019 -1 6558.dat
1 4 -80 -87.262 278.267 -1 0 0 0 1 0.019 0 0.019 -1 32054.dat
1 71 -60 -6.502 239.787 -1 0 0 0 -1 -0.019 0 -0.019 1 32073.dat
1 4 0 -6.502 239.787 0 0 1 -0.019 -1 0 1 -0.019 0 32034.dat
1 71 60 -6.502 239.787 -1 0 0 0 -1 -0.019 0 -0.019 1 32073.dat
1 71 0 -6.502 239.787 0 0 -1 0.019 -1 0 -1 -0.019 0 4519.dat
1 0 -50 -89.542 398.267 -1 0 0 0 -1 -0.019 0 -0.019 1 3705.dat
1 4 0 -89.542 398.267 0 0 1 -0.019 -1 0 1 -0.019 0 32034.dat
1 0 50 -89.542 398.267 -1 0 0 0 -1 -0.019 0 -0.019 1 3705.dat
1 71 0 -88.022 318.267 1 0 0 0 1 -0.019 0 0.019 1 32073.dat
1 71 0 -88.022 318.267 1 0 0 0 0.019 1 0 -1 0.019 6536.dat
1 0 -15 -88.022 318.267 0 1 0 -1 0 -0.019 -0.019 0 1 41677.dat
1 71 0 -88.402 338.267 1 0 0 0 1 -0.019 0 0.019 1 32073.dat
1 0 -25 -88.022 318.267 0 1 0 -1 0 -0.019 -0.019 0 1 41677.dat
1 71 0 -87.642 298.267 0 0.707 0.707 -1 0.013433 -0.013433 -0.019 -0.707 0.707 4519.dat
1 14 0 -67.642 298.647 -0.707 0.707 0 0.013433 0.013433 -1 -0.707 -0.707 -0.019 32072.dat
1 0 0 -117.642 297.697 -0.707 0.707 0 0.013433 0.013433 -1 -0.707 -0.707 -0.019 59443.dat
1 0 0 -68.402 338.647 1 0 0 0 1 -0.019 0 0.019 1 42003.dat
1 28 0 -48.022 319.027 0 0 -1 -0.019 1 0 1 0.019 0 6587.dat
1 14 0 -48.022 319.027 1 0 0 0 1 -0.019 0 0.019 1 32072.dat
1 0 0 -47.452 289.027 1 0 0 0 1 -0.019 0 0.019 1 59443.dat
1 0 15 -88.022 318.267 0 1 0 -1 0 -0.019 -0.019 0 1 41677.dat
1 0 25 -88.022 318.267 0 1 0 -1 0 -0.019 -0.019 0 1 41677.dat
1 0 0 -44.032 109.027 1 0 0 0 1 -0.019 0 0.019 1 59443.dat
1 71 0 -45.742 199.027 0 0 1 0.019 1 0 -1 0.019 0 60485.dat
1 4 40 -86.502 238.267 0 1 0 1 0 0.019 0.019 0 -1 32009.dat
1 0 0 -41.752 -10.973 0 1 0 0.019 0 -1 -1 0 -0.019 3708.dat
1 72 0 -43.462 79.027 -0.195 0.981 0 0.981 0.195 0.019 0.018639 0.003705 -1 6542.dat
1 1 60 -89.162 378.267 1 0 0 0 -1 0.019 0 -0.019 -1 6558.dat
1 1 60 -88.782 358.267 1 0 0 0 -1 0.019 0 -0.019 -1 6558.dat
1 1 50 -87.262 278.267 1 0 0 0 -1 0.019 0 -0.019 -1 43093.dat
1 4 80 -87.262 278.267 1 0 0 0 -1 0.019 0 -0.019 -1 32054.dat
1 0 50 -46.502 239.027 1 0 0 0 -1 0.019 0 -0.019 -1 2780.dat
1 0 -60 -89.922 418.267 0 -1 0 1 0 -0.019 0.019 0 1 32524.dat
1 0 -50 -91.062 478.267 -1 0 0 0 -1 -0.019 0 -0.019 1 2780.dat
1 1 -60 -90.302 438.267 -1 0 0 0 -1 -0.019 0 -0.019 1 6558.dat
1 0 -40 -91.062 478.267 0 1 0 -1 0 -0.019 -0.019 0 1 32316.dat
1 0 -50 -91.442 498.267 1 0 0 0 1 -0.019 0 0.019 1 2780.dat
1 0 40 -91.822 518.267 1 0 0 0 1 -0.019 0 0.019 1 32054.dat
1 0 -40 -91.822 518.267 -1 0 0 0 1 0.019 0 0.019 -1 32054.dat
1 71 0 -91.822 518.267 1 0 0 0 1 -0.019 0 0.019 1 4519.dat
1 0 40 -91.062 478.267 0 -1 0 1 0 -0.019 0.019 0 1 32316.dat
1 0 50 -91.062 478.267 -1 0 0 0 -1 -0.019 0 -0.019 1 2780.dat
1 0 50 -91.442 498.267 -1 0 0 0 -1 -0.019 0 -0.019 1 2780.dat
1 1 60 -90.302 438.267 1 0 0 0 -1 0.019 0 -0.019 -1 6558.dat
1 0 60 -89.922 418.267 0 -1 0 1 0 -0.019 0.019 0 1 32524.dat
1 71 0 -0.2876 319.1737 0 0 -1 -0.174361 -0.984667 0 -0.984667 0.174361 0 4519.dat
1 71 0 10.1741 378.2537 1 0 0 0 -0.984667 -0.174361 0 0.174361 -0.984667 64178.dat
1 0 0 3.1997 338.867 1 0 0 0 -0.984667 -0.174361 0 0.174361 -0.984667 32269.dat
1 1 -40 6.6869 358.5604 0 -1 0 -0.984667 0 -0.174361 0.174361 0 -0.984667 6558.dat
1 1 -40 13.6613 397.9471 0 -1 0 -0.984667 0 -0.174361 0.174361 0 -0.984667 6558.dat
1 1 40 13.6613 397.9471 0 -1 0 -0.984667 0 -0.174361 0.174361 0 -0.984667 6558.dat
1 1 40 6.6869 358.5604 0 -1 0 -0.984667 0 -0.174361 0.174361 0 -0.984667 6558.dat
1 71 -60 29.8674 374.7665 0 1 0 0.174361 0 0.984667 0.984667 0 -0.174361 63869.dat
1 71 -60 29.8674 374.7665 0 1 0 0.174361 0 0.984667 0.984667 0 -0.174361 4519.dat
1 71 -60 -9.5192 381.7409 0 1 0 0.174361 0 0.984667 0.984667 0 -0.174361 63869.dat
1 71 -60 -9.5192 381.7409 0 1 0 0.174361 0 0.984667 0.984667 0 -0.174361 4519.dat
1 71 60 29.8674 374.7665 0 -1 0 -0.174361 0 0.984667 -0.984667 0 -0.174361 63869.dat
1 71 60 29.8674 374.7665 0 -1 0 -0.174361 0 0.984667 -0.984667 0 -0.174361 4519.dat
1 71 60 -9.5192 381.7409 0 -1 0 -0.174361 0 0.984667 -0.984667 0 -0.174361 63869.dat
1 71 60 -9.5192 381.7409 0 -1 0 -0.174361 0 0.984667 -0.984667 0 -0.174361 4519.dat
1 72 0 10.1741 378.2537 0 0 1 -0.984667 -0.174361 0 0.174361 -0.984667 0 62821.dat
1 19 -17 10.1741 378.2537 0 0 1 -0.984667 -0.174361 0 0.174361 -0.984667 0 6589.dat
1 19 17 10.1741 378.2537 0 0 -1 -0.984667 0.174361 0 0.174361 0.984667 0 6589.dat
1 19 0 13.1382 394.993 0.259 -0.966 0 -0.951188 -0.255029 -0.174361 0.168433 0.045159 -0.984667 6589.dat
1 71 40 10.1741 378.2537 1 0 0 0 -0.984667 -0.174361 0 0.174361 -0.984667 4519.dat
1 71 -40 10.1741 378.2537 1 0 0 0 -0.984667 -0.174361 0 0.174361 -0.984667 4519.dat
1 0 70 10.1741 378.2537 0 0 1 0.174361 -0.984667 0 0.984667 0.174361 0 59443.dat
1 0 -70 10.1741 378.2537 0 0 1 0.174361 -0.984667 0 0.984667 0.174361 0 59443.dat
1 71 -100 27.252 359.9965 0 0 1 0.984667 0.174361 0 -0.174361 0.984667 0 6632.dat
1 71 -100 32.4829 389.5365 0 0 1 0.984667 0.174361 0 -0.174361 0.984667 0 6632.dat
1 71 -100 -12.1347 366.9709 0 0 1 0.984667 0.174361 0 -0.174361 0.984667 0 6632.dat
1 71 -100 -6.9038 396.5109 0 0 1 0.984667 0.174361 0 -0.174361 0.984667 0 6632.dat
1 71 60 32.4829 389.5365 0 0 1 0.984667 0.174361 0 -0.174361 0.984667 0 6632.dat
1 71 60 27.252 359.9965 0 0 1 0.984667 0.174361 0 -0.174361 0.984667 0 6632.dat
1 71 60 -12.1347 366.9709 0 0 1 0.984667 0.174361 0 -0.174361 0.984667 0 6632.dat
1 71 60 -6.9038 396.5109 0 0 1 0.984667 0.174361 0 -0.174361 0.984667 0 6632.dat
1 71 -100 10.1741 378.2537 0 0 -1 0.174361 0.984667 0 0.984667 -0.174361 0 32184.dat
1 72 -127 10.1741 378.2537 -1 0 0 0 0.984667 -0.174361 0 -0.174361 -0.984667 59426.dat
1 71 -120 10.1741 378.2537 0 0 1 -0.174361 0.984667 0 -0.984667 -0.174361 0 3713.dat
1 71 100 10.1741 378.2537 0 0 1 0.174361 -0.984667 0 0.984667 0.174361 0 32184.dat
1 72 127 10.1741 378.2537 1 0 0 0 -0.984667 -0.174361 0 0.174361 -0.984667 59426.dat
1 71 120 10.1741 378.2537 0 0 -1 -0.174361 -0.984667 0 -0.984667 0.174361 0 3713.dat
1 28 -100 31.2623 382.6438 0 0 -1 -0.174361 -0.984667 0 -0.984667 0.174361 0 6587.dat
1 28 -100 -8.1244 389.6183 0 0 -1 -0.174361 -0.984667 0 -0.984667 0.174361 0 6587.dat
1 28 100 31.2623 382.6438 0 0 -1 -0.174361 -0.984667 0 -0.984667 0.174361 0 6587.dat
1 28 100 -8.1244 389.6183 0 0 -1 -0.174361 -0.984667 0 -0.984667 0.174361 0 6587.dat
1 71 -100 15.4049 407.7937 0 0 1 0.174361 -0.984667 0 0.984667 0.174361 0 32184.dat
1 0 -90 15.4049 407.7937 -1 0 0 0 -0.984667 0.174361 0 0.174361 0.984667 2780.dat
1 71 100 15.4049 407.7937 0 0 -1 -0.174361 -0.984667 0 -0.984667 0.174361 0 32184.dat
1 0 90 15.4049 407.7937 1 0 0 0 -0.984667 -0.174361 0 0.174361 -0.984667 2780.dat
1 71 0 -7.262 279.787 0 -1 0 -0.99961 0 0.018993 -0.018993 0 -0.99961 62520.dat
1 71 0 -7.262 279.787 0 -1 0 -0.99961 0 0.018993 -0.018993 0 -0.99961 62519.dat
1 71 0 -7.262 279.787 -1 0 0 0 -0.984667 0.174361 0 0.174361 0.984667 62520.dat
0 !LEOCAD SYNTH BEGIN
0 !LEOCAD SYNTH CONTROL_POINT 0 110 0 1 0 0 0 1 0 0 0 1 1
0 !LEOCAD SYNTH CONTROL_POINT 0 0 0 1 0 0 0 1 0 0 0 1 1
1 71 80 -90.302 438.267 0 0 -1 0.276836 0.961605 0 0.961605 -0.276836 0 76537.dat
0 !LEOCAD SYNTH END
0 !LEOCAD SYNTH BEGIN
0 !LEOCAD SYNTH CONTROL_POINT 0 110 0 1 0 0 0 1 0 0 0 1 1
0 !LEOCAD SYNTH CONTROL_POINT 0 0 0 1 0 0 0 1 0 0 0 1 1
1 71 -80 -90.302 438.267 0 0 -1 0.276836 0.961605 0 0.961605 -0.276836 0 76537.dat
0 !LEOCAD SYNTH END
1 19 -60 -7.262 279.787 1 0 0 0 1 -0.019 0 0.019 1 32556.dat
1 4 -80 -87.262 278.267 0 -1 0 0.019 0 1 -1 0 0.019 32526.dat
1 0 -100 -6.502 239.787 -1 0 0 0 -0.019 1 0 1 0.019 6536.dat
1 4 60 -44.602 139.027 0 -1 0 1 0 -0.019 0.019 0 1 32278.dat
1 4 60 -4.602 139.787 0 -1 0 1 0 -0.019 0.019 0 1 32278.dat
1 19 60 -7.262 279.787 -1 0 0 0 -1 -0.019 0 -0.019 1 32556.dat
1 1 80 -47.262 279.027 1 0 0 0 -1 0.019 0 -0.019 -1 6558.dat
1 0 70 -46.122 219.027 -1 0 0 0 -1 -0.019 0 -0.019 1 2780.dat
1 0 70 -43.082 59.027 -1 0 0 0 -1 -0.019 0 -0.019 1 2780.dat
1 0 70 -2.322 19.787 -1 0 0 0 -1 -0.019 0 -0.019 1 2780.dat
1 0 70 -3.082 59.787 -1 0 0 0 -1 -0.019 0 -0.019 1 2780.dat
1 4 80 -87.262 278.267 0 -1 0 0.019 0 1 -1 0 0.019 32526.dat
1 0 100 -6.502 239.787 -1 0 0 0 -0.019 1 0 1 0.019 6536.dat
1 71 0 -167.642 296.747 0 -0.707 -0.707 -1 -0.013433 0.013433 -0.019 0.707 -0.707 32073.dat
1 0 0 -130.802 -62.683 1 0 0 0 1 -0.019 0 0.019 1 32333.dat
1 1 20 -120.802 -62.493 0 0 1 0.019 1 0 -1 0.019 0 6558.dat
1 1 44 -88.802 -61.885 0 0 1 0.019 1 0 -1 0.019 0 6558.dat
1 1 -44 -88.802 -61.885 0 0 -1 -0.019 1 0 1 0.019 0 6558.dat
1 1 -20 -120.802 -62.493 0 0 -1 -0.019 1 0 1 0.019 0 6558.dat
1 71 52.8 -120.972 -32.4854 0.6 -0.8 0 0.8 0.6 -0.019 0.0152 0.0114 1 2850.dat
1 0 20 -121.752 -12.493 0 -0.8 0.6 0.019 0.6 0.8 -1 0.0114 0.0152 2780.dat
1 0 44 -89.752 -11.885 0 -0.8 0.6 0.019 0.6 0.8 -1 0.0114 0.0152 2780.dat
1 71 52.8 -121.732 7.5146 0.6 -0.8 0 0.8 0.6 -0.019 0.0152 0.0114 1 2850.dat
1 1 20 -122.702 37.507 0 -0.8 -0.6 -0.019 0.6 -0.8 1 0.0114 -0.0152 6558.dat
1 0 44 -90.512 28.115 0 -0.8 -0.6 -0.019 0.6 -0.8 1 0.0114 -0.0152 2780.dat
1 14 0 -81.372 -31.733 1 0 0 0 1 -0.019 0 0.019 1 2853.dat
1 71 -10 -81.372 -31.733 0.473 -0.881 0 0.881 0.473 -0.019 0.016739 0.008987 1 2852.dat
1 71 -10 -81.372 -31.733 -0.713 0.701 0 0.701 0.713 0.019 0.013319 0.013547 -1 2852.dat
1 72 0 -81.752 -11.733 -1 0 0 0 1 0.019 0 0.019 -1 2854.dat
1 71 10 -82.132 8.267 0.713 -0.701 0 0.701 0.713 -0.019 0.013319 0.013547 1 2852.dat
1 71 10 -82.132 8.267 -0.473 0.881 0 0.881 0.473 0.019 0.016739 0.008987 -1 2852.dat
1 14 0 -82.132 8.267 -1 0 0 0 1 0.019 0 0.019 -1 2853.dat
1 14 38.038 -110.39 7.7301 -0.6 -0.8 0 -0.8 0.6 0.019 -0.0152 0.0114 -1 2851.dat
1 14 25.238 -100.3 -32.0926 -0.6 -0.8 0 -0.8 0.6 0.019 -0.0152 0.0114 -1 2851.dat
1 14 -25.238 -101.06 7.9074 0.6 0.8 0 -0.8 0.6 -0.019 -0.0152 0.0114 1 2851.dat
1 14 -38.038 -109.9 -32.275 0.6 0.8 0 -0.8 0.6 -0.019 -0.0152 0.0114 1 2851.dat
1 4 0 -80.802 -61.733 0 0 1 0.019 1 0 -1 0.019 0 32062.dat
1 71 -52.8 -120.972 -32.4854 0.6 0.8 0 -0.8 0.6 -0.019 -0.0152 0.0114 1 2850.dat
1 0 -44 -89.752 -11.885 0 0.8 0.6 0.019 0.6 -0.8 -1 0.0114 -0.0152 2780.dat
1 0 -20 -121.752 -12.493 0 0.8 0.6 0.019 0.6 -0.8 -1 0.0114 -0.0152 2780.dat
1 71 -52.8 -121.732 7.5146 0.6 0.8 0 -0.8 0.6 -0.019 -0.0152 0.0114 1 2850.dat
1 0 -44 -90.512 28.115 0 0.8 0.6 0.019 0.6 -0.8 -1 0.0114 -0.0152 2780.dat
1 1 -20 -122.702 37.507 0 0.8 -0.6 -0.019 0.6 0.8 1 0.0114 0.0152 6558.dat
1 0 0 -132.702 37.317 1 0 0 0 1 -0.019 0 0.019 1 32333.dat
1 0 0 -83.082 58.267 0 0 -1 -0.019 1 0 1 0.019 0 3705.dat
1 71 0 -83.082 58.267 -1 0 0 0 -1 -0.019 0 -0.019 1 32184.dat
1 71 0 -103.082 57.887 -1 0 0 0 -1 -0.019 0 -0.019 1 4519.dat
1 71 0 -63.082 58.647 -1 0 0 0 -1 -0.019 0 -0.019 1 4519.dat
1 0 40 -63.082 58.647 0 0 1 -1 0.019 0 -0.019 -1 0 32013.dat
1 0 -40 -63.082 58.647 0 0 -1 -1 -0.019 0 -0.019 1 0 32013.dat
1 4 -40 -63.082 58.647 0 0 1 1 -0.019 0 0.019 1 0 32054.dat
1 4 40 -63.082 58.647 0 0 1 1 -0.019 0 0.019 1 0 32054.dat
1 0 20 -103.082 57.887 1 0 0 0 -1 0.019 0 -0.019 -1 6536.dat
1 0 -20 -103.082 57.887 1 0 0 0 -1 0.019 0 -0.019 -1 6536.dat
1 71 0 -83.462 78.267 -1 0 0 0 -1 -0.019 0 -0.019 1 94925.dat
1 0 -20 -80.612 -71.733 0 0 1 0.019 1 0 -1 0.019 0 2780.dat
1 0 20 -80.612 -71.733 0 0 1 0.019 1 0 -1 0.019 0 2780.dat
1 71 44 -88.422 -81.885 -0.8 0 0.6 0.6 -0.019 0.8 0.0114 1 0.0152 32316.dat
1 71 -44 -88.422 -81.885 0.8 0 0.6 0.6 -0.019 -0.8 0.0114 1 -0.0152 32316.dat
1 71 -20 -40.422 -80.973 1 0 0 0 -0.019 -1 0 1 -0.019 32316.dat
1 71 20 -40.422 -80.973 1 0 0 0 -0.019 -1 0 1 -0.019 32316.dat
1 4 0 -9.662 -120.403 1 0 0 0 1 -0.019 0 0.019 1 32064.dat
1 71 0 -17.852 -110.555 1 0 0 0 1 -0.019 0 0.019 1 3022.dat
1 4 0 -10.042 -100.403 1 0 0 0 1 -0.019 0 0.019 1 3894.dat
1 4 -40 -18.042 -100.555 1 0 0 0 1 -0.019 0 0.019 1 3023.dat
1 4 40 -18.042 -100.555 1 0 0 0 1 -0.019 0 0.019 1 3023.dat
1 72 0 0.11 -108.213 0 0 -1 -0.019 1 0 1 0.019 0 87083.dat
1 71 0 -0.422 -80.213 -1 0 0 0 1 0.019 0 0.019 -1 3713.dat
1 4 0 -26.042 -100.707 -1 0 0 0 1 0.019 0 0.019 -1 3666.dat
1 4 0 -50.042 -101.163 -1 0 0 0 1 0.019 0 0.019 -1 3894.dat
1 71 77.081 14.958 -99.928 0 -0.375 -0.927 -0.019 0.927 -0.375 1 0.017613 -0.007125 6572.dat
1 4 -40 -0.042 -100.213 0 0.375 -0.927 -0.019 0.927 0.375 1 0.017613 0.007125 32062.dat
1 4 40 -0.042 -100.213 0 -0.375 -0.927 -0.019 0.927 -0.375 1 0.017613 -0.007125 32062.dat
1 71 -77.081 14.958 -99.928 0 0.375 0.927 0.019 0.927 -0.375 -1 0.017613 -0.007125 6572.dat
1 71 -40 -39.852 -110.973 0 0.375 0.927 0.019 0.927 -0.375 -1 0.017613 -0.007125 4519.dat
1 71 40 -39.852 -110.973 0 -0.375 0.927 0.019 0.927 0.375 -1 0.017613 0.007125 4519.dat
1 71 -77.081 -25.042 -100.688 0 0.375 0.927 0.019 0.927 -0.375 -1 0.017613 -0.007125 6572.dat
1 71 77.081 -25.042 -100.688 0 -0.375 -0.927 -0.019 0.927 -0.375 1 0.017613 -0.007125 6572.dat
1 71 -40 -39.472 -130.973 0.927 0 -0.375 -0.375 -0.019 -0.927 -0.007125 1 -0.017613 33299.dat
1 71 40 -39.472 -130.973 0.927 0 0.375 0.375 -0.019 -0.927 0.007125 1 -0.017613 33299.dat
0 !LEOCAD SYNTH BEGIN
0 !LEOCAD SYNTH CONTROL_POINT 0 110 0 1 0 0 0 1 0 0 0 1 1
0 !LEOCAD SYNTH CONTROL_POINT 0 0 0 1 0 0 0 1 0 0 0 1 1
1 71 -55 -76.933 -111.6775 0 1 0 1 0 0.019 0.019 0 -1 76537.dat
0 !LEOCAD SYNTH END
1 0 114.162 9.958 -100.023 0 0 -1 0.019 -1 0 -1 -0.019 0 6571.dat
1 72 144.162 9.958 -100.023 -1 0 0 0 -1 -0.019 0 -0.019 1 87083.dat
1 14 129.162 9.958 -100.023 0 0 -1 0.019 -1 0 -1 -0.019 0 32123.dat
1 0 -114.162 9.958 -100.023 0 0 1 0.019 1 0 -1 0.019 0 6571.dat
1 72 -144.162 9.958 -100.023 1 0 0 0 1 -0.019 0 0.019 1 87083.dat
1 14 -129.162 9.958 -100.023 0 0 1 0.019 1 0 -1 0.019 0 32123.dat
1 0 0 -25.662 -120.707 -1 0 0 0 1 0.019 0 0.019 -1 6574.dat
1 72 -19.797 -21.7729 -139.75 0.322 -0.156 -0.934 0.94676 0.029772 0.322131 -0.022026 -0.987791 0.157175 32005.dat
1 72 19.797 -21.7729 -139.75 0.322 0.156 0.934 -0.94676 0.029772 0.322131 0.022026 -0.987791 0.157175 32005.dat
1 72 0 -39.662 -120.973 1 0 0 0 1 -0.019 0 0.019 1 3647.dat
1 4 80 -83.082 58.267 0 -1 0 0.019 0 1 -1 0 0.019 32526.dat
1 0 90 -23.082 59.407 1 0 0 0 0.019 1 0 -1 0.019 2780.dat
1 1 90 -2.702 39.787 1 0 0 0 0.019 1 0 -1 0.019 43093.dat
1 0 120 -2.702 39.787 0 0 1 -1 0.019 0 -0.019 -1 0 32013.dat
1 4 -80 -83.082 58.267 0 -1 0 0.019 0 1 -1 0 0.019 32526.dat
1 0 -90 -23.082 59.407 1 0 0 0 0.019 1 0 -1 0.019 2780.dat
1 1 -90 -2.702 39.787 -1 0 0 0 0.019 -1 0 -1 -0.019 43093.dat
1 0 -120 -2.702 39.787 0 0 -1 1 0.019 0 0.019 -1 0 32013.dat
1 0 0 -22.702 39.407 0 0 -1 0.019 -1 0 -1 -0.019 0 32278.dat
1 4 -120 -22.702 39.407 0 0 -1 1 0.019 0 0.019 -1 0 32054.dat
1 4 120 -22.702 39.407 0 0 -1 1 0.019 0 0.019 -1 0 32054.dat
1 0 0 -26.882 259.407 0 0 -1 0.019 -1 0 -1 -0.019 0 32278.dat
1 4 -100 -26.882 259.407 0 0 -1 1 0.019 0 0.019 -1 0 32054.dat
1 4 100 -26.882 259.407 0 0 -1 1 0.019 0 0.019 -1 0 32054.dat
1 0 80 -168.782 356.747 0 1 0 -0.019 0 1 1 0 0.019 32526.dat
1 0 -80 -168.782 356.747 0 1 0 -0.019 0 1 1 0 0.019 32526.dat
1 0 -90 -168.782 356.747 1 0 0 0 0.019 1 0 -1 0.019 2780.dat
1 0 -90 -128.782 357.507 1 0 0 0 0.019 1 0 -1 0.019 2780.dat
1 0 90 -168.782 356.747 1 0 0 0 0.019 1 0 -1 0.019 2780.dat
1 0 90 -128.782 357.507 1 0 0 0 0.019 1 0 -1 0.019 2780.dat
1 0 0 -217.642 295.797 0.707 0.707 0 -0.013433 0.013433 1 0.707 -0.707 0.019 59443.dat
1 0 -80 -248.782 355.227 0 1 0 1 0 0.019 0.019 0 -1 32526.dat
1 1 -80 -207.262 275.987 1 0 0 0 -1 0.019 0 -0.019 -1 6558.dat
1 0 -100 -147.262 277.127 0 -1 0 -0.019 0 -1 1 0 -0.019 32525.dat
1 1 -100 -247.262 275.227 1 0 0 0 -1 0.019 0 -0.019 -1 6558.dat
1 0 -110 -67.262 278.647 1 0 0 0 -1 0.019 0 -0.019 -1 2780.dat
1 0 -100 -188.782 356.367 0 1 0 0.019 0 -1 -1 0 -0.019 32524.dat
1 1 -100 -248.782 355.227 1 0 0 0 1 -0.019 0 0.019 1 6558.dat
1 0 -110 -148.782 357.127 1 0 0 0 1 -0.019 0 0.019 1 2780.dat
1 71 0 -38.902 -160.973 1 0 0 0 1 -0.019 0 0.019 1 32073.dat
1 0 -40 -38.522 -180.973 -1 0 0 0 1 0.019 0 0.019 -1 32039.dat
1 71 -20 -18.902 -160.593 -1 0 0 0 1 0.019 0 0.019 -1 32184.dat
1 71 0 1.098 -160.213 -1 0 0 0 1 0.019 0 0.019 -1 4519.dat
1 0 0 0.718 -140.213 1 0 0 0 1 -0.019 0 0.019 1 32039.dat
1 4 -5 -68.902 -161.543 0 -1 0 -0.019 0 -1 1 0 -0.019 32449.dat
1 4 5 -68.902 -161.543 0 -1 0 -0.019 0 -1 1 0 -0.019 32449.dat
1 71 20 -18.902 -160.593 -1 0 0 0 1 0.019 0 0.019 -1 32184.dat
1 0 40 -38.522 -180.973 -1 0 0 0 1 0.019 0 0.019 -1 32039.dat
1 71 0 -98.902 -162.113 -1 0 0 0 1 0.019 0 0.019 -1 4519.dat
1 0 -30 -98.902 -162.113 0 0 1 0.019 1 0 -1 0.019 0 59443.dat
1 0 30 -98.902 -162.113 0 0 1 0.019 1 0 -1 0.019 0 59443.dat
1 71 -40 -38.142 -200.973 0 0 1 0.019 1 0 -1 0.019 0 4519.dat
1 71 40 -38.142 -200.973 0 0 1 0.019 1 0 -1 0.019 0 4519.dat
1 0 60 -99.282 -142.113 1 0 0 0 -1 0.019 0 -0.019 -1 6536.dat
1 1 70 -99.282 -142.113 -1 0 0 0 -1 -0.019 0 -0.019 1 43093.dat
1 4 60 -119.282 -142.493 0 0 -1 0.019 -1 0 -1 -0.019 0 32054.dat
1 0 60 -118.902 -162.493 -1 0 0 0 -1 -0.019 0 -0.019 1 42003.dat
1 0 80 -100.802 -62.113 0 1 0 -1 0 -0.019 -0.019 0 1 32525.dat
1 0 100 -23.082 59.407 0 1 0 0.019 0 -1 -1 0 -0.019 32526.dat
1 1 100 -102.322 17.887 1 0 0 0 -0.019 -1 0 1 -0.019 6558.dat
1 1 100 -83.082 58.267 1 0 0 0 -0.019 -1 0 1 -0.019 6558.dat
1 0 100 -102.702 37.887 -1 0 0 0 0.019 -1 0 -1 -0.019 32054.dat
1 0 -60 -99.282 -142.113 -1 0 0 0 -1 -0.019 0 -0.019 1 6536.dat
1 1 -70 -99.282 -142.113 1 0 0 0 -1 0.019 0 -0.019 -1 43093.dat
1 0 -60 -118.902 -162.493 1 0 0 0 -1 0.019 0 -0.019 -1 42003.dat
1 4 -60 -119.282 -142.493 0 0 -1 0.019 -1 0 -1 -0.019 0 32054.dat
1 0 -80 -100.802 -62.113 0 1 0 1 0 0.019 0.019 0 -1 32525.dat
1 0 -100 -23.082 59.407 0 1 0 0.019 0 -1 -1 0 -0.019 32526.dat
1 1 -100 -102.322 17.887 1 0 0 0 -0.019 -1 0 1 -0.019 6558.dat
1 1 -100 -83.082 58.267 -1 0 0 0 0.019 -1 0 -1 -0.019 6558.dat
1 0 -100 -102.702 37.887 1 0 0 0 -0.019 -1 0 1 -0.019 32054.dat
1 0 -120 -123.082 57.507 0 -1 0 -0.019 0 -1 1 0 -0.019 32316.dat
1 28 60 -98.902 -162.113 1 0 0 0 1 -0.019 0 0.019 1 6587.dat
1 28 -60 -98.902 -162.113 -1 0 0 0 1 0.019 0 0.019 -1 6587.dat
1 71 -60 -163.082 56.747 1 0 0 0 0.810151 -0.586599 0 0.586599 0.810151 4519.dat
1 0 -90 -163.082 56.747 0 0 1 0.586599 0.810151 0 -0.810151 0.586599 0 59443.dat
1 0 -30 -163.082 56.747 0 0 1 0.586599 0.810151 0 -0.810151 0.586599 0 59443.dat
1 71 0 -163.082 56.747 1 0 0 0 0.810151 -0.586599 0 0.586599 0.810151 4519.dat
1 0 -5 -151.351 40.545 0 -1 0 0.810151 0 -0.586599 0.586599 0 0.810151 41677.dat
1 0 5 -151.351 40.545 0 -1 0 0.810151 0 -0.586599 0.586599 0 0.810151 41677.dat
1 0 30 -163.082 56.747 0 0 1 0.586599 0.810151 0 -0.810151 0.586599 0 59443.dat
1 71 60 -163.082 56.747 1 0 0 0 0.810151 -0.586599 0 0.586599 0.810151 4519.dat
1 0 90 -163.082 56.747 0 0 1 0.586599 0.810151 0 -0.810151 0.586599 0 59443.dat
1 71 0 -151.351 40.545 1 0 0 0 0.810151 -0.586599 0 0.586599 0.810151 4519.dat
1 0 130 -163.082 56.747 1 0 0 0 0.810151 -0.586599 0 0.586599 0.810151 3705.dat
1 0 120 -123.082 57.507 0 -1 0 -0.019 0 -1 1 0 -0.019 32316.dat
1 0 140 -163.082 56.747 -1 0 0 0 -0.586599 0.810151 0 0.810151 0.586599 6536.dat
1 0 160 -163.082 56.747 -1 0 0 0 -0.586599 0.810151 0 0.810151 0.586599 6536.dat
1 1 160 -182.9145 67.084 0 0 -1 -0.810151 -0.586599 0 -0.586599 0.810151 0 43093.dat
1 0 140 -182.9145 67.084 0 0 -1 -0.810151 -0.586599 0 -0.586599 0.810151 0 2780.dat
1 0 160 -191.016 61.2181 0 0 -1 -0.586599 0.810151 0 0.810151 0.586599 0 41669.dat
1 0 20 -151.351 40.545 0 -1 0 -0.586599 0 -0.810151 0.810151 0 -0.586599 60483.dat
1 0 -20 -151.351 40.545 0 -1 0 -0.586599 0 -0.810151 0.810151 0 -0.586599 60483.dat
1 0 30 -167.5531 28.813 1 0 0 0 -0.586599 -0.810151 0 0.810151 -0.586599 2780.dat
1 0 -30 -167.5531 28.813 1 0 0 0 -0.586599 -0.810151 0 0.810151 -0.586599 2780.dat
1 0 -160 -163.082 56.747 1 0 0 0 -0.586599 -0.810151 0 0.810151 -0.586599 6536.dat
1 0 -130 -163.082 56.747 1 0 0 0 -0.586599 -0.810151 0 0.810151 -0.586599 3705.dat
1 0 -140 -163.082 56.747 1 0 0 0 -0.586599 -0.810151 0 0.810151 -0.586599 6536.dat
1 1 -160 -182.9155 67.084 0 -1 0 -0.810151 0 0.586599 -0.586599 0 -0.810151 43093.dat
1 0 -140 -182.9155 67.084 0 -1 0 -0.810151 0 0.586599 -0.586599 0 -0.810151 2780.dat
1 0 -160 -191.017 61.218 0 0 1 0.586599 0.810151 0 -0.810151 0.586599 0 41669.dat
1 71 80 -123.082 57.507 1 0 0 0 -1 0.019 0 -0.019 -1 6536.dat
1 71 100 -123.082 57.507 1 0 0 0 -1 0.019 0 -0.019 -1 4519.dat
1 28 80 -143.462 77.127 0 0 -1 0.019 -1 0 -1 -0.019 0 6587.dat
1 71 80 -143.424 75.127 -1 0 0 0 -1 -0.019 0 -0.019 1 3713.dat
1 0 100 -123.082 57.507 0 1 0 0.019 0 -1 -1 0 -0.019 60483.dat
1 0 110 -143.082 57.127 -1 0 0 0 0.019 -1 0 -1 -0.019 2780.dat
1 71 80 -144.108 111.127 1 0 0 0 0.019 1 0 -1 0.019 2819.dat
1 0 -120 -247.642 295.227 0 -1 0 1 0 -0.019 0.019 0 1 32278.dat
1 71 0 -250.302 435.227 1 0 0 0 1 -0.019 0 0.019 1 4519.dat
1 4 40 -250.302 435.227 1 0 0 0 1 -0.019 0 0.019 1 32054.dat
1 4 -40 -250.302 435.227 -1 0 0 0 1 0.019 0 0.019 -1 32054.dat
1 4 -40 -249.162 375.227 0 -1 0 -1 0 0.019 -0.019 0 -1 32524.dat
1 4 40 -249.162 375.227 0 -1 0 -1 0 0.019 -0.019 0 -1 32524.dat
1 0 70 -250.302 435.227 1 0 0 0 -1 0.019 0 -0.019 -1 62462.dat
1 0 -70 -250.302 435.227 1 0 0 0 -1 0.019 0 -0.019 -1 62462.dat
1 0 -60 -248.212 325.227 1 0 0 0 -0.019 -1 0 1 -0.019 32138.dat
1 0 60 -248.212 325.227 1 0 0 0 -0.019 -1 0 1 -0.019 32138.dat
1 1 100 -250.302 435.227 1 0 0 0 -0.019 -1 0 1 -0.019 6558.dat
1 1 -100 -250.302 435.227 -1 0 0 0 0.019 -1 0 -1 -0.019 6558.dat
1 0 100 -226.5839 467.265 0 1 0 -0.806628 0 0.596895 0.596895 0 0.806628 32316.dat
1 0 -100 -226.5839 467.265 0 1 0 -0.806628 0 0.596895 0.596895 0 0.806628 32316.dat
1 0 -110 -238.5152 451.1496 1 0 0 0 0.806628 0.596895 0 -0.596895 0.806628 2780.dat
1 0 -110 -202.7236 499.4989 1 0 0 0 0.806628 0.596895 0 -0.596895 0.806628 2780.dat
1 0 110 -202.7138 499.5121 1 0 0 0 0.805609 0.595914 0 -0.595914 0.805609 2780.dat
1 0 110 -238.5152 451.1496 1 0 0 0 0.806628 0.596895 0 -0.596895 0.806628 2780.dat
1 0 -120 -214.6538 483.3824 0 1 0 -0.806628 0 0.596895 0.596895 0 0.806628 32316.dat
1 71 0 -190.7924 515.6153 1 0 0 0 0.80459 0.594933 0 -0.594933 0.80459 60485.dat
1 0 -90 -190.7924 515.6153 0 0 1 -0.594933 0.80459 0 -0.80459 -0.594933 0 59443.dat
1 0 90 -190.7924 515.6153 0 0 1 -0.594933 0.80459 0 -0.80459 -0.594933 0 59443.dat
1 1 110 -190.7924 515.6153 -1 0 0 0 0.80459 -0.594933 0 -0.594933 -0.80459 43093.dat
1 1 -110 -190.7924 515.6153 1 0 0 0 0.80459 0.594933 0 -0.594933 0.80459 43093.dat
1 0 120 -214.6538 483.3824 0 1 0 -0.806628 0 0.596895 0.596895 0 0.806628 32316.dat
1 4 0 -247.642 295.227 0 0 1 1 -0.019 0 0.019 1 0 32034.dat
1 4 -30 -247.642 295.227 -1 0 0 0 -0.019 1 0 1 0.019 32062.dat
1 4 30 -247.642 295.227 -1 0 0 0 -0.019 1 0 1 0.019 32062.dat
1 0 -50 -247.642 295.227 0 0 1 1 -0.019 0 0.019 1 0 59443.dat
1 0 50 -247.642 295.227 0 0 1 1 -0.019 0 0.019 1 0 59443.dat
1 1 -70 -247.642 295.227 1 0 0 0 -0.019 -1 0 1 -0.019 43093.dat
1 1 70 -247.642 295.227 -1 0 0 0 -0.019 1 0 1 0.019 43093.dat
1 0 80 -248.782 355.227 0 1 0 1 0 0.019 0.019 0 -1 32526.dat
1 1 80 -207.262 275.987 -1 0 0 0 1 0.019 0 0.019 -1 6558.dat
1 0 100 -147.262 277.127 0 -1 0 0.019 0 1 -1 0 0.019 32525.dat
1 0 100 -188.782 356.367 0 -1 0 0.019 0 1 -1 0 0.019 32524.dat
1 1 100 -247.262 275.227 -1 0 0 0 -0.019 1 0 1 0.019 6558.dat
1 1 100 -248.782 355.227 -1 0 0 0 -0.019 1 0 1 0.019 6558.dat
1 0 110 -148.782 357.127 -1 0 0 0 -0.019 1 0 1 0.019 2780.dat
1 0 110 -67.262 278.647 -1 0 0 0 -0.019 1 0 1 0.019 2780.dat
1 0 -60 -201.6314 256.792 0 1 0 -0.960003 0 -0.281335 -0.281335 0 0.960003 60483.dat
1 0 60 -201.6314 256.792 0 1 0 -0.960003 0 -0.281335 -0.281335 0 0.960003 60483.dat
1 1 -70 -201.6314 256.792 1 0 0 0 0.960003 -0.281335 0 0.281335 0.960003 43093.dat
1 1 70 -201.6314 256.792 -1 0 0 0 -0.960003 -0.281335 0 -0.281335 0.960003 43093.dat
1 71 80 -123.8767 237.91 0 -1 0 0.235627 0 -0.971826 0.971826 0 0.235627 40490.dat
1 1 80 -182.1863 252.0476 -1 0 0 0 -0.235627 -0.971826 0 -0.971826 0.235627 6558.dat
1 1 80 -65.5671 223.7724 -1 0 0 0 -0.235627 -0.971826 0 -0.971826 0.235627 6558.dat
1 1 80 -85.0037 228.4849 -1 0 0 0 -0.235627 -0.971826 0 -0.971826 0.235627 6558.dat
1 1 80 -104.4402 233.1975 -1 0 0 0 -0.235627 -0.971826 0 -0.971826 0.235627 6558.dat
1 1 60 -143.3132 242.6225 0 1 0 -0.235627 0 -0.971826 -0.971826 0 0.235627 32316.dat
1 1 100 -143.3132 242.6225 0 1 0 -0.235627 0 -0.971826 -0.971826 0 0.235627 32316.dat
1 1 100 -99.1413 170.1754 0 -1 0 0.971826 0 0.235627 -0.235627 0 0.971826 32140.dat
1 71 80 -99.1413 170.1754 -1 0 0 0 -0.971826 0.235627 0 0.235627 0.971826 4519.dat
1 71 80 -99.1413 170.1754 0 0 -1 -0.235627 -0.971826 0 -0.971826 0.235627 0 3713.dat
1 1 60 -99.1413 170.1754 0 -1 0 0.971826 0 0.235627 -0.235627 0 0.971826 32140.dat
1 71 -80 -123.8767 237.91 0 -1 0 0.235627 0 -0.971826 0.971826 0 0.235627 40490.dat
1 1 -80 -182.1863 252.0476 -1 0 0 0 -0.235627 -0.971826 0 -0.971826 0.235627 6558.dat
1 1 -80 -65.5671 223.7724 -1 0 0 0 -0.235627 -0.971826 0 -0.971826 0.235627 6558.dat
1 1 -80 -85.0037 228.4849 -1 0 0 0 -0.235627 -0.971826 0 -0.971826 0.235627 6558.dat
1 1 -80 -104.4402 233.1975 -1 0 0 0 -0.235627 -0.971826 0 -0.971826 0.235627 6558.dat
1 1 -100 -143.3132 242.6225 0 1 0 -0.235627 0 -0.971826 -0.971826 0 0.235627 32316.dat
1 1 -60 -143.3132 242.6225 0 1 0 -0.235627 0 -0.971826 -0.971826 0 0.235627 32316.dat
1 1 -60 -99.1413 170.1754 0 -1 0 0.971826 0 0.235627 -0.235627 0 0.971826 32140.dat
1 71 -80 -99.1413 170.1754 -1 0 0 0 -0.971826 0.235627 0 0.235627 0.971826 4519.dat
1 71 -80 -99.1413 170.1754 0 0 -1 -0.235627 -0.971826 0 -0.971826 0.235627 0 3713.dat
1 1 -100 -99.1413 170.1754 0 -1 0 0.971826 0 0.235627 -0.235627 0 0.971826 32140.dat
1 0 0 -246.122 215.227 1 0 0 0 1 -0.019 0 0.019 1 64782.dat
1 19 -40 -245.172 165.227 0 0 1 0.019 1 0 -1 0.019 0 3749.dat
1 19 40 -245.172 165.227 0 0 1 0.019 1 0 -1 0.019 0 3749.dat
1 0 -40 -244.602 135.227 -1 0 0 0 1 0.019 0 0.019 -1 32013.dat
1 0 40 -244.602 135.227 -1 0 0 0 1 0.019 0 0.019 -1 32013.dat
1 0 -110 -245.362 175.227 -1 0 0 0 1 0.019 0 0.019 -1 2780.dat
1 0 -110 -246.882 255.227 -1 0 0 0 1 0.019 0 0.019 -1 2780.dat
1 0 110 -246.882 255.227 -1 0 0 0 1 0.019 0 0.019 -1 2780.dat
1 0 110 -245.362 175.227 -1 0 0 0 1 0.019 0 0.019 -1 2780.dat
1 0 120 -247.642 295.227 0 -1 0 1 0 -0.019 0.019 0 1 32278.dat
1 71 0 -244.602 135.227 1 0 0 0 0.810151 -0.586599 0 0.586599 0.810151 44294.dat
1 0 70 -244.602 135.227 0 0 1 0.586599 0.810151 0 -0.810151 0.586599 0 59443.dat
1 4 90 -244.602 135.227 -1 0 0 0 0.810151 0.586599 0 0.586599 -0.810151 32062.dat
1 71 100 -244.602 135.227 0 0 -1 -0.810151 -0.586599 0 -0.586599 0.810151 0 32126.dat
1 71 124.277 -233.1416 119.3991 0 0.977 0.214 0.810151 -0.125532 0.573107 0.586599 0.173372 -0.791518 32126.dat
1 1 120 -236.5005 141.093 0 0.977 0.214 0.810151 -0.125532 0.573107 0.586599 0.173372 -0.791518 4274.dat
1 0 130 -217.8073 98.2209 -0.2 0.977 0 -0.535565 -0.125532 0.810151 0.739668 0.173372 0.586599 3705.dat
1 0 140.001 -191.0132 61.2157 0 0.977 0.214 0.810151 -0.125532 0.573107 0.586599 0.173372 -0.791518 32014.dat
1 4 -90 -244.602 135.227 1 0 0 0 0.810151 -0.586599 0 0.586599 0.810151 32062.dat
1 0 -70 -244.602 135.227 0 0 1 0.586599 0.810151 0 -0.810151 0.586599 0 59443.dat
1 71 -100 -244.602 135.227 0 0 1 -0.810151 0.586599 0 -0.586599 -0.810151 0 32126.dat
1 1 -120 -236.5005 141.093 0 0.214 0.977 0.810151 -0.573107 0.125532 0.586599 0.791518 -0.173372 4274.dat
1 71 -124.277 -233.1416 119.3991 0 0.977 -0.214 0.810151 0.125532 0.573107 0.586599 -0.173372 -0.791518 32126.dat
1 0 -130 -217.8073 98.2209 -0.2 0.977 0 0.535565 0.125532 -0.810151 -0.739668 -0.173372 -0.586599 3705.dat
1 0 -140.001 -191.0132 61.2157 0 -0.214 -0.977 0.810151 0.573107 -0.125532 0.586599 -0.791518 0.173372 32014.dat
1 28 0 -249.642 295.189 0 0.707 -0.707 -1 -0.013433 -0.013433 -0.019 0.707 0.707 6587.dat
1 0 0 -267.642 294.847 -0.707 -0.707 0 0.013433 -0.013433 1 -0.707 0.707 0.019 32269.dat
1 0 -60 -91.822 518.267 0 0 -1 0.019 -1 0 -1 -0.019 0 87086.dat
1 0 60 -91.822 518.267 0 0 1 -0.019 -1 0 1 -0.019 0 87080.dat
1 0 100 -101.822 518.077 0 0 1 -1 0.019 0 -0.019 -1 0 2780.dat
1 0 -100 -101.822 518.077 0 0 1 -1 0.019 0 -0.019 -1 0 2780.dat
1 0 0 -111.822 517.887 0 0 -1 -0.019 1 0 1 0.019 0 32278.dat
1 1 20 -131.822 517.507 0 0 -1 -1 -0.019 0 -0.019 1 0 6558.dat
1 1 -20 -131.822 517.507 0 0 -1 -1 -0.019 0 -0.019 1 0 6558.dat
1 0 0 -132.012 527.507 1 0 0 0 0.019 1 0 -1 0.019 3701.dat
1 0 0 -151.822 517.127 0 0 1 -0.019 -1 0 1 -0.019 0 32316.dat
1 0 40 -161.822 516.937 0 0 1 1 -0.019 0 0.019 1 0 2780.dat
1 0 -40 -161.822 516.937 0 0 1 1 -0.019 0 0.019 1 0 2780.dat
1 15 0 -132.164 535.507 -1 0 0 0 0.019 -1 0 -1 -0.019 2431.dat
1 0 -60 -151.822 517.127 0 0 -1 0.019 -1 0 -1 -0.019 0 32526.dat
1 0 -140 -161.062 476.937 0 0 -1 -1 -0.019 0 -0.019 1 0 2780.dat
1 0 -60 -161.822 516.937 0 0 -1 -1 -0.019 0 -0.019 1 0 2780.dat
1 0 -100 -161.822 516.937 0 0 -1 -1 -0.019 0 -0.019 1 0 2780.dat
1 1 -120 -131.822 517.507 0 0 -1 1 0.019 0 0.019 -1 0 6558.dat
1 1 -140 -151.822 517.127 0 0 -1 1 0.019 0 0.019 -1 0 6558.dat
1 0 -120 -131.822 517.507 0 -1 0 -0.019 0 -1 1 0 -0.019 42003.dat
1 4 -100 -132.012 527.507 0 -1 0 -0.019 0 -1 1 0 -0.019 32062.dat
1 36 -100 -132.202 537.507 0 0 1 -1 0.019 0 -0.019 -1 0 41669.dat
1 0 -140 -169.542 396.747 -1 0 0 0 1 0.019 0 0.019 -1 41239.dat
1 0 -140 -178.022 316.557 0 -1 0 -1 0 0.019 -0.019 0 -1 2780.dat
1 0 -140 -178.402 336.557 0 -1 0 -1 0 0.019 -0.019 0 -1 2780.dat
1 0 -140 -157.262 276.937 0 -1 0 -1 0 0.019 -0.019 0 -1 2780.dat
1 0 -140 -187.262 276.367 1 0 0 0 1 -0.019 0 0.019 1 87086.dat
1 0 -140 -147.262 277.127 0 0 -1 1 0.019 0 0.019 -1 0 32013.dat
1 1 -110 -147.262 277.127 -1 0 0 0 0.019 -1 0 -1 -0.019 43093.dat
1 0 60 -151.822 517.127 0 0 1 0.019 1 0 -1 0.019 0 32526.dat
1 0 60 -161.822 516.937 0 0 1 1 -0.019 0 0.019 1 0 2780.dat
1 0 100 -161.822 516.937 0 0 1 1 -0.019 0 0.019 1 0 2780.dat
1 0 140 -161.062 476.937 0 0 1 1 -0.019 0 0.019 1 0 2780.dat
1 1 120 -131.822 517.507 0 0 1 1 -0.019 0 0.019 1 0 6558.dat
1 1 140 -151.822 517.127 0 0 1 1 -0.019 0 0.019 1 0 6558.dat
1 0 120 -131.822 517.507 0 1 0 0.019 0 -1 -1 0 -0.019 42003.dat
1 4 100 -132.012 527.507 0 1 0 0.019 0 -1 -1 0 -0.019 32062.dat
1 36 100 -132.202 537.507 0 0 -1 1 0.019 0 0.019 -1 0 41669.dat
1 0 140 -169.542 396.747 1 0 0 0 -1 0.019 0 -0.019 -1 41239.dat
1 0 140 -177.642 296.557 0 0 1 1 -0.019 0 0.019 1 0 2780.dat
1 0 140 -178.022 316.557 0 0 1 1 -0.019 0 0.019 1 0 2780.dat
1 0 140 -157.262 276.937 0 0 1 1 -0.019 0 0.019 1 0 2780.dat
1 0 140 -187.262 276.367 1 0 0 0 1 -0.019 0 0.019 1 87080.dat
1 0 140 -147.262 277.127 0 0 1 1 -0.019 0 0.019 1 0 32013.dat
1 1 110 -147.262 277.127 1 0 0 0 -0.019 -1 0 1 -0.019 43093.dat
1 0 0 -171.822 516.747 0 0 -1 -0.019 1 0 1 0.019 0 41239.dat
1 0 -160 -147.262 277.127 0 1 0 1 0 0.019 0.019 0 -1 32009.dat
1 1 -150 -67.262 278.647 -1 0 0 0 1 0.019 0 0.019 -1 43093.dat
1 1 -150 -150.302 437.127 -1 0 0 0 1 0.019 0 0.019 -1 43093.dat
1 0 -150 -149.542 397.127 -1 0 0 0 1 0.019 0 0.019 -1 2780.dat
1 0 -150 -148.782 357.127 -1 0 0 0 1 0.019 0 0.019 -1 2780.dat
1 0 -140 -149.162 377.127 0 -1 0 1 0 -0.019 0.019 0 1 32348.dat
1 0 -150 -134.53 449.431 1 0 0 0 1 -0.019 0 0.019 1 2780.dat
1 0 -150 -118.758 461.735 1 0 0 0 1 -0.019 0 0.019 1 2780.dat
1 0 -160 -118.758 461.735 0 -1 0 0.6152 0 0.7886 -0.7886 0 0.6152 32523.dat
1 0 -130 -67.262 278.647 -1 0 0 0 -1 -0.019 0 -0.019 1 62462.dat
1 0 -130 -148.782 357.127 -1 0 0 0 -1 -0.019 0 -0.019 1 62462.dat
1 71 -160 -24.982 159.407 0 0 1 0.019 1 0 -1 0.019 0 60485.dat
1 71 -160 -26.122 219.407 0 1 0 0.019 0 -1 -1 0 -0.019 6536.dat
1 71 -160 -23.842 99.407 0 1 0 0.019 0 -1 -1 0 -0.019 6536.dat
1 0 -140 -36.122 219.217 0 1 0 1 0 0.019 0.019 0 -1 2780.dat
1 0 -140 -33.842 99.217 0 1 0 1 0 0.019 0.019 0 -1 2780.dat
1 0 -140 -44.602 139.027 -1 0 0 0 1 0.019 0 0.019 -1 41239.dat
1 1 -140 -42.702 39.027 0 1 0 1 0 0.019 0.019 0 -1 6558.dat
1 0 -140 -46.882 259.027 0 1 0 1 0 0.019 0.019 0 -1 32054.dat
1 4 -148.182 -64.5956 138.312 -0.997 0 0.082 0.001558 1 0.018943 -0.082 0.019 -0.997 41239.dat
1 0 -154.742 -76.1111 217.882 0 0.997 0.082 1 -0.001558 0.018943 0.019 0.082 -0.997 2780.dat
1 0 -151.462 -75.3534 178.002 0 0.997 0.082 1 -0.001558 0.018943 0.019 0.082 -0.997 2780.dat
1 0 -158.022 -86.8688 257.572 -0.997 0 0.082 0.001558 1 0.018943 -0.082 0.019 -0.997 64392.dat
1 0 -150 -102.322 17.887 1 0 0 0 1 -0.019 0 0.019 1 2780.dat
1 0 -130 -102.322 17.887 1 0 0 0 -1 0.019 0 -0.019 -1 62462.dat
1 0 -160 -142.322 17.127 0 -1 0 1 0 -0.019 0.019 0 1 32009.dat
1 71 -120 -139.282 -142.873 -1 0 0 0 -1 -0.019 0 -0.019 1 32073.dat
1 0 -130 -139.282 -142.873 1 0 0 0 -1 0.019 0 -0.019 -1 62462.dat
1 0 -100 -138.902 -162.873 1 0 0 0 -1 0.019 0 -0.019 -1 32039.dat
1 0 -60 -139.282 -142.873 0 0 1 -0.019 -1 0 1 -0.019 0 32013.dat
1 1 -100 -138.712 -172.873 0 0 1 -0.019 -1 0 1 -0.019 0 43093.dat
1 1 -60 -138.902 -162.873 0 0 -1 -0.019 1 0 1 0.019 0 6558.dat
1 0 160 -147.262 277.127 0 1 0 1 0 0.019 0.019 0 -1 32009.dat
1 1 150 -67.262 278.647 1 0 0 0 -1 0.019 0 -0.019 -1 43093.dat
1 1 150 -150.302 437.127 1 0 0 0 -1 0.019 0 -0.019 -1 43093.dat
1 0 150 -149.542 397.127 1 0 0 0 -1 0.019 0 -0.019 -1 2780.dat
1 0 150 -148.782 357.127 1 0 0 0 -1 0.019 0 -0.019 -1 2780.dat
1 0 140 -149.162 377.127 0 -1 0 1 0 -0.019 0.019 0 1 32348.dat
1 0 150 -134.53 449.431 1 0 0 0 -1 0.019 0 -0.019 -1 2780.dat
1 0 150 -118.758 461.735 1 0 0 0 -1 0.019 0 -0.019 -1 2780.dat
1 0 160 -118.758 461.735 0 -1 0 -0.6152 0 -0.7886 0.7886 0 -0.6152 32523.dat
1 0 130 -67.262 278.647 1 0 0 0 -1 0.019 0 -0.019 -1 62462.dat
1 0 130 -148.782 357.127 1 0 0 0 -1 0.019 0 -0.019 -1 62462.dat
1 71 160 -24.982 159.407 0 0 -1 -0.019 1 0 1 0.019 0 60485.dat
1 71 160 -23.842 99.407 0 -1 0 -0.019 0 -1 1 0 -0.019 6536.dat
1 71 160 -26.122 219.407 0 -1 0 -0.019 0 -1 1 0 -0.019 6536.dat
1 0 140 -33.842 99.217 0 -1 0 1 0 -0.019 0.019 0 1 2780.dat
1 0 140 -36.122 219.217 0 -1 0 1 0 -0.019 0.019 0 1 2780.dat
1 0 140 -44.602 139.027 1 0 0 0 1 -0.019 0 0.019 1 41239.dat
1 1 140 -42.702 39.027 0 -1 0 1 0 -0.019 0.019 0 1 6558.dat
1 0 140 -46.882 259.027 0 -1 0 1 0 -0.019 0.019 0 1 32054.dat
1 4 148.182 -64.5956 138.312 0.997 0 0.082 0.001558 1 -0.018943 -0.082 0.019 0.997 41239.dat
1 0 154.742 -76.1111 217.882 0 -0.997 0.082 1 -0.001558 -0.018943 0.019 0.082 0.997 2780.dat
1 0 151.462 -75.3534 178.002 0 -0.997 0.082 1 -0.001558 -0.018943 0.019 0.082 0.997 2780.dat
1 0 158.022 -86.8688 257.572 -0.997 0 -0.082 -0.001558 1 0.018943 0.082 0.019 -0.997 64682.dat
1 0 130 -102.322 17.887 1 0 0 0 -1 0.019 0 -0.019 -1 62462.dat
1 0 150 -102.322 17.887 1 0 0 0 -1 0.019 0 -0.019 -1 2780.dat
1 0 160 -142.322 17.127 0 -1 0 1 0 -0.019 0.019 0 1 32009.dat
1 71 120 -139.282 -142.873 -1 0 0 0 -1 -0.019 0 -0.019 1 32073.dat
1 0 130 -139.282 -142.873 1 0 0 0 -1 0.019 0 -0.019 -1 62462.dat
1 0 100 -138.902 -162.873 1 0 0 0 -1 0.019 0 -0.019 -1 32039.dat
1 0 60 -139.282 -142.873 0 0 -1 0.019 -1 0 -1 -0.019 0 32013.dat
1 1 100 -138.712 -172.873 0 0 1 -0.019 -1 0 1 -0.019 0 43093.dat
1 1 60 -138.902 -162.873 0 0 -1 -0.019 1 0 1 0.019 0 6558.dat
1 0 -60 -167.5531 28.813 0 1 0 0.993176 0 0.114905 0.114905 0 -0.993176 64682.dat
1 0 -50 -162.9569 -10.914 -1 0 0 0 0.993176 0.114905 0 0.114905 -0.993176 2780.dat
1 0 -50 -158.3607 -50.6411 -1 0 0 0 0.993176 0.114905 0 0.114905 -0.993176 2780.dat
1 4 -40 -158.3607 -50.6411 0 -1 0 -0.993176 0 0.114905 -0.114905 0 -0.993176 40490.dat
1 1 -30 -149.1683 -130.0952 1 0 0 0 0.993176 -0.114905 0 0.114905 0.993176 43093.dat
1 4 0 -149.1683 -130.0952 0 0 1 0.114905 0.993176 0 -0.993176 0.114905 0 32034.dat
1 1 30 -149.1683 -130.0952 -1 0 0 0 0.993176 0.114905 0 0.114905 -0.993176 43093.dat
1 4 40 -158.3721 -50.6733 0 1 0 -0.993176 0 -0.114905 -0.114905 0 0.993176 40490.dat
1 0 50 -162.9682 -10.9463 1 0 0 0 0.993176 -0.114905 0 0.114905 0.993176 2780.dat
1 0 50 -158.3721 -50.6733 1 0 0 0 0.993176 -0.114905 0 0.114905 0.993176 2780.dat
1 0 60 -167.5645 28.7808 0 -1 0 -0.993176 0 0.114905 -0.114905 0 -0.993176 64392.dat
1 71 0 -17.382 -240.593 1 0 0 0 1 -0.019 0 0.019 1 4519.dat
1 0 -40 -17.382 -240.593 0 0 -1 1 0.019 0 0.019 -1 0 32016.dat
1 0 40 -17.382 -240.593 0 0 1 -1 0.019 0 -0.019 -1 0 32016.dat
1 1 -67.716 -17.6001 -229.112 0.924 -0.383 0 0.007277 0.017556 1 -0.383 -0.924 0.019 43093.dat
1 1 67.716 -17.6001 -229.112 -0.924 -0.383 0 0.007277 -0.017556 1 -0.383 0.924 0.019 43093.dat
1 1 -40 -37.382 -240.973 0 0 -1 -1 -0.019 0 -0.019 1 0 6558.dat
1 1 40 -37.382 -240.973 0 0 -1 -1 -0.019 0 -0.019 1 0 6558.dat
1 0 -40 -37.382 -240.973 0 1 0 1 0 0.019 0.019 0 -1 32013.dat
1 0 40 -37.382 -240.973 0 1 0 1 0 0.019 0.019 0 -1 32013.dat
1 0 -40 -57.382 -241.353 0 0 -1 1 0.019 0 0.019 -1 0 32016.dat
1 71 0 -57.382 -241.353 -1 0 0 0 0.019 -1 0 -1 -0.019 4519.dat
1 0 40 -57.382 -241.353 0 0 1 -1 0.019 0 -0.019 -1 0 32016.dat
1 1 -67.716 -57.6001 -229.872 0.924 -0.383 0 0.007277 0.017556 1 -0.383 -0.924 0.019 43093.dat
1 1 67.716 -57.6001 -229.872 -0.924 -0.383 0 0.007277 -0.017556 1 -0.383 0.924 0.019 43093.dat
1 0 -84.609 -57.3218 -244.523 -0.383 0 -0.924 0.017556 -1 -0.007277 -0.924 -0.019 0.383 87080.dat
1 0 84.609 -57.3218 -244.523 -0.383 0 0.924 -0.017556 -1 -0.007277 0.924 -0.019 0.383 87086.dat
1 71 0 -118.142 -202.493 1 0 0 0 -1 0.019 0 -0.019 -1 32073.dat
1 0 0 -118.142 -202.493 0 -1 0 -1 0 0.019 -0.019 0 -1 60483.dat
1 1 0 -117.762 -222.493 -1 0 0 0 1 0.019 0 0.019 -1 6558.dat
1 0 20 -138.522 -182.873 0 0 1 1 -0.019 0 0.019 1 0 64391.dat
