0 Main
0 Name: 6844 - Seismologic Vehicle.mpd
0 Author: LTRON
1 7 0 0 0 1 0 0 0 1 0 0 0 1 3639.dat
1 7 0 8 40 1 0 0 0 1 0 0 0 1 122.dat
1 256 40 10 40 0 0 -1 0 1 0 1 0 0 4288.dat
1 256 -40 10 40 0 0 1 0 1 0 -1 0 0 4288.dat
1 7 0 0 50 1 0 0 0 1 0 0 0 1 3023.dat
1 7 0 -24 20 1 0 0 0 1 0 0 0 1 3062.dat
1 1 20 -48 -20 0 0 -1 0 1 0 1 0 0 4345.dat
1 1 -20 -48 -20 0 0 1 0 1 0 -1 0 0 4345.dat
1 1 65.883 -50.143 -20 0 -0.819 -0.574 0 0.574 -0.819 1 0 0 4346.dat
1 1 -20 -48 -20 0 0 1 0 1 0 -1 0 0 4346.dat
1 7 0 -48 20 1 0 0 0 1 0 0 0 1 3062.dat
1 1 0 -24 50 -1 0 0 0 1 0 0 0 -1 3747.dat
1 1 0 -48 50 1 0 0 0 1 0 0 0 1 3004.dat
1 1 0 -48 90 1 0 0 0 1 0 0 0 1 3004.dat
1 1 0 -56 40 0 0 1 0 1 0 -1 0 0 3795.dat
1 1 0 -64 90 1 0 0 0 1 0 0 0 1 3794.dat
1 1 0 -64 70 1 0 0 0 1 0 0 0 1 3794.dat
1 1 0 -56 -30 1 0 0 0 1 0 0 0 1 3794.dat
1 1 0 -176 60 1 0 0 0 1 0 0 0 1 4476.dat
1 1 0 -72 80 0 0 -1 0 1 0 1 0 0 u1126.dat
1 7 0 -184 60 1 0 0 0 1 0 0 0 1 4285.dat
1 7 0 -64 -30 1 0 0 0 1 0 0 0 1 3957.dat
1 1 0 -10.026 151.006 -1 0 0 0 0.707 -0.707 0 -0.707 -0.707 3022.dat
1 7 10 -8.612 163.732 0 0 -1 0.707 0.707 0 0.707 -0.707 0 4085.dat
1 7 -10 -8.612 163.732 0 0 1 -0.707 0.707 0 -0.707 -0.707 0 4085.dat
1 1 0 -22.752 149.592 -1 0 0 0 0.707 -0.707 0 -0.707 -0.707 3794.dat
1 1 0 -14.268 169.388 -1 0 0 0 0.707 -0.707 0 -0.707 -0.707 3794.dat
1 1 0 -28.408 155.248 -1 0 0 0 0.707 -0.707 0 -0.707 -0.707 3024.dat
1 1 0 -41.134 153.834 0 0 -1 0.707 0.707 0 0.707 -0.707 0 3710.dat
1 7 -30 -19.924 175.044 0 0 1 -0.707 0.707 0 -0.707 -0.707 0 4479.dat
1 7 30 -19.924 175.044 0 0 1 -0.707 0.707 0 -0.707 -0.707 0 4479.dat
1 1 0 -49.618 134.038 0 0 1 -0.707 0.707 0 -0.707 -0.707 0 u1125.dat
1 7 -35.28 0 -108.54 -0.809 0 -0.588 0 1 0 0.588 0 -0.809 3640.dat
1 7 -35.28 8 -108.54 0.809 0 0.588 0 1 0 -0.588 0 0.809 122.dat
1 256 -67.64 14 -85.02 -0.588 0 0.809 0 1 0 -0.809 0 -0.588 4288.dat
1 256 -2.92 14 -132.06 0.588 0 -0.809 0 1 0 0.809 0 0.588 4288.dat
1 7 -52.92 -8 -132.81 0.809 0 0.588 0 1 0 -0.588 0 0.809 3023.dat
1 7 -52.92 -16 -132.81 0.809 0 0.588 0 1 0 -0.588 0 0.809 3839.dat
1 7 -41.16 -8 -116.63 0.809 0 0.588 0 1 0 -0.588 0 0.809 3829.dat
1 36 -83.362 -12 -130.466 0.809 -0.588 0 0 0 1 -0.588 -0.809 0 3062.dat
1 36 -41.294 -12 -161.042 0.809 -0.588 0 0 0 1 -0.588 -0.809 0 3062.dat
