0 Main
0 Name: 8273-1 - Off Road Truck - Utility Cargo Truck.mpd
0 Author: LTRON
1 0 -40 0 0 1 0 0 0 0 1 0 -1 0 32184.dat
1 71 0 0 20 1 0 0 0 0 1 0 -1 0 32073.dat
1 71 0 0 -20 1 0 0 0 0 1 0 -1 0 32073.dat
1 0 -20 -20 -20 1 0 0 0 -1 0 0 0 -1 32184.dat
1 0 -25 0 60 0 -1 0 -1 0 0 0 0 -1 32056.dat
1 0 -15 0 60 0 -1 0 -1 0 0 0 0 -1 32056.dat
1 71 0 0 60 1 0 0 0 0 1 0 -1 0 32073.dat
1 71 0 -40 60 1 0 0 0 0 1 0 -1 0 32073.dat
1 0 -30 -20 60 1 0 0 0 -1 0 0 0 -1 2780.dat
1 72 0 0 40 0 1 0 1 0 0 0 0 -1 32523.dat
1 0 0 -60 60 1 0 0 0 -1 0 0 0 -1 32184.dat
1 71 0 0 -20 0 0 -1 0 -1 0 -1 0 0 3713.dat
1 0 15 0 60 0 -1 0 -1 0 0 0 0 -1 32056.dat
1 0 25 0 60 0 -1 0 -1 0 0 0 0 -1 32056.dat
1 0 20 -20 -20 1 0 0 0 -1 0 0 0 -1 32184.dat
1 0 40 0 0 1 0 0 0 0 1 0 -1 0 32184.dat
1 0 30 -20 60 1 0 0 0 -1 0 0 0 -1 2780.dat
1 72 -40 -80 60 0 1 0 1 0 0 0 0 -1 32009.dat
1 72 0 20 0 0 0 -1 0 1 0 1 0 0 40490.dat
1 0 40 0 0 0 -1 0 -1 0 0 0 0 -1 6558.dat
1 0 -40 0 0 0 -1 0 -1 0 0 0 0 -1 6558.dat
1 71 -80 0 20 1 0 0 0 0 1 0 -1 0 48989.dat
1 72 -107 0 0 -1 0 0 0 0 1 0 1 0 32209.dat
1 71 -95 0 0 0 0 -1 -1 0 0 0 1 0 32123.dat
1 71 -105 0 0 0 0 -1 -1 0 0 0 1 0 32123.dat
1 71 80 0 20 -1 0 0 0 0 -1 0 -1 0 48989.dat
1 72 107 0 0 1 0 0 0 0 -1 0 1 0 32209.dat
1 71 95 0 0 0 0 1 1 0 0 0 1 0 32123.dat
1 71 105 0 0 0 0 1 1 0 0 0 1 0 32123.dat
1 72 0 -20 40 0 0 1 0 1 0 -1 0 0 40490.dat
1 71 -40 -30 40 0 -1 0 -1 0 0 0 0 -1 4274.dat
1 71 -20 -30 40 0 -1 0 -1 0 0 0 0 -1 4274.dat
1 71 20 -30 40 0 -1 0 -1 0 0 0 0 -1 4274.dat
1 71 40 -30 40 0 -1 0 -1 0 0 0 0 -1 4274.dat
1 0 -30 -38 40 -1 0 0 0 1 0 0 0 -1 3794.dat
1 0 30 -38 40 -1 0 0 0 1 0 0 0 -1 3794.dat
1 71 0 -46 40 -1 0 0 0 1 0 0 0 -1 3743.dat
1 72 0 -20 0 0 0 1 0 1 0 -1 0 0 40490.dat
1 72 0 -60 130 1 0 0 0 1 0 0 0 1 6538.dat
1 72 0 -60 90 1 0 0 0 1 0 0 0 1 6538.dat
1 4 0 -60 110 0 0 1 0 1 0 -1 0 0 32062.dat
1 0 0 -60 30 0 0 1 0 1 0 -1 0 0 3706.dat
1 71 0 -60 40 1 0 0 0 1 0 0 0 1 3647.dat
1 71 0 -60 20 1 0 0 0 1 0 0 0 1 3647.dat
1 71 0 -60 0 1 0 0 0 1 0 0 0 1 3713.dat
1 0 0 -60 -20 1 0 0 0 -1 0 0 0 -1 32184.dat
1 71 0 -40 -20 1 0 0 0 -1 0 0 0 -1 4519.dat
1 71 0 -80 60 1 0 0 0 -1 0 0 0 -1 4519.dat
1 71 0 -80 -20 1 0 0 0 -1 0 0 0 -1 44294.dat
1 72 30 -80 60 0 0 -1 0 -1 0 -1 0 0 6538.dat
1 72 -30 -80 60 0 0 -1 0 -1 0 -1 0 0 6538.dat
1 71 -20 -80 -20 0 0 1 0 -1 0 1 0 0 3713.dat
1 71 20 -80 -20 0 0 -1 0 -1 0 -1 0 0 3713.dat
1 1 50 -80 60 -1 0 0 0 0 1 0 1 0 43093.dat
1 1 -50 -80 60 1 0 0 0 0 1 0 -1 0 43093.dat
1 1 -50 -80 220 1 0 0 0 0 1 0 -1 0 43093.dat
1 0 -50 -80 180 1 0 0 0 -1 0 0 0 -1 2780.dat
1 0 -50 -80 140 1 0 0 0 -1 0 0 0 -1 2780.dat
1 0 -60 -80 100 -1 0 0 0 -1 0 0 0 1 6558.dat
1 0 -15 -120 140 0 -1 0 1 0 0 0 0 1 32056.dat
1 71 0 -80 140 -1 0 0 0 -1 0 0 0 1 4519.dat
1 0 0 -120 140 -1 0 0 0 -1 0 0 0 1 3707.dat
1 0 0 -120 180 -1 0 0 0 -1 0 0 0 1 3707.dat
1 71 0 -120 180 0 0 -1 1 0 0 0 -1 0 3713.dat
1 71 0 -120 140 -1 0 0 0 0 -1 0 -1 0 6536.dat
1 0 15 -120 140 0 -1 0 1 0 0 0 0 1 32056.dat
1 72 0 -80 160 1 0 0 0 1 0 0 0 1 6536.dat
1 71 0 -80 160 1 0 0 0 1 0 0 0 1 32073.dat
1 0 20 -80 160 0 1 0 1 0 0 0 0 -1 33299.dat
1 0 -20 -80 160 0 -1 0 -1 0 0 0 0 -1 33299.dat
1 0 0 -120 120 0 0 -1 1 0 0 0 -1 0 32054.dat
1 4 0 -150 120 0 0 -1 1 0 0 0 -1 0 32062.dat
1 71 0 -60 160 0 0 1 0 1 0 -1 0 0 4519.dat
1 14 0 -60 180 -1 0 0 0 1 0 0 0 -1 32072.dat
1 72 40 -80 60 0 1 0 1 0 0 0 0 -1 32009.dat
1 0 60 -80 100 1 0 0 0 -1 0 0 0 -1 6558.dat
1 0 50 -80 140 1 0 0 0 -1 0 0 0 -1 2780.dat
1 0 50 -80 180 1 0 0 0 -1 0 0 0 -1 2780.dat
1 1 50 -80 220 -1 0 0 0 0 1 0 1 0 43093.dat
1 72 0 -60 240 -1 0 0 0 0 -1 0 -1 0 48452.dat
1 0 0 -60 240 -1 0 0 0 0 -1 0 -1 0 48168.dat
1 0 60 -80 240 1 0 0 0 0 1 0 -1 0 6558.dat
1 0 -60 -80 240 -1 0 0 0 0 -1 0 -1 0 6558.dat
1 0 50 -40 240 -1 0 0 0 0 -1 0 -1 0 2780.dat
1 0 -50 -40 240 -1 0 0 0 0 -1 0 -1 0 2780.dat
1 71 60 -80 160 0 -1 0 1 0 0 0 0 1 32526.dat
1 71 -60 -80 160 0 -1 0 1 0 0 0 0 1 32526.dat
1 0 80 -80 240 1 0 0 0 1 0 0 0 1 32013.dat
1 0 -80 -80 240 1 0 0 0 1 0 0 0 1 32013.dat
1 72 0 -140 220 0 0 -1 -1 0 0 0 1 0 41239.dat
1 0 120 -140 230 0 -1 0 0 0 -1 1 0 0 2780.dat
1 0 100 -140 210 0 -1 0 0 0 -1 1 0 0 2780.dat
1 0 80 -140 210 0 -1 0 0 0 -1 1 0 0 2780.dat
1 0 -80 -140 210 0 -1 0 0 0 -1 1 0 0 2780.dat
1 0 -100 -140 210 0 -1 0 0 0 -1 1 0 0 2780.dat
1 0 -120 -140 230 0 -1 0 0 0 -1 1 0 0 2780.dat
1 0 -80 -80 200 -1 0 0 0 0 -1 0 -1 0 32140.dat
1 0 80 -80 200 1 0 0 0 0 -1 0 1 0 32140.dat
1 0 80 -100 210 0 -1 0 0 0 -1 1 0 0 2780.dat
1 0 -80 -100 210 0 -1 0 0 0 -1 1 0 0 2780.dat
1 1 0 -100 220 0 0 -1 -1 0 0 0 1 0 41239.dat
1 0 120 -100 230 0 -1 0 0 0 -1 1 0 0 2780.dat
1 0 -120 -100 230 0 -1 0 0 0 -1 1 0 0 2780.dat
1 71 0 -100 200 0 1 0 0 0 -1 -1 0 0 32184.dat
1 1 20 -100 210 0 1 0 0 0 -1 -1 0 0 43093.dat
1 1 -20 -100 210 0 1 0 0 0 -1 -1 0 0 43093.dat
1 71 0 -100 200 0 0.707107 -0.707107 -1 0 0 0 0.707107 0.707107 4519.dat
1 14 0 -80 200 -0.707107 0.707107 0 0 0 1 0.707107 0.707107 0 32072.dat
1 72 0 -130 200 -0.707107 0.707107 0 0 0 1 0.707107 0.707107 0 6538.dat
1 71 0 -180 200 0 -0.707107 -0.707107 -1 0 0 0 0.707107 -0.707107 32073.dat
1 72 0 -230 200 0.707107 -0.707107 0 0 0 -1 0.707107 0.707107 0 6538.dat
1 71 -80 -80 200 0 -1 0 0 0 -1 1 0 0 4519.dat
1 71 80 -80 200 0 -1 0 0 0 -1 1 0 0 4519.dat
1 71 25 -120 180 0 1 0 0 0 -1 -1 0 0 32056.dat
1 71 35 -120 180 0 1 0 0 0 -1 -1 0 0 32056.dat
1 71 -35 -120 180 0 1 0 0 0 -1 -1 0 0 32056.dat
1 71 -25 -120 180 0 1 0 0 0 -1 -1 0 0 32056.dat
1 71 -50 -160 180 -1 0 0 0 0 -1 0 -1 0 4519.dat
1 71 50 -160 180 -1 0 0 0 0 -1 0 -1 0 4519.dat
1 0 50 -140 180 1 0 0 0 1 0 0 0 1 6558.dat
1 0 -50 -140 180 -1 0 0 0 1 0 0 0 -1 6558.dat
1 71 -50 -120 140 0 0 -1 1 0 0 0 -1 0 3713.dat
1 71 50 -120 140 0 0 1 1 0 0 0 1 0 3713.dat
1 0 50 -180 180 0 -1 0 0 0 1 -1 0 0 32316.dat
1 0 50 -200 180 1 0 0 0 1 0 0 0 1 6558.dat
1 0 50 -180 180 1 0 0 0 1 0 0 0 1 6558.dat
1 71 30 -190 180 0 1 0 0 0 -1 -1 0 0 43857.dat
1 71 70 -190 180 0 1 0 0 0 -1 -1 0 0 43857.dat
1 0 -50 -180 180 0 -1 0 0 0 1 -1 0 0 32316.dat
1 0 -50 -200 180 1 0 0 0 1 0 0 0 1 6558.dat
1 0 -50 -180 180 1 0 0 0 1 0 0 0 1 6558.dat
1 71 -70 -190 180 0 1 0 0 0 -1 -1 0 0 43857.dat
1 71 -30 -190 180 0 1 0 0 0 -1 -1 0 0 43857.dat
1 71 65 -120 180 0 1 0 0 0 -1 -1 0 0 32056.dat
1 71 75 -120 180 0 1 0 0 0 -1 -1 0 0 32056.dat
1 71 -75 -120 180 0 1 0 0 0 -1 -1 0 0 32056.dat
1 71 -65 -120 180 0 1 0 0 0 -1 -1 0 0 32056.dat
1 0 -60 -60 -100 1 0 0 0 1 0 0 0 1 32184.dat
1 1 -50 -40 -100 -1 0 0 0 0 -1 0 -1 0 43093.dat
1 71 -40 -80 -20 0 1 0 1 0 0 0 0 -1 32526.dat
1 0 -50 -80 -60 -1 0 0 0 1 0 0 0 -1 2780.dat
1 0 -50 -80 -40 -1 0 0 0 1 0 0 0 -1 2780.dat
1 72 -60 -80 40 0 -1 0 -1 0 0 0 0 -1 32525.dat
1 0 -50 -80 20 -1 0 0 0 1 0 0 0 -1 2780.dat
1 0 -50 -80 40 -1 0 0 0 1 0 0 0 -1 2780.dat
1 71 0 -80 -100 1 0 0 0 1 0 0 0 1 44294.dat
1 71 0 -80 -100 0 0 -1 0 1 0 1 0 0 3713.dat
1 72 20 -80 -100 0 -1 0 0 0 -1 1 0 0 32140.dat
1 71 0 -140 -80 1 0 0 0 1 0 0 0 1 32073.dat
1 71 0 -140 -100 1 0 0 0 1 0 0 0 1 44294.dat
1 71 5 -140 -100 0 -1 0 1 0 0 0 0 1 41677.dat
1 71 -5 -140 -100 0 -1 0 1 0 0 0 0 1 41677.dat
1 72 -20 -80 -100 0 -1 0 0 0 -1 1 0 0 32140.dat
1 0 35 -140 -120 0 -1 0 1 0 0 0 0 1 32056.dat
1 72 0 -140 -120 0 0 -1 0 -1 0 -1 0 0 6538.dat
1 0 -40 -140 -120 1 0 0 0 -1 0 0 0 -1 3705.dat
1 0 40 -140 -120 1 0 0 0 -1 0 0 0 -1 3705.dat
1 71 -25 -140 -120 0 0 1 0 -1 0 1 0 0 32123.dat
1 71 25 -140 -120 0 0 1 0 -1 0 1 0 0 32123.dat
1 72 0 -100 -120 0 0 -1 0 -1 0 -1 0 0 6538.dat
1 71 -50 -100 -120 -1 0 0 0 -1 0 0 0 1 32073.dat
1 71 50 -100 -120 -1 0 0 0 -1 0 0 0 1 32073.dat
1 71 -25 -100 -120 0 0 1 0 -1 0 1 0 0 32123.dat
1 71 25 -100 -120 0 0 1 0 -1 0 1 0 0 32123.dat
1 0 -35 -140 -120 0 -1 0 1 0 0 0 0 1 32056.dat
1 71 45 -100 -120 0 0 1 1 0 0 0 1 0 32123.dat
1 71 -45 -100 -120 0 0 1 1 0 0 0 1 0 32123.dat
1 71 75 -140 -120 0 0 1 1 0 0 0 1 0 32123.dat
1 71 -75 -140 -120 0 0 1 1 0 0 0 1 0 32123.dat
1 0 -60 -100 -120 -1 0 0 0 -1 0 0 0 1 32291.dat
1 71 -70 -120 -130 0 1 0 0 0 -1 -1 0 0 4274.dat
1 71 -50 -120 -130 0 1 0 0 0 -1 -1 0 0 4274.dat
1 47 -50 -120 -138 1 0 0 0 0 -1 0 1 0 6141.dat
1 57 -70 -120 -138 1 0 0 0 0 -1 0 1 0 6141.dat
1 0 60 -100 -120 -1 0 0 0 -1 0 0 0 1 32291.dat
1 71 50 -120 -130 0 1 0 0 0 -1 -1 0 0 4274.dat
1 71 70 -120 -130 0 1 0 0 0 -1 -1 0 0 4274.dat
1 47 50 -120 -138 1 0 0 0 0 -1 0 1 0 6141.dat
1 57 70 -120 -138 1 0 0 0 0 -1 0 1 0 6141.dat
1 71 95 -100 -120 0 0 1 0 1 0 -1 0 0 32123.dat
1 71 -95 -100 -120 0 0 1 0 1 0 -1 0 0 32123.dat
1 71 45 -140 -80 0 -1 0 -1 0 0 0 0 -1 41677.dat
1 71 -45 -140 -80 0 -1 0 -1 0 0 0 0 -1 41677.dat
1 71 40 -80 -20 0 1 0 1 0 0 0 0 -1 32526.dat
1 1 50 -40 -100 1 0 0 0 0 -1 0 1 0 43093.dat
1 0 50 -80 -60 -1 0 0 0 1 0 0 0 -1 2780.dat
1 0 50 -80 -40 -1 0 0 0 1 0 0 0 -1 2780.dat
1 0 60 -60 -100 1 0 0 0 1 0 0 0 1 32184.dat
1 72 60 -80 40 0 -1 0 -1 0 0 0 0 -1 32525.dat
1 0 50 -80 20 -1 0 0 0 1 0 0 0 -1 2780.dat
1 0 50 -80 40 -1 0 0 0 1 0 0 0 -1 2780.dat
1 0 80 -110 -100 0 -1 0 1 0 0 0 0 1 75535.dat
1 0 80 -130 -100 0 0 1 1 0 0 0 1 0 2780.dat
1 0 80 -140 -100 0 0.707107 -0.707107 1 0 0 0 -0.707107 -0.707107 32192.dat
1 0 -80 -110 -100 0 -0.707 0.707 1 0 0 0 0.707 0.707 75535.dat
1 0 -80 -130 -100 0 0.707 0.707 1 0 0 0 0.707 -0.707 2780.dat
1 0 -80 -140 -100 0 0 -0.999849 1 0 0 0 -0.999849 0 32192.dat
1 71 80 -80 160 -1 0 0 0 -1 0 0 0 1 32034.dat
1 71 -80 -80 160 -1 0 0 0 -1 0 0 0 1 32034.dat
1 0 -80 -80 160 1 0 0 0 0 1 0 -1 0 32054.dat
1 1 -110 -80 160 1 0 0 0 0 1 0 -1 0 43093.dat
1 0 80 -80 160 -1 0 0 0 0 1 0 1 0 32054.dat
1 1 110 -80 160 -1 0 0 0 0 1 0 1 0 43093.dat
1 0 100 -40 160 0 0 1 0 1 0 -1 0 0 3705.dat
1 71 100 -40 160 1 0 0 0 1 0 0 0 1 3713.dat
1 71 100 -60 140 0 0 1 0 -1 0 1 0 0 42003.dat
1 71 100 -60 180 0 0 1 0 -1 0 1 0 0 42003.dat
1 0 110 -80 140 1 0 0 0 -1 0 0 0 -1 2780.dat
1 0 110 -80 180 1 0 0 0 -1 0 0 0 -1 2780.dat
1 1 100 -40 195 0 0 1 1 0 0 0 1 0 41677.dat
1 71 120 -40 160 -1 0 0 0 1 0 0 0 -1 6538.dat
1 71 120 -40 190 0 0 -1 0 1 0 1 0 0 4519.dat
1 71 120 -40 130 0 0 -1 0 1 0 1 0 0 4519.dat
1 1 120 -40 135 -1 0 0 0 0 1 0 1 0 41677.dat
1 1 120 -40 185 -1 0 0 0 0 1 0 1 0 41677.dat
1 0 120 -20 160 0 1 0 0 0 1 1 0 0 3706.dat
1 1 100 -40 125 0 0 1 1 0 0 0 1 0 41677.dat
1 0 120 -80 200 0 -1 0 -1 0 0 0 0 -1 6629.dat
1 0 90 -80 100 1 0 0 0 1 0 0 0 1 75535.dat
1 0 110 -80 100 1 0 0 0 1 0 0 0 1 2780.dat
1 0 -100 -40 160 0 0 -1 0 1 0 1 0 0 3705.dat
1 71 -100 -40 160 1 0 0 0 1 0 0 0 1 3713.dat
1 71 -100 -60 180 0 0 -1 0 -1 0 -1 0 0 42003.dat
1 71 -100 -60 140 0 0 -1 0 -1 0 -1 0 0 42003.dat
1 0 -110 -80 180 -1 0 0 0 -1 0 0 0 1 2780.dat
1 0 -110 -80 140 -1 0 0 0 -1 0 0 0 1 2780.dat
1 1 -100 -40 125 0 0 -1 1 0 0 0 -1 0 41677.dat
1 71 -120 -40 160 -1 0 0 0 1 0 0 0 -1 6538.dat
1 71 -120 -40 190 0 0 -1 0 1 0 1 0 0 4519.dat
1 71 -120 -40 130 0 0 -1 0 1 0 1 0 0 4519.dat
1 1 -120 -40 135 -1 0 0 0 0 1 0 1 0 41677.dat
1 1 -120 -40 185 -1 0 0 0 0 1 0 1 0 41677.dat
1 0 -120 -20 160 0 1 0 0 0 1 1 0 0 3706.dat
1 1 -100 -40 195 0 0 -1 1 0 0 0 -1 0 41677.dat
1 0 -120 -80 200 0 -1 0 -1 0 0 0 0 -1 6629.dat
1 0 -90 -80 100 -1 0 0 0 1 0 0 0 -1 75535.dat
1 0 -110 -80 100 -1 0 0 0 1 0 0 0 -1 2780.dat
1 0 -70 -140 40 1 0 0 0 1 0 0 0 1 3706.dat
1 72 -20 -140 40 1 0 0 0 -1 0 0 0 -1 6536.dat
1 72 -40 -140 40 0 -1 0 0 0 1 -1 0 0 32140.dat
1 71 -55 -140 40 0 -1 0 -1 0 0 0 0 -1 41677.dat
1 71 -65 -140 40 0 -1 0 -1 0 0 0 0 -1 41677.dat
1 1 -50 -140 20 -1 0 0 0 0 1 0 1 0 43093.dat
1 0 70 -140 40 1 0 0 0 1 0 0 0 1 3706.dat
1 72 20 -140 40 1 0 0 0 -1 0 0 0 -1 6536.dat
1 72 40 -140 40 0 -1 0 0 0 1 -1 0 0 32140.dat
1 71 55 -140 40 0 -1 0 -1 0 0 0 0 -1 41677.dat
1 71 65 -140 40 0 -1 0 -1 0 0 0 0 -1 41677.dat
1 1 50 -140 20 1 0 0 0 0 1 0 -1 0 43093.dat
1 0 80 -126.691 54.928 1 0 0 0 -0.665 0.746 0 -0.746 -0.665 32054.dat
1 71 0 -126.691 54.928 1 0 0 0 0.746 0.665 0 -0.665 0.746 44294.dat
1 0 -80 -126.691 54.928 -1 0 0 0 0.665 0.746 0 0.746 -0.665 32054.dat
1 71 80 -139.991 40.008 0 -1 0 -0.746 0 -0.665 0.665 0 -0.746 32523.dat
1 71 -80 -140 40 0 -1 0 0.746421 0 0.665474 -0.665474 0 0.746421 32523.dat
1 72 0 -160 60 0 0 1 1 0 0 0 1 0 40490.dat
1 0 -20 -160 50 0 0 1 0 1 0 -1 0 0 2780.dat
1 0 20 -160 50 0 0 1 0 1 0 -1 0 0 2780.dat
1 1 60 -160 70 0 -1 0 0 0 -1 1 0 0 43093.dat
1 71 60 -160 94 1 0 0 0 0 1 0 -1 0 2819.dat
1 0 90 -140 20 1 0 0 0 1 0 0 0 1 2780.dat
1 0 -90 -140 20 1 0 0 0 1 0 0 0 1 2780.dat
1 71 100 -140 40 0 0 1 0 1 0 -1 0 0 3713.dat
1 71 -100 -140 40 0 0 -1 0 1 0 1 0 0 3713.dat
1 0 -40 -155.191 -22.062 0 1 0 0.117 0 -0.993 -0.993 0 -0.117 32054.dat
1 4 -40 -158.701 7.728 0 1 0 0.117 0 -0.993 -0.993 0 -0.117 32062.dat
1 72 -40 -159.871 17.658 0 0 1 0.117 0.993 0 -0.993 0.117 0 6536.dat
1 0 40 -155.191 -22.062 0 1 0 0.117 0 -0.993 -0.993 0 -0.117 32054.dat
1 4 40 -158.701 7.728 0 1 0 0.117 0 -0.993 -0.993 0 -0.117 32062.dat
1 72 40 -159.871 17.658 0 0 1 0.117 0.993 0 -0.993 0.117 0 6536.dat
1 0 100 -206.655 52.536 0 1 0 0.457737 0 0.889088 0.889088 0 -0.457737 32524.dat
1 0 -100 -206.655 52.536 0 1 0 0.457737 0 0.889088 0.889088 0 -0.457737 32524.dat
1 0 120 -140 40 0 1 0 1 0 0 0 0 -1 6629.dat
1 0 -120 -140 40 0 1 0 1 0 0 0 0 -1 6629.dat
1 72 0 -135.327 -19.726 0 0 1 0.117 0.993 0 -0.993 0.117 0 6538.dat
1 71 30 -135.327 -19.726 1 0 0 0 0.993 -0.117 0 0.117 0.993 4519.dat
1 71 -30 -135.327 -19.726 1 0 0 0 0.993 -0.117 0 0.117 0.993 4519.dat
1 71 25 -135.327 -19.726 0 0 1 0.117 0.993 0 -0.993 0.117 0 32123.dat
1 71 -25 -135.327 -19.726 0 0 1 0.117 0.993 0 -0.993 0.117 0 32123.dat
1 71 -40 -155.187 -22.066 -1 0 0 0 -0.993 -0.117 0 -0.117 0.993 42003.dat
1 71 40 -155.187 -22.066 -1 0 0 0 -0.993 -0.117 0 -0.117 0.993 42003.dat
1 1 0 -177.387 -4.546 0 0 -1 -0.993 -0.117 0 -0.117 0.993 0 32525.dat
1 0 -40 -177.387 -4.546 0 1 0 0.117 0 -0.993 -0.993 0 -0.117 32054.dat
1 0 40 -177.387 -4.546 0 1 0 0.117 0 -0.993 -0.993 0 -0.117 32054.dat
1 1 40 -180.897 25.244 0 -1 0 0.117 0 0.993 -0.993 0 0.117 43093.dat
1 1 -40 -180.897 25.244 0 -1 0 0.117 0 0.993 -0.993 0 0.117 43093.dat
1 1 0 -182.067 35.174 0 0 -1 -0.993 -0.117 0 -0.117 0.993 0 40490.dat
1 1 0 -152.854 -41.925 0 0 1 0.993 -0.117 0 0.117 0.993 0 32525.dat
1 0 -100 -154.024 -31.995 0 0 1 0.117 0.993 0 -0.993 0.117 0 2780.dat
1 0 -80 -154.024 -31.995 0 0 1 0.117 0.993 0 -0.993 0.117 0 2780.dat
1 0 -20 -151.684 -51.855 0 0 1 0.117 0.993 0 -0.993 0.117 0 2780.dat
1 0 20 -151.684 -51.855 0 0 1 0.117 0.993 0 -0.993 0.117 0 2780.dat
1 0 80 -154.024 -31.995 0 0 1 0.117 0.993 0 -0.993 0.117 0 2780.dat
1 0 100 -154.024 -31.995 0 0 1 0.117 0.993 0 -0.993 0.117 0 2780.dat
1 71 -20 -159.274 -72.885 0 0 -1 -0.117 0.993 0 0.993 0.117 0 2444.dat
1 71 20 -159.274 -72.885 0 0 -1 -0.117 0.993 0 0.993 0.117 0 2444.dat
1 0 0 -167.218 -73.821 1 0 0 0 0.993 -0.117 0 0.117 0.993 3795.dat
1 72 -30 -175.162 -74.757 0 0 1 0.117 0.993 0 -0.993 0.117 0 2412.dat
1 72 30 -175.162 -74.757 0 0 1 0.117 0.993 0 -0.993 0.117 0 2412.dat
1 1 -50 -154.024 -31.995 0 1 0 0.993 0 0.117 0.117 0 -0.993 32527.dat
1 1 52 -154.024 -31.995 0 -1 0 -0.993 0 0.117 -0.117 0 -0.993 32528.dat
1 1 0 -60 -120 0 0 1 -1 0 0 0 -1 0 32525.dat
1 71 -100 -60 -130 0 -1 0 0 0 1 -1 0 0 4274.dat
1 71 -80 -60 -130 0 -1 0 0 0 1 -1 0 0 4274.dat
1 71 80 -60 -130 0 -1 0 0 0 1 -1 0 0 4274.dat
1 71 100 -60 -130 0 -1 0 0 0 1 -1 0 0 4274.dat
1 0 -59 -60 -120 0 -1 0 0 0 1 -1 0 0 6558.dat
1 0 61 -60 -120 0 -1 0 0 0 1 -1 0 0 6558.dat
1 0 0 -60 -140 0 0 -1 -1 0 0 0 1 0 32524.dat
1 71 -20 -60 -150 0 -1 0 0 0 1 -1 0 0 4274.dat
1 71 20 -60 -150 0 -1 0 0 0 1 -1 0 0 4274.dat
1 47 100 -60 -138 -1 0 0 0 0 1 0 1 0 6141.dat
1 47 80 -60 -138 -1 0 0 0 0 1 0 1 0 6141.dat
1 47 -80 -60 -138 -1 0 0 0 0 1 0 1 0 6141.dat
1 47 -100 -60 -138 -1 0 0 0 0 1 0 1 0 6141.dat
1 15 0 -60 -158 -1 0 0 0 0 1 0 1 0 2431.dat
1 1 0 -260 220 0 0 -1 1 0 0 0 -1 0 41239.dat
1 71 -60 -260 200 0 0 -1 -1 0 0 0 1 0 55615.dat
1 71 60 -260 200 0 -1 0 -1 0 0 0 0 -1 55615.dat
1 0 120 -260 220 0 0 -1 0 1 0 1 0 0 32054.dat
1 0 -120 -260 220 0 0 -1 0 1 0 1 0 0 32054.dat
1 0 40 -260 230 0 1 0 0 0 1 1 0 0 2780.dat
1 0 -40 -260 230 0 1 0 0 0 1 1 0 0 2780.dat
1 72 -40 -260 140 0 1 0 1 0 0 0 0 -1 32524.dat
1 72 40 -260 140 0 1 0 1 0 0 0 0 -1 32524.dat
1 71 0 -260 200 0 1 0 0 0 -1 -1 0 0 32184.dat
1 1 -20 -260 210 0 1 0 0 0 -1 -1 0 0 43093.dat
1 1 20 -260 210 0 1 0 0 0 -1 -1 0 0 43093.dat
1 0 0 -260 240 0 0 1 1 0 0 0 1 0 32524.dat
1 47 60 -260 250 0 0 1 1 0 0 0 1 0 6141.dat
1 47 -60 -260 250 0 0 1 1 0 0 0 1 0 6141.dat
1 71 0 -260 80 0 0 1 1 0 0 0 1 0 32034.dat
1 71 -40 -260 80 1 0 0 0 0 1 0 -1 0 4519.dat
1 72 -70 -260 80 0 0 -1 1 0 0 0 -1 0 6538.dat
1 71 40 -260 80 -1 0 0 0 -1 0 0 0 1 4519.dat
1 72 70 -260 80 0 0 1 0 -1 0 1 0 0 6538.dat
1 71 60 -260 100 -1 0 0 0 1 0 0 0 -1 4519.dat
1 71 85 -260 100 0 0 -1 0 1 0 1 0 0 32123.dat
1 0 70 -260 100 1 0 0 0 -1 0 0 0 -1 32291.dat
1 72 55 -260 100 0 1 0 -1 0 0 0 0 1 6632.dat
1 1 50 -260 140 1 0 0 0 0 1 0 -1 0 43093.dat
1 47 80 -280 90 1 0 0 0 0 1 0 -1 0 6141.dat
1 47 60 -280 90 1 0 0 0 0 1 0 -1 0 6141.dat
1 71 -60 -260 100 -1 0 0 0 1 0 0 0 -1 4519.dat
1 71 -85 -260 100 0 0 -1 0 1 0 1 0 0 32123.dat
1 0 -70 -260 100 1 0 0 0 -1 0 0 0 -1 32291.dat
1 72 -55 -260 100 0 1 0 -1 0 0 0 0 1 6632.dat
1 1 -50 -260 140 -1 0 0 0 0 -1 0 -1 0 43093.dat
1 47 -60 -280 90 1 0 0 0 0 1 0 -1 0 6141.dat
1 47 -80 -280 90 1 0 0 0 0 1 0 -1 0 6141.dat
1 0 -120 -260 150 0 -1 0 0 0 -1 1 0 0 3706.dat
1 0 -120 -260 80 -1 0 0 0 1 0 0 0 -1 32013.dat
1 0 -120 -260 120 0 0 1 0 1 0 -1 0 0 6553.dat
1 72 -120 -210 120 1 0 0 0 0 1 0 -1 0 6538.dat
1 0 120 -260 150 0 -1 0 0 0 -1 1 0 0 3706.dat
1 0 120 -260 80 -1 0 0 0 1 0 0 0 -1 32013.dat
1 0 120 -260 120 0 0 1 0 1 0 -1 0 0 6553.dat
1 72 120 -210 120 1 0 0 0 0 1 0 -1 0 6538.dat
1 1 -120 -180 240 -1 0 0 0 0 -1 0 -1 0 40490.dat
1 71 -120 -180 220 1 0 0 0 0 -1 0 1 0 55615.dat
1 1 120 -180 240 -1 0 0 0 0 -1 0 -1 0 40490.dat
1 71 120 -180 220 1 0 0 0 0 -1 0 1 0 55615.dat
1 1 -120 -160 120 1 0 0 0 1 0 0 0 1 32525.dat
1 71 -120 -170 20 0 0 1 -1 0 0 0 -1 0 4274.dat
1 71 -120 -170 40 0 0 1 -1 0 0 0 -1 0 4274.dat
1 72 -120 -178 30 0 0 1 0 1 0 -1 0 0 2412.dat
1 0 -120 -170 60 0 -1 0 -1 0 0 0 0 -1 2780.dat
1 0 -120 -170 100 0 -1 0 -1 0 0 0 0 -1 2780.dat
1 1 -120 -180 120 -1 0 0 0 1 0 0 0 -1 32140.dat
1 0 -140 -190 60 0 -1 0 -1 0 0 0 0 -1 2780.dat
1 71 -135 -210 68.66 0 -0.5 -0.866025 1 0 0 0 -0.866025 0.5 2444.dat
1 1 120 -160 120 1 0 0 0 1 0 0 0 1 32525.dat
1 71 120 -170 20 0 0 1 -1 0 0 0 -1 0 4274.dat
1 71 120 -170 40 0 0 1 -1 0 0 0 -1 0 4274.dat
1 72 120 -178 30 0 0 1 0 1 0 -1 0 0 2412.dat
1 0 120 -170 60 0 -1 0 -1 0 0 0 0 -1 2780.dat
1 0 120 -170 100 0 -1 0 -1 0 0 0 0 -1 2780.dat
1 1 120 -180 120 1 0 0 0 -1 0 0 0 -1 32140.dat
1 0 140 -190 60 0 -1 0 -1 0 0 0 0 -1 2780.dat
1 71 135 -210 68.66 0 0.5 -0.866025 1 0 0 0 -0.866025 -0.5 2444.dat
1 0 120 -170 120 0 -1 0 1 0 0 0 0 1 3705.dat
1 0 120 -120 120 -1 0 0 0 0 1 0 1 0 32192.dat
1 0 -120 -170 120 0 -1 0 1 0 0 0 0 1 3705.dat
1 0 -120 -120 120 -1 0 0 0 0 1 0 1 0 32192.dat
1 71 100 -270 200 0 -1 0 -1 0 0 0 0 -1 4274.dat
1 0 100 -278 200 -1 0 0 0 1 0 0 0 -1 6141.dat
1 57 100 -286 200 -1 0 0 0 1 0 0 0 -1 6141.dat
1 57 100 -294 200 -1 0 0 0 1 0 0 0 -1 6141.dat
1 71 -100 -270 200 0 -1 0 -1 0 0 0 0 -1 4274.dat
1 0 -100 -278 200 -1 0 0 0 1 0 0 0 -1 6141.dat
1 57 -100 -286 200 -1 0 0 0 1 0 0 0 -1 6141.dat
1 57 -100 -294 200 -1 0 0 0 1 0 0 0 -1 6141.dat
1 72 100 -260 80 1 0 0 0 1 0 0 0 1 6587.dat
1 72 -100 -260 80 -1 0 0 0 1 0 0 0 -1 6587.dat
1 0 0 -270 200 0 -0.707107 -0.707107 1 0 0 0 -0.707107 0.707107 3705.dat
1 71 0 -300 200 0.707107 -0.707107 0 0 0 1 -0.707107 -0.707107 0 32269.dat
1 71 0 -280 200 -0.707107 -0.707107 0 0 0 -1 0.707107 -0.707107 0 3713.dat
1 72 -60 -40 540 0 1 0 -1 0 0 0 0 1 32009.dat
1 0 -50 -40 400 1 0 0 0 -1 0 0 0 -1 2780.dat
1 0 -50 -40 500 1 0 0 0 -1 0 0 0 -1 2780.dat
1 0 -50 -80 540 1 0 0 0 -1 0 0 0 -1 2780.dat
1 72 -40 -40 400 0 1 0 1 0 0 0 0 -1 32525.dat
1 0 -50 -40 360 1 0 0 0 -1 0 0 0 -1 2780.dat
1 72 -40 -80 440 0 1 0 1 0 0 0 0 -1 32525.dat
1 0 -40 -80 340 1 0 0 0 1 0 0 0 1 6558.dat
1 0 -40 -80 360 1 0 0 0 1 0 0 0 1 6558.dat
1 71 -60 -80 280 0 -1 0 1 0 0 0 0 1 32526.dat
1 0 -50 -80 320 1 0 0 0 -1 0 0 0 -1 2780.dat
1 0 -50 -80 300 1 0 0 0 -1 0 0 0 -1 2780.dat
1 0 40 -40 300 1 0 0 0 0 -1 0 1 0 32054.dat
1 0 -40 -40 300 -1 0 0 0 0 1 0 1 0 32054.dat
1 71 0 -40 300 1 0 0 0 -1 0 0 0 -1 4519.dat
1 72 -40 -140 300 0 1 0 0 0 1 1 0 0 32140.dat
1 0 0 -80 500 -1 0 0 0 0 -1 0 -1 0 32184.dat
1 71 0 -80 480 -1 0 0 0 0 -1 0 -1 0 32073.dat
1 71 0 -80 520 -1 0 0 0 0 -1 0 -1 0 32073.dat
1 72 -20 -80 520 -1 0 0 0 1 0 0 0 -1 6536.dat
1 72 20 -80 520 -1 0 0 0 1 0 0 0 -1 6536.dat
1 1 0 -60 560 0 0 -1 -1 0 0 0 1 0 40490.dat
1 71 0 -60 540 0 -1 0 -1 0 0 0 0 -1 48989.dat
1 36 -60 -60 570 0 0 -1 -1 0 0 0 1 0 6141.dat
1 57 -80 -60 570 0 0 -1 -1 0 0 0 1 0 6141.dat
1 57 80 -60 570 0 0 -1 -1 0 0 0 1 0 6141.dat
1 36 60 -60 570 0 0 -1 -1 0 0 0 1 0 6141.dat
1 0 15 -80 480 0 -1 0 0 0 1 -1 0 0 32056.dat
1 0 25 -80 480 0 -1 0 0 0 1 -1 0 0 32056.dat
1 0 -15 -80 480 0 -1 0 0 0 1 -1 0 0 32056.dat
1 0 -25 -80 480 0 -1 0 0 0 1 -1 0 0 32056.dat
1 1 -30 -40 480 1 0 0 0 0 1 0 -1 0 43093.dat
1 1 30 -40 480 -1 0 0 0 0 1 0 1 0 43093.dat
1 1 -30 -80 440 1 0 0 0 0 1 0 -1 0 43093.dat
1 1 30 -80 440 -1 0 0 0 0 1 0 1 0 43093.dat
1 71 0 -140 540 1 0 0 0 1 0 0 0 1 32073.dat
1 71 0 -140 540 1 0 0 0 0 -1 0 1 0 6536.dat
1 71 20 -140 540 0 0 1 0 1 0 -1 0 0 3713.dat
1 71 -20 -140 540 0 0 -1 0 1 0 1 0 0 3713.dat
1 1 35 -120 540 0 -1 0 0 0 -1 1 0 0 41677.dat
1 1 45 -120 540 0 -1 0 0 0 -1 1 0 0 41677.dat
1 1 -35 -120 540 0 -1 0 0 0 -1 1 0 0 41677.dat
1 1 -45 -120 540 0 -1 0 0 0 -1 1 0 0 41677.dat
1 0 -70 -120 540 1 0 0 0 0 -1 0 1 0 3705.dat
1 0 0 -60 420 1 0 0 0 1 0 0 0 1 32184.dat
1 71 0 -80 420 1 0 0 0 1 0 0 0 1 32073.dat
1 0 -20 -80 400 1 0 0 0 0 1 0 -1 0 32184.dat
1 0 20 -80 400 1 0 0 0 0 1 0 -1 0 32184.dat
1 1 30 -80 380 -1 0 0 0 0 1 0 1 0 43093.dat
1 1 -30 -80 380 1 0 0 0 0 1 0 -1 0 43093.dat
1 71 0 -100 360 1 0 0 0 1 0 0 0 1 32073.dat
1 1 -35 -100 360 0 1 0 0 0 -1 -1 0 0 41677.dat
1 19 -30 -120 360 -1 0 0 0 -1 0 0 0 1 3749.dat
1 72 -20 -140 360 0 -1 0 0 0 1 -1 0 0 32140.dat
1 71 0 -100 340 1 0 0 0 0 1 0 -1 0 42003.dat
1 71 0 -140 360 1 0 0 0 0 1 0 -1 0 44294.dat
1 71 0 -140 360 0 0 1 0 -1 0 1 0 0 3713.dat
1 72 20 -140 360 0 -1 0 0 0 1 -1 0 0 32140.dat
1 1 35 -100 360 0 -1 0 0 0 -1 1 0 0 41677.dat
1 19 30 -120 360 1 0 0 0 -1 0 0 0 -1 3749.dat
1 72 40 -40 400 0 1 0 1 0 0 0 0 -1 32525.dat
1 72 40 -80 440 0 1 0 1 0 0 0 0 -1 32525.dat
1 0 40 -80 340 -1 0 0 0 1 0 0 0 -1 6558.dat
1 0 40 -80 360 -1 0 0 0 1 0 0 0 -1 6558.dat
1 72 60 -40 300 0 1 0 -1 0 0 0 0 1 32523.dat
1 0 50 -40 320 1 0 0 0 1 0 0 0 1 2780.dat
1 4 60 -40 280 -1 0 0 0 0 1 0 1 0 32054.dat
1 72 -60 -40 300 0 -1 0 1 0 0 0 0 1 32523.dat
1 0 -50 -40 320 -1 0 0 0 -1 0 0 0 1 2780.dat
1 4 -60 -40 280 1 0 0 0 0 -1 0 1 0 32054.dat
1 72 60 -40 540 0 1 0 -1 0 0 0 0 1 32009.dat
1 0 50 -40 400 1 0 0 0 -1 0 0 0 -1 2780.dat
1 0 50 -40 500 1 0 0 0 -1 0 0 0 -1 2780.dat
1 0 50 -80 540 1 0 0 0 -1 0 0 0 -1 2780.dat
1 0 50 -40 360 1 0 0 0 1 0 0 0 1 2780.dat
1 0 -80 -120 520 1 0 0 0 0 1 0 -1 0 32184.dat
1 1 -90 -120 500 1 0 0 0 0 1 0 -1 0 43093.dat
1 0 -100 -120 440 0 -1 0 1 0 0 0 0 1 6629.dat
1 0 80 -120 520 1 0 0 0 0 1 0 -1 0 32184.dat
1 1 90 -120 500 -1 0 0 0 0 1 0 1 0 43093.dat
1 0 70 -120 540 -1 0 0 0 0 1 0 1 0 3705.dat
1 0 100 -120 440 0 -1 0 1 0 0 0 0 1 6629.dat
1 4 -40 -140 360 0 1 0 0 0 -1 -1 0 0 6629.dat
1 71 0 -120 320 0 0 1 1 0 0 0 1 0 4519.dat
1 72 0 -150 320 1 0 0 0 0 -1 0 1 0 6538.dat
1 0 0 -190 320 0 0 1 1 0 0 0 1 0 3705.dat
1 71 0 -120 320 -1 0 0 0 0 1 0 1 0 32270.dat
1 0 0 -190 320 -1 0 0 0 0 1 0 1 0 4716.dat
1 71 0 -220 360 1 0 0 0 1 0 0 0 1 32073.dat
1 71 0 -220 340 1 0 0 0 0 1 0 -1 0 42003.dat
1 71 15 -220 360 0 0 -1 0 -1 0 -1 0 0 32123.dat
1 71 -15 -220 360 0 0 -1 0 -1 0 -1 0 0 32123.dat
1 0 -25 -190 360 0 1 0 0 0 -1 -1 0 0 32449.dat
1 71 0 -180 360 1 0 0 0 0.936 -0.351 0 0.351 0.936 32073.dat
1 71 -2 -180 360 0 0 1 0.351 0.936 0 -0.936 0.351 0 3650.dat
1 0 -15 -190.53 388.08 0 -1 0 -0.936 0 0.351 -0.351 0 -0.936 32449.dat
1 0 15 -190.53 388.08 0 -1 0 -0.936 0 0.351 -0.351 0 -0.936 32449.dat
1 4 0 -201.06 416.16 1 0 0 0 -0.936 0.351 0 -0.351 -0.936 32062.dat
1 0 25 -190 360 0 -1 0 0 0 1 -1 0 0 32449.dat
1 4 -20 -290 446.603 0 -1 0 0.866 0 -0.5 0.5 0 0.866 32525.dat
1 0 0 -255 385.983 -1 0 0 0 -0.5 0.866 0 0.866 0.5 32138.dat
1 71 0 -280 429.283 1 0 0 0 -0.986466 -0.163828 0 0.163828 -0.986466 32556.dat
1 0 0 -340 533.203 1 0 0 0 -0.866 0.5 0 -0.5 -0.866 6558.dat
1 0 0 -330 515.883 1 0 0 0 -0.866 0.5 0 -0.5 -0.866 6558.dat
1 4 0 -240.5416 422.7303 0 1 0 -0.163828 0 -0.986466 -0.986466 0 0.163828 32316.dat
1 0 0 -360 567.843 0 1 0 0.866 0 0.5 0.5 0 -0.866 32524.dat
1 4 20 -290 446.603 0 -1 0 0.866 0 -0.5 0.5 0 0.866 32525.dat
1 0 0 -390 619.803 -1 0 0 0 -0.866 -0.5 0 -0.5 0.866 6558.dat
1 71 30 -240 360.003 -1 0 0 0 -0.866 -0.5 0 -0.5 0.866 3673.dat
1 71 -30 -240 360.003 -1 0 0 0 -0.866 -0.5 0 -0.5 0.866 3673.dat
1 4 -20 -370 585.163 0 1 0 -0.866 0 -0.5 -0.5 0 0.866 2825.dat
1 4 0 -400 637.123 1 0 0 0 0.866 -0.5 0 0.5 0.866 32062.dat
1 71 0 -370 585.163 1 0 0 0 0.866 -0.5 0 0.5 0.866 4519.dat
1 72 0 -400 637.123 1 0 0 0 -0.866 0.5 0 -0.5 -0.866 6536.dat
1 4 20 -370 585.163 0 -1 0 0.866 0 -0.5 0.5 0 0.866 2825.dat
1 71 -60 -252 344 0 0 1 0.617 0.787 0 -0.787 0.617 0 3647.dat
1 1 -50 -252 344 -1 0 0 0 0.617 -0.787 0 -0.787 -0.617 43093.dat
1 72 0 -264 328 -1 0 0 0 -0.707107 0.707107 0 0.707107 0.707107 32012.dat
1 71 0 -264 328 1 0 0 0 1 0 0 0 1 44294.dat
1 71 25 -264 328 0 0 1 0 1 0 -1 0 0 32123.dat
1 71 -25 -264 328 0 0 1 0 1 0 -1 0 0 32123.dat
1 71 -60 -264 328 0 0 1 0 1 0 -1 0 0 3647.dat
1 4 40 -140 360 0 1 0 0 0 -1 -1 0 0 6629.dat
1 71 60 -264 328 0 0 1 0 1 0 -1 0 0 32270.dat
1 72 0 -309 646 0.258819 0 -0.965926 0 1 0 0.965926 0 0.258819 30395.dat
1 4 -60 -80 280 1 0 0 0 0 1 0 -1 0 32054.dat
1 1 -60 -140 360 0 1 0 1 0 0 0 0 -1 32140.dat
1 0 -50 -120 300 -1 0 0 0 -1 0 0 0 1 2780.dat
1 72 40 -140 300 0 1 0 0 0 1 1 0 0 32140.dat
1 0 50 -120 300 1 0 0 0 -1 0 0 0 -1 2780.dat
1 0 50 -80 300 1 0 0 0 -1 0 0 0 -1 2780.dat
1 0 50 -80 320 1 0 0 0 -1 0 0 0 -1 2780.dat
1 71 60 -80 280 0 -1 0 1 0 0 0 0 1 32526.dat
1 4 60 -80 280 -1 0 0 0 0 -1 0 -1 0 32054.dat
1 1 60 -140 360 0 1 0 1 0 0 0 0 -1 32140.dat
1 72 90 -140 320 0 0 -1 0.965926 -0.258819 0 -0.258819 -0.965926 0 6538.dat
1 0 50 -140 320 -1 0 0 0 -0.258819 -0.965926 0 -0.965926 0.258819 3705.dat
1 71 40 -140 319 0 0 1 0.258819 -0.965926 0 0.965926 0.258819 0 3713.dat
1 71 20 -140 319 0 0 1 0.258819 -0.965926 0 0.965926 0.258819 0 32270.dat
1 71 60 -140 300 1 0 0 0 1 0 0 0 1 4519.dat
1 72 90 -140 300 0 0 1 0 1 0 -1 0 0 6538.dat
1 71 -60 -140 300 -1 0 0 0 1 0 0 0 -1 4519.dat
1 72 -90 -140 300 0 0 -1 0 1 0 1 0 0 6538.dat
1 72 0 -120 560 0 0 -1 0 -1 0 -1 0 0 40490.dat
1 0 80 -140 560 0 1 0 -1 0 0 0 0 1 6558.dat
1 0 60 -140 560 0 1 0 -1 0 0 0 0 1 6558.dat
1 0 -60 -140 560 0 1 0 -1 0 0 0 0 1 6558.dat
1 0 -80 -140 560 0 1 0 -1 0 0 0 0 1 6558.dat
1 72 120 -140 560 -1 0 0 0 -1 0 0 0 1 32009.dat
1 72 -120 -140 560 1 0 0 0 1 0 0 0 1 32009.dat
1 0 120 -140 520 0 1 0 -1 0 0 0 0 1 6558.dat
1 0 120 -140 420 0 1 0 -1 0 0 0 0 1 6558.dat
1 0 -120 -140 520 0 1 0 -1 0 0 0 0 1 6558.dat
1 0 -120 -140 420 0 1 0 -1 0 0 0 0 1 6558.dat
1 72 120 -160 400 1 0 0 0 1 0 0 0 1 41239.dat
1 72 -120 -160 400 1 0 0 0 1 0 0 0 1 41239.dat
1 0 120 -140 280 0 -1 0 1 0 0 0 0 1 6558.dat
1 0 -120 -140 280 0 -1 0 1 0 0 0 0 1 6558.dat
1 71 120 -140 340 1 0 0 0 0 -1 0 1 0 48989.dat
1 71 -120 -140 340 1 0 0 0 0 -1 0 1 0 48989.dat
1 72 120 -140 300 1 0 0 0 0 1 0 -1 0 6536.dat
1 4 110 -140 300 1 0 0 0 0 1 0 -1 0 32062.dat
1 72 -120 -140 300 -1 0 0 0 0 -1 0 -1 0 6536.dat
1 4 -110 -140 300 -1 0 0 0 0 -1 0 -1 0 32062.dat
1 72 120 -120 400 1 0 0 0 1 0 0 0 1 41239.dat
1 72 -120 -120 400 1 0 0 0 1 0 0 0 1 41239.dat
1 1 -140 -100 420 0 -1 0 -1 0 0 0 0 -1 40490.dat
1 0 -130 -100 480 -1 0 0 0 1 0 0 0 -1 2780.dat
1 0 -130 -100 460 -1 0 0 0 1 0 0 0 -1 2780.dat
1 0 -130 -100 380 -1 0 0 0 1 0 0 0 -1 2780.dat
1 0 -130 -100 360 -1 0 0 0 1 0 0 0 -1 2780.dat
1 71 -120 -100 360 0 0 1 1 0 0 0 1 0 42003.dat
1 71 -120 -100 480 0 0 -1 1 0 0 0 -1 0 42003.dat
1 1 -120 -110 500 0 0 -1 1 0 0 0 -1 0 43093.dat
1 1 -120 -110 340 0 0 -1 1 0 0 0 -1 0 43093.dat
1 1 140 -100 420 0 1 0 -1 0 0 0 0 1 40490.dat
1 0 130 -100 360 1 0 0 0 1 0 0 0 1 2780.dat
1 0 130 -100 380 1 0 0 0 1 0 0 0 1 2780.dat
1 0 130 -100 460 1 0 0 0 1 0 0 0 1 2780.dat
1 0 130 -100 480 1 0 0 0 1 0 0 0 1 2780.dat
1 71 120 -100 480 0 0 -1 1 0 0 0 -1 0 42003.dat
1 71 120 -100 360 0 0 1 1 0 0 0 1 0 42003.dat
1 1 120 -110 340 0 0 1 1 0 0 0 1 0 43093.dat
1 1 120 -110 500 0 0 1 1 0 0 0 1 0 43093.dat
1 0 0 -140 560 0 -1 0 1 0 0 0 0 1 6558.dat
1 72 0 -160 560 0 0 1 0 1 0 -1 0 0 40490.dat
1 0 130 -140 320 1 0 0 0 0.966 -0.259 0 0.259 0.966 3705.dat
1 71 160 -140 320 0 0 1 0.259 0.966 0 -0.966 0.259 0 32270.dat
1 71 140 -140 320 0 0 1 0.259 0.966 0 -0.966 0.259 0 3713.dat
1 72 -25 0 420 0 -1 0 0 0 -1 1 0 0 2905.dat
1 0 -40 0 400 -1 0 0 0 1 0 0 0 -1 6558.dat
1 0 -40 0 440 -1 0 0 0 1 0 0 0 -1 6558.dat
1 72 -15 0 420 0 -1 0 0 0 -1 1 0 0 2905.dat
1 71 0 0 380 1 0 0 0 1 0 0 0 1 32073.dat
1 1 5 0 380 0 -1 0 0 0 -1 1 0 0 41677.dat
1 1 -5 0 380 0 -1 0 0 0 -1 1 0 0 41677.dat
1 71 0 -20 380 1 0 0 0 1 0 0 0 1 32073.dat
1 71 0 0 460 1 0 0 0 1 0 0 0 1 32073.dat
1 1 5 0 460 0 -1 0 0 0 -1 1 0 0 41677.dat
1 1 -5 0 460 0 -1 0 0 0 -1 1 0 0 41677.dat
1 71 0 -20 460 1 0 0 0 1 0 0 0 1 32073.dat
1 72 15 0 420 0 -1 0 0 0 -1 1 0 0 2905.dat
1 72 25 0 420 0 -1 0 0 0 -1 1 0 0 2905.dat
1 0 40 0 400 1 0 0 0 -1 0 0 0 -1 6558.dat
1 0 40 0 440 1 0 0 0 -1 0 0 0 -1 6558.dat
1 72 40 0 420 0 1 0 1 0 0 0 0 -1 32316.dat
1 72 -40 0 420 0 1 0 1 0 0 0 0 -1 32316.dat
1 72 60 0 420 0 1 0 1 0 0 0 0 -1 32525.dat
1 72 -60 0 420 0 1 0 1 0 0 0 0 -1 32525.dat
1 0 80 0 320 1 0 0 0 -1 0 0 0 -1 6558.dat
1 0 -80 0 320 -1 0 0 0 -1 0 0 0 1 6558.dat
1 0 80 0 520 1 0 0 0 -1 0 0 0 -1 6558.dat
1 0 -80 0 520 -1 0 0 0 -1 0 0 0 1 6558.dat
1 71 -80 0 360 0 0 -1 1 0 0 0 -1 0 42003.dat
1 72 -107 0 340 -1 0 0 0 0 -1 0 -1 0 32209.dat
1 0 -80 0 360 -1 0 0 0 -1 0 0 0 1 6558.dat
1 71 -80 0 480 0 0 -1 -1 0 0 0 1 0 42003.dat
1 72 -107 0 500 -1 0 0 0 0 1 0 1 0 32209.dat
1 0 -80 0 480 -1 0 0 0 1 0 0 0 -1 6558.dat
1 71 80 0 360 0 0 1 -1 0 0 0 -1 0 42003.dat
1 72 107 0 340 1 0 0 0 0 1 0 -1 0 32209.dat
1 0 80 0 360 1 0 0 0 1 0 0 0 1 6558.dat
1 71 80 0 480 0 0 1 1 0 0 0 1 0 42003.dat
1 72 107 0 500 1 0 0 0 0 -1 0 1 0 32209.dat
1 0 80 0 480 1 0 0 0 -1 0 0 0 -1 6558.dat
1 1 80 10 460 0 0 1 -1 0 0 0 -1 0 43093.dat
1 1 -80 10 460 0 0 1 -1 0 0 0 -1 0 43093.dat
1 1 -80 10 380 0 0 1 -1 0 0 0 -1 0 43093.dat
1 1 80 10 380 0 0 1 -1 0 0 0 -1 0 43093.dat
1 72 0 20 460 0 0 1 0 1 0 -1 0 0 40490.dat
1 72 0 20 380 0 0 1 0 1 0 -1 0 0 40490.dat
1 72 100 0 340 0 1 0 -1 0 0 0 0 1 32523.dat
1 72 100 0 500 0 1 0 -1 0 0 0 0 1 32523.dat
1 72 -100 0 500 0 1 0 -1 0 0 0 0 1 32523.dat
1 72 -100 0 340 0 1 0 -1 0 0 0 0 1 32523.dat
1 71 0 -40 420 1 0 0 0 1 0 0 0 1 44294.dat
1 71 130 0 0 0 0 1 0 1 0 -1 0 0 56145.dat
1 256 130 0 0 0 0 1 0 1 0 -1 0 0 55976.dat
1 71 -130 0 0 0 0 -1 0 1 0 1 0 0 56145.dat
1 256 -130 0 0 0 0 -1 0 1 0 1 0 0 55976.dat
1 71 130 0 340 0 0 1 0 1 0 -1 0 0 56145.dat
1 256 130 0 340 0 0 1 0 1 0 -1 0 0 55976.dat
1 71 -130 0 340 0 0 -1 0 1 0 1 0 0 56145.dat
1 256 -130 0 340 0 0 -1 0 1 0 1 0 0 55976.dat
1 71 130 0 500 0 0 1 0 1 0 -1 0 0 56145.dat
1 256 130 0 500 0 0 1 0 1 0 -1 0 0 55976.dat
1 71 -130 0 500 0 0 -1 0 1 0 1 0 0 56145.dat
1 256 -130 0 500 0 0 -1 0 1 0 1 0 0 55976.dat
1 71 -140 0 0 0 0 -1 1 0 0 0 -1 0 3713.dat
1 71 140 0 0 0 0 1 1 0 0 0 1 0 3713.dat
1 71 -140 0 340 0 0 -1 1 0 0 0 -1 0 3713.dat
1 71 140 0 340 0 0 1 1 0 0 0 1 0 3713.dat
1 71 -140 0 500 0 0 -1 1 0 0 0 -1 0 3713.dat
1 71 140 0 500 0 0 1 1 0 0 0 1 0 3713.dat
1 19 5.18 -255.385 665.308 0.966 0 0.259 0 1 0 -0.259 0 0.966 3795.dat
1 19 -5.18 -255.385 626.668 0.966 0 0.259 0 1 0 -0.259 0 0.966 3795.dat
1 19 28.98 -279.385 638.218 -0.259 0 0.966 0 1 0 -0.966 0 -0.259 3701.dat
1 19 -28.98 -279.385 653.758 -0.259 0 0.966 0 1 0 -0.966 0 -0.259 3701.dat
1 0 0 -269.385 645.988 -0.966 0 -0.259 0 1 0 0.259 0 -0.966 3706.dat
1 71 48.3 -269.385 633.038 0 -0.259 -0.966 1 0 0 0 -0.966 0.259 3713.dat
1 71 -48.3 -269.385 658.938 0 0.259 0.966 1 0 0 0 0.966 -0.259 3713.dat
