0 Main
0 Name: 8856-1 - Whirlwind Rescue - Hovercraft.mpd
0 Author: LTRON
1 4 0 0 0 0 0 -1 -0.009 1 0 1 0.009 0 3703.dat
1 4 0 -2.34 260 0 0 -1 -0.009 1 0 1 0.009 0 2730.dat
1 4 20 -1.44 160 0 0 -1 -0.009 1 0 1 0.009 0 3894.dat
1 4 20 1.44 -160 0 0 -1 -0.009 1 0 1 0.009 0 2730.dat
1 0 10 11.26 -139.91 1 0 0 0 1 -0.009 0 0.009 1 2780.dat
1 0 10 10.72 -79.91 1 0 0 0 1 -0.009 0 0.009 1 2780.dat
1 0 30 12.16 -239.91 1 0 0 0 1 -0.009 0 0.009 1 2780.dat
1 7 150 -152.3329 328.6487 0 -1 0 1.000189 0 0.012 -0.012 0 1.000189 3712.dat
1 7 150 -152.43 268.65 -1 0 0 0 1 0.009 0 0.009 -1 3712.dat
1 7 150 -152.7 298.65 0 -1 0 1.000189 0 0.012 -0.012 0 1.000189 3326.dat
1 0 10 8.92 120.09 1 0 0 0 1 -0.009 0 0.009 1 2780.dat
1 0 10 8.74 140.09 1 0 0 0 1 -0.009 0 0.009 1 2780.dat
1 7 150 -22.09 9.802 -1 0 0 0 -1 -0.009 0 -0.009 1 3712.dat
1 7 137.545 -1.4997 -63.6116 0 -0.968 0.251 0.905256 -0.107061 -0.40992 0.424181 0.228055 0.876382 3712.dat
1 7 130 11.08 -119.91 -1 0 0 0 1 0.009 0 0.009 -1 3712.dat
1 7 130 10.81 -89.91 0 -1 0 0.905256 0 -0.424181 0.424181 0 0.905256 3326.dat
1 7 142.455 -9.5103 -46.4964 0 -0.968 -0.251 -0.905256 -0.107061 0.40992 -0.424181 0.228055 -0.876382 3712.dat
1 7 150 -21.82 -20.198 -1 0 0 0 -0.905256 -0.424181 0 -0.424181 0.905256 3326.dat
1 0 10 8.2 200.09 1 0 0 0 1 -0.009 0 0.009 1 2780.dat
1 0 10 8.38 180.09 1 0 0 0 1 -0.009 0 0.009 1 2780.dat
1 0 -10 7.3 300.09 1 0 0 0 1 -0.009 0 0.009 1 2780.dat
1 0 -10 9.82 20.09 1 0 0 0 1 -0.009 0 0.009 1 2780.dat
1 0 150 23.82 20.216 1 0 0 0 1 -0.009 0 0.009 1 4282.dat
1 4 70 20.85 350.216 1 0 0 0 1 -0.009 0 0.009 1 3460.dat
1 4 230 20.85 350.216 1 0 0 0 1 -0.009 0 0.009 1 3460.dat
1 4 150 -3.15 350 1 0 0 0 1 -0.009 0 0.009 1 3895.dat
1 7 150 -0.09 10 1 0 0 0 1 -0.009 0 0.009 1 3702.dat
1 7 210 -0.27 30 1 0 0 0 1 -0.009 0 0.009 1 3700.dat
1 7 90 -0.27 30 1 0 0 0 1 -0.009 0 0.009 1 3700.dat
1 0 210 9.82 20.09 0 0 1 0.009 1 0 -1 0.009 0 2780.dat
1 0 90 9.82 20.09 0 0 1 0.009 1 0 -1 0.009 0 2780.dat
1 0 150 6.94 340.09 0 0 1 0.009 1 0 -1 0.009 0 2780.dat
1 4 150 1.35 -150 1 0 0 0 1 -0.009 0 0.009 1 3702.dat
1 0 210 11.26 -139.91 0 0 1 0.009 1 0 -1 0.009 0 2780.dat
1 0 170 11.26 -139.91 0 0 1 0.009 1 0 -1 0.009 0 2780.dat
1 0 90 11.26 -139.91 0 0 1 0.009 1 0 -1 0.009 0 2780.dat
1 0 130 11.26 -139.91 0 0 1 0.009 1 0 -1 0.009 0 4519.dat
1 7 130 11.467 -162.91 1 0 0 0 1 -0.009 0 0.009 1 4143.dat
1 7 130 11.215 -134.91 1 0 0 0 1 -0.009 0 0.009 1 4265.dat
1 4 70 1.17 -130 1 0 0 0 1 -0.009 0 0.009 1 3701.dat
1 4 210 1.17 -130 1 0 0 0 1 -0.009 0 0.009 1 3894.dat
1 4 100 1.62 -180 0 0 -1 -0.009 1 0 1 0.009 0 3700.dat
1 4 100 25.44 -159.784 0 0 -1 -0.009 1 0 1 0.009 0 3710.dat
1 0 140 -5.505 -55.054 -0.248 0 0.968 0.40583 0.905256 0.107061 -0.866418 0.424181 -0.228055 3704.dat
1 4 100 -6.56 -160.072 0 0 -1 -0.009 1 0 1 0.009 0 3710.dat
1 7 190 11.62 -179.91 0 0 1 0.972993 -0.231775 0 0.231775 0.972993 0 3712.dat
1 0 90 11.62 -179.91 -1 0 0 0 -0.231775 0.972993 0 0.972993 0.231775 3707.dat
1 0 250 11.62 -179.91 -1 0 0 0 -0.231775 0.972993 0 0.972993 0.231775 3705.dat
1 7 113 11.62 -179.91 0 0 -1 -0.231775 0.972993 0 0.972993 0.231775 0 4143.dat
1 4 250 25.17 -129.784 -1 0 0 0 1 0.009 0 0.009 -1 3666.dat
1 4 30 25.17 -129.784 -1 0 0 0 1 0.009 0 0.009 -1 3710.dat
1 15 40 11.62 -179.91 0 0 -1 -0.231775 0.972993 0 0.972993 0.231775 0 3482.dat
1 256 40 11.62 -179.91 0 0 -1 -0.231775 0.972993 0 0.972993 0.231775 0 3483.dat
1 15 260 11.62 -179.91 0 0 -1 -0.231775 0.972993 0 0.972993 0.231775 0 3482.dat
1 256 260 11.62 -179.91 0 0 -1 -0.231775 0.972993 0 0.972993 0.231775 0 3483.dat
1 4 280 1.44 -160 0 0 -1 -0.009 1 0 1 0.009 0 2730.dat
1 4 300 0 0 0 0 -1 -0.009 1 0 1 0.009 0 3703.dat
1 4 280 -1.44 160 0 0 -1 -0.009 1 0 1 0.009 0 3894.dat
1 4 300 -2.34 260 0 0 -1 -0.009 1 0 1 0.009 0 2730.dat
1 0 270 12.16 -239.91 1 0 0 0 1 -0.009 0 0.009 1 2780.dat
1 0 310 9.82 20.09 1 0 0 0 1 -0.009 0 0.009 1 2780.dat
1 0 310 7.3 300.09 1 0 0 0 1 -0.009 0 0.009 1 2780.dat
1 0 290 11.26 -139.91 1 0 0 0 1 -0.009 0 0.009 1 2780.dat
1 0 290 10.72 -79.91 1 0 0 0 1 -0.009 0 0.009 1 2780.dat
1 0 290 8.92 120.09 1 0 0 0 1 -0.009 0 0.009 1 2780.dat
1 0 290 8.74 140.09 1 0 0 0 1 -0.009 0 0.009 1 2780.dat
1 0 290 8.38 180.09 1 0 0 0 1 -0.009 0 0.009 1 2780.dat
1 0 290 8.2 200.09 1 0 0 0 1 -0.009 0 0.009 1 2780.dat
1 4 150 -2.97 330 1 0 0 0 1 -0.009 0 0.009 1 3700.dat
1 0 230 -8.27 29.928 1 0 0 0 1 -0.009 0 0.009 1 3460.dat
1 0 70 -8.27 29.928 1 0 0 0 1 -0.009 0 0.009 1 3460.dat
1 0 70 -8.09 9.928 1 0 0 0 1 -0.009 0 0.009 1 3460.dat
1 0 230 -8.09 9.928 1 0 0 0 1 -0.009 0 0.009 1 3460.dat
1 4 300 -10.88 319.928 0 0 -1 -0.009 1 0 1 0.009 0 3023.dat
1 4 0 -10.88 319.928 0 0 -1 -0.009 1 0 1 0.009 0 3023.dat
1 4 250 -11.15 349.928 -1 0 0 0 1 0.009 0 0.009 -1 3666.dat
1 4 50 -11.15 349.928 -1 0 0 0 1 0.009 0 0.009 -1 3666.dat
1 4 20 -6.83 -130.072 1 0 0 0 1 -0.009 0 0.009 1 3623.dat
1 4 50 -14.83 -130.144 1 0 0 0 1 -0.009 0 0.009 1 3666.dat
1 4 250 -6.83 -130.072 -1 0 0 0 1 0.009 0 0.009 -1 3666.dat
1 4 250 -14.83 -130.144 -1 0 0 0 1 0.009 0 0.009 -1 3666.dat
1 7 150 -26.97 329.784 -1 0 0 0 1 0.009 0 0.009 -1 3039.dat
1 7 300 -34.79 309.712 -1 0 0 0 1 0.009 0 0.009 -1 4286.dat
1 7 0 -34.79 309.712 -1 0 0 0 1 0.009 0 0.009 -1 4286.dat
1 4 300 -32.18 19.712 0 0 -1 -0.009 1 0 1 0.009 0 3700.dat
1 4 0 -32.18 19.712 0 0 -1 -0.009 1 0 1 0.009 0 3700.dat
1 4 30 -38.83 -130.36 1 0 0 0 1 -0.009 0 0.009 1 3701.dat
1 4 50 -46.83 -130.432 1 0 0 0 1 -0.009 0 0.009 1 3023.dat
1 4 10 -46.83 -130.432 1 0 0 0 1 -0.009 0 0.009 1 3023.dat
1 4 270 -38.83 -130.36 1 0 0 0 1 -0.009 0 0.009 1 3701.dat
1 4 290 -46.83 -130.432 1 0 0 0 1 -0.009 0 0.009 1 3023.dat
1 4 250 -46.83 -130.432 1 0 0 0 1 -0.009 0 0.009 1 3023.dat
1 4 150 -32.27 29.712 1 0 0 0 1 -0.009 0 0.009 1 3895.dat
1 0 170 -22.36 39.802 0 0 1 0.009 1 0 -1 0.009 0 2780.dat
1 0 130 -22.36 39.802 0 0 1 0.009 1 0 -1 0.009 0 2780.dat
1 0 150 -32.45 49.712 -1 0 0 0 1 0.009 0 0.009 -1 3701.dat
1 0 150 -22.36 39.802 0 0 -1 -0.009 1 0 1 0.009 0 3705.dat
1 7 150 -22.612 67.802 0 -1 0 1 0 -0.009 0.009 0 1 3650.dat
1 4 270 -54.92 -120.504 -1 0 0 0 1 0.009 0 0.009 -1 3020.dat
1 4 30 -54.92 -120.504 -1 0 0 0 1 0.009 0 0.009 -1 3020.dat
1 4 0 -56.18 19.496 0 0 -1 -0.009 1 0 1 0.009 0 3700.dat
1 4 300 -56.18 19.496 0 0 -1 -0.009 1 0 1 0.009 0 3700.dat
1 7 70 -56.27 29.496 -1 0 0 0 1 0.009 0 0.009 -1 3700.dat
1 7 230 -56.27 29.496 -1 0 0 0 1 0.009 0 0.009 -1 3700.dat
1 7 140 -56.27 29.496 0 0 -1 -0.009 1 0 1 0.009 0 2357.dat
1 7 160 -56.27 29.496 1 0 0 0 1 -0.009 0 0.009 1 2357.dat
1 7 300 -58.79 309.496 1 0 0 0 1 -0.009 0 0.009 1 3005.dat
1 7 0 -58.79 309.496 1 0 0 0 1 -0.009 0 0.009 1 3005.dat
1 7 150 -50.79 309.568 -1 0 0 0 1 0.009 0 0.009 -1 3039.dat
1 7 150 -72.45 49.352 1 0 0 0 1 -0.009 0 0.009 1 3023.dat
1 7 150 -64.36 39.424 1 0 0 0 1 -0.009 0 0.009 1 3022.dat
1 7 150 -88.27 29.208 1 0 0 0 1 -0.009 0 0.009 1 3700.dat
1 4 240 -79.46 -60.72 0 0 -1 -0.009 1 0 1 0.009 0 3895.dat
1 4 60 -79.46 -60.72 0 0 -1 -0.009 1 0 1 0.009 0 3895.dat
1 4 240 -88.18 19.208 0 0 -1 -0.009 1 0 1 0.009 0 3023.dat
1 4 60 -88.18 19.208 0 0 -1 -0.009 1 0 1 0.009 0 3023.dat
1 0 50 -68.56 -160.63 1 0 0 0 1 -0.009 0 0.009 1 2780.dat
1 0 250 -68.56 -160.63 1 0 0 0 1 -0.009 0 0.009 1 2780.dat
1 0 230 -69.64 -40.63 1 0 0 0 1 -0.009 0 0.009 1 2780.dat
1 0 70 -69.64 -40.63 1 0 0 0 1 -0.009 0 0.009 1 2780.dat
1 7 70 -69.46 -60.63 1 0 0 0 1 -0.009 0 0.009 1 4274.dat
1 7 230 -69.46 -60.63 -1 0 0 0 1 0.009 0 0.009 -1 4274.dat
1 1 110 -47.55 -50.432 1 0 0 0 1 -0.009 0 0.009 1 2717.dat
1 1 190 -47.55 -50.432 1 0 0 0 1 -0.009 0 0.009 1 2717.dat
1 0 150 -69.64 -40.63 1 0 0 0 1 -0.009 0 0.009 1 2780.dat
1 4 260 -102.4342 -184.1387 0 0 -1 0.658286 0.751985 0 0.751985 -0.658286 0 3894.dat
1 4 40 -102.4342 -184.1387 0 0 -1 0.658286 0.751985 0 0.751985 -0.658286 0 3894.dat
1 7 150 -74.79 309.352 1 0 0 0 1 -0.009 0 0.009 1 3700.dat
1 4 300 -79.64 -40.72 0 0 -1 -0.009 1 0 1 0.009 0 3703.dat
1 0 290 -68.38 -180.63 1 0 0 0 1 -0.009 0 0.009 1 2780.dat
1 0 290 -70.9 99.37 1 0 0 0 1 -0.009 0 0.009 1 2780.dat
1 0 290 -70.72 79.37 1 0 0 0 1 -0.009 0 0.009 1 2780.dat
1 4 280 -71.1771 -261.2077 0 0 1 0.089973 0.996271 0 -0.996271 0.089973 0 2730.dat
1 0 270 -54.0547 -339.994 1 0 0 0 0.996271 -0.089973 0 0.089973 0.996271 2780.dat
1 4 280 -81.08 119.28 0 0 1 0.009 1 0 -1 0.009 0 3894.dat
1 0 290 -71.44 159.37 1 0 0 0 1 -0.009 0 0.009 1 2780.dat
1 4 300 -81.98 219.28 0 0 1 0.009 1 0 -1 0.009 0 2730.dat
1 0 310 -72.7 299.37 1 0 0 0 1 -0.009 0 0.009 1 2780.dat
1 4 0 -79.64 -40.72 0 0 -1 -0.009 1 0 1 0.009 0 3703.dat
1 0 10 -68.38 -180.63 1 0 0 0 1 -0.009 0 0.009 1 2780.dat
1 0 10 -70.9 99.37 1 0 0 0 1 -0.009 0 0.009 1 2780.dat
1 0 10 -70.72 79.37 1 0 0 0 1 -0.009 0 0.009 1 2780.dat
1 4 20 -71.1771 -261.2077 0 0 1 0.089973 0.996271 0 -0.996271 0.089973 0 2730.dat
1 0 30 -54.0547 -339.994 1 0 0 0 0.996271 -0.089973 0 0.089973 0.996271 2780.dat
1 4 20 -81.08 119.28 0 0 1 0.009 1 0 -1 0.009 0 3894.dat
1 0 10 -71.44 159.37 1 0 0 0 1 -0.009 0 0.009 1 2780.dat
1 4 0 -81.98 219.28 0 0 1 0.009 1 0 -1 0.009 0 2730.dat
1 0 -10 -72.7 299.37 1 0 0 0 1 -0.009 0 0.009 1 2780.dat
1 0 250 -190.18 18.29 1 0 0 0 1 -0.009 0 0.009 1 2780.dat
1 7 260 -130.09 8.83 0 0 -1 -1 -0.009 0 -0.009 1 0 3702.dat
1 0 50 -190.18 18.29 1 0 0 0 1 -0.009 0 0.009 1 2780.dat
1 7 40 -130.09 8.83 0 0 -1 -1 -0.009 0 -0.009 1 0 3702.dat
1 0 30 -86.92 -120.792 1 0 0 0 1 -0.009 0 0.009 1 3020.dat
1 0 270 -86.92 -120.792 1 0 0 0 1 -0.009 0 0.009 1 3020.dat
1 4 40 -23.6428 -312.1501 0 0 1 0.551539 -0.834031 0 0.834031 0.551539 0 2730.dat
1 4 260 -23.6428 -312.1501 0 0 1 0.551539 -0.834031 0 0.834031 0.551539 0 2730.dat
1 0 20 -70.18 19.37 1 0 0 0 1 -0.009 0 0.009 1 3706.dat
1 7 75 -70.18 19.37 0 0 1 0.009 1 0 -1 0.009 0 4265.dat
1 7 225 -70.18 19.37 0 0 -1 -0.009 1 0 1 0.009 0 4265.dat
1 0 280 -70.18 19.37 1 0 0 0 1 -0.009 0 0.009 1 3706.dat
1 4 320 -32.79 309.73 0 0 -1 1 0.009 0 0.009 -1 0 3894.dat
1 4 -20 -32.79 309.73 0 0 -1 1 0.009 0 0.009 -1 0 3894.dat
1 4 320 -30.09 9.73 0 0 -1 -1 -0.009 0 -0.009 1 0 3894.dat
1 4 -20 -30.09 9.73 0 0 -1 -1 -0.009 0 -0.009 1 0 3894.dat
1 7 335 -70.18 19.37 0 0 1 -1 0.009 0 -0.009 -1 0 4265.dat
1 7 -35 -70.18 19.37 0 0 -1 -1 -0.009 0 -0.009 1 0 4265.dat
1 7 150 -73.98 219.352 0 0 -1 -0.009 1 0 1 0.009 0 3738.dat
1 7 150 -81.08 119.28 0 0 -1 -0.009 1 0 1 0.009 0 3738.dat
1 7 150 -82.34 259.28 0 0 -1 -0.009 1 0 1 0.009 0 3795.dat
1 7 150 -90.43 269.208 -1 0 0 0 1 0.009 0 0.009 -1 3023.dat
1 7 150 -90.25 249.208 -1 0 0 0 1 0.009 0 0.009 -1 3023.dat
1 0 150 -89.8 199.208 -1 0 0 0 1 0.009 0 0.009 -1 4282.dat
1 0 150 -88.54 59.208 -1 0 0 0 1 0.009 0 0.009 -1 4282.dat
1 0 150 -122.9 98.902 0 0.991 0.131 1 -0.001179 0.008919 0.009 0.131 -0.991 3707.dat
1 7 150 -52.9 99.532 0.131 0.991 0 0.008919 -0.001179 -1 -0.991 0.131 -0.009 3648.dat
1 7 150 -67.9 99.397 0.131 -0.991 0 0.008919 0.001179 1 -0.991 -0.131 0.009 4265.dat
1 7 150 -97.26 139.136 0 0 -1 -0.009 1 0 1 0.009 0 3738.dat
1 0 150 -90.7 299.208 -1 0 0 0 1 0.009 0 0.009 -1 4282.dat
1 7 150 -105.9 99.055 -0.991 0.131 0 0.001179 0.008919 -1 -0.131 -0.991 -0.009 4265.dat
1 7 150 -113.9 98.983 -0.991 -0.131 0 0.001179 -0.008919 1 -0.131 0.991 0.009 4265.dat
1 7 150 -181.9 98.371 -0.131 0.991 0 -0.008919 -0.001179 1 0.991 0.131 0.009 3648.dat
1 0 170 -98.52 279.136 0 0 -1 -0.009 1 0 1 0.009 0 3020.dat
1 0 130 -98.52 279.136 0 0 -1 -0.009 1 0 1 0.009 0 3020.dat
1 7 100 -112.34 259.01 0 0 1 0.009 1 0 -1 0.009 0 3713.dat
1 7 120 -122.34 258.92 0 0 -1 -0.009 1 0 1 0.009 0 3700.dat
1 0 150 -112.79 309.01 1 0 0 0 -1 0.009 0 -0.009 -1 2738.dat
1 0 150 -112.34 259.01 1 0 0 0 1 -0.009 0 0.009 1 3706.dat
1 7 200 -112.34 259.01 0 0 -1 -0.009 1 0 1 0.009 0 3713.dat
1 7 180 -122.34 258.92 0 0 -1 -0.009 1 0 1 0.009 0 3700.dat
1 7 150 -104.44 159.073 -1 0 0 0 -0.009 1 0 1 0.009 4143.dat
1 0 150 -58.44 159.487 0 0 -1 -1 -0.009 0 -0.009 1 0 3706.dat
1 0 150 11.56 160.117 1 0 0 0 -0.009 -1 0 1 -0.009 4519.dat
1 7 150 -8.44 159.937 1 0 0 0 -0.009 -1 0 1 -0.009 3651.dat
1 7 150 -28.44 159.757 0 -1 0 0.009 0 1 -1 0 0.009 3713.dat
1 7 150 -48.44 159.577 0 1 0 0.009 0 -1 -1 0 -0.009 3713.dat
1 7 150 -62.44 159.451 0 1 0 0.009 0 -1 -1 0 -0.009 4143.dat
1 15 170 11.56 160.117 0 0 -1 0.009 -1 0 -1 -0.009 0 3482.dat
1 256 170 11.56 160.117 0 0 -1 0.009 -1 0 -1 -0.009 0 3483.dat
1 15 130 11.56 160.117 0 0 -1 0.009 -1 0 -1 -0.009 0 3482.dat
1 256 130 11.56 160.117 0 0 -1 0.009 -1 0 -1 -0.009 0 3483.dat
1 7 150 -96.36 39.136 1 0 0 0 1 -0.009 0 0.009 1 3738.dat
1 7 150 -130.34 258.848 1 0 0 0 1 -0.009 0 0.009 1 3709.dat
1 7 150 -121.71 188.92 1 0 0 0 1 -0.009 0 0.009 1 3700.dat
1 0 240 -96.72 79.136 0 0 -1 -0.009 1 0 1 0.009 0 3460.dat
1 0 240 -98.16 239.136 0 0 -1 -0.009 1 0 1 0.009 0 3460.dat
1 4 240 -122.52 278.92 0 0 -1 -0.009 1 0 1 0.009 0 3701.dat
1 4 240 -121.08 118.92 0 0 -1 -0.009 1 0 1 0.009 0 3895.dat
1 0 250 -111.44 159.01 1 0 0 0 1 -0.009 0 0.009 1 2780.dat
1 4 260 -91.35 149.19 0 0 -1 -1 -0.009 0 -0.009 1 0 3701.dat
1 0 280 -71.44 159.37 1 0 0 0 -0.009 -1 0 1 -0.009 3705.dat
1 7 245 -71.44 159.37 0 0 -1 -1 -0.009 0 -0.009 1 0 4265.dat
1 0 60 -96.72 79.136 0 0 -1 -0.009 1 0 1 0.009 0 3460.dat
1 0 60 -98.16 239.136 0 0 -1 -0.009 1 0 1 0.009 0 3460.dat
1 4 60 -122.52 278.92 0 0 -1 -0.009 1 0 1 0.009 0 3701.dat
1 4 60 -121.08 118.92 0 0 -1 -0.009 1 0 1 0.009 0 3895.dat
1 0 50 -111.44 159.01 1 0 0 0 1 -0.009 0 0.009 1 2780.dat
1 4 40 -91.35 149.19 0 0 -1 -1 -0.009 0 -0.009 1 0 3701.dat
1 0 20 -71.44 159.37 1 0 0 0 -0.009 -1 0 1 -0.009 3705.dat
1 7 55 -71.44 159.37 0 0 1 -1 0.009 0 -0.009 -1 0 4265.dat
1 7 315 -71.44 159.37 0 0 1 0.009 1 0 -1 0.009 0 4265.dat
1 7 -15 -71.44 159.37 0 0 -1 -0.009 1 0 1 0.009 0 4265.dat
1 0 150 -115.36 38.965 1 0 0 0 1 -0.009 0 0.009 1 2711.dat
1 0 150 -116.44 158.965 1 0 0 0 1 -0.009 0 0.009 1 2711.dat
1 7 110 -120.4455 48.42 1 0 0 0 0.009 1 0 -1 0.009 342.dat
1 7 110 -121.3545 149.42 1 0 0 0 -0.009 -1 0 1 -0.009 342.dat
1 7 190 -120.4455 48.42 1 0 0 0 0.009 1 0 -1 0.009 342.dat
1 7 190 -121.3545 149.42 1 0 0 0 -0.009 -1 0 1 -0.009 342.dat
1 7 190 -126.44 158.875 0 1 0 -1 0 -0.009 -0.009 0 1 4274.dat
1 7 110 -126.44 158.875 0 1 0 -1 0 -0.009 -0.009 0 1 4274.dat
1 7 110 -125.36 38.875 0 1 0 -1 0 -0.009 -0.009 0 1 4274.dat
1 7 190 -125.36 38.875 0 1 0 -1 0 -0.009 -0.009 0 1 4274.dat
1 0 150 -148.36 38.668 0 1 0 -1 0 -0.009 -0.009 0 1 3706.dat
1 7 150 -103.36 39.073 0 1 0 -0.009 0 1 1 0 0.009 4143.dat
1 7 150 -125.36 38.875 0 -1 0 0.009 0 1 -1 0 0.009 3713.dat
1 0 150 -143.36 38.713 1 0 0 0 1 -0.009 0 0.009 1 2711.dat
1 7 150 -153.36 38.623 0 -1 0 0.009 0 1 -1 0 0.009 3713.dat
1 7 150 -168.36 38.488 0 1 0 0.009 0 -1 -1 0 -0.009 4265.dat
1 7 70 -129.35 148.848 1 0 0 0 1 -0.009 0 0.009 1 3023.dat
1 7 70 -137.35 148.776 1 0 0 0 1 -0.009 0 0.009 1 3023.dat
1 7 230 -129.35 148.848 1 0 0 0 1 -0.009 0 0.009 1 3023.dat
1 7 230 -137.35 148.776 1 0 0 0 1 -0.009 0 0.009 1 3023.dat
1 7 150 -138.25 248.776 1 0 0 0 1 -0.009 0 0.009 1 3710.dat
1 7 60 -144.18 18.704 0 0 1 0.009 1 0 -1 0.009 0 3700.dat
1 7 240 -144.18 18.704 0 0 1 0.009 1 0 -1 0.009 0 3700.dat
1 7 60 -152.18 18.632 0 0 1 0.009 1 0 -1 0.009 0 3023.dat
1 7 240 -152.18 18.632 0 0 1 0.009 1 0 -1 0.009 0 3023.dat
1 7 150 -161.35 148.56 1 0 0 0 1 -0.009 0 0.009 1 2730.dat
1 7 150 -162.25 248.56 1 0 0 0 1 -0.009 0 0.009 1 3894.dat
1 7 110 -151.44 158.65 0 0 -1 -0.009 1 0 1 0.009 0 4274.dat
1 7 110 -152.34 258.65 0 0 -1 -0.009 1 0 1 0.009 0 4274.dat
1 0 150 -151.8 198.65 0 0 -1 -0.009 1 0 1 0.009 0 3707.dat
1 0 150 -152.0879 348.6486 0 -1 0 -0.012 0 1.000189 -1.000189 0 -0.012 4519.dat
1 7 150 -151.188 130.65 0 -1 0 -1 0 0.009 -0.009 0 -1 3650.dat
0 !LEOCAD SYNTH BEGIN
0 !LEOCAD SYNTH CONTROL_POINT 0 200 0 1 0 0 0 1 0 0 0 1 12
0 !LEOCAD SYNTH CONTROL_POINT 0 0 0 1 0 0 0 1 0 0 0 1 12
1 8 110 -150.918 100.65 0 0 -1 -1 -0.009 0 -0.009 1 0 76348.dat
0 !LEOCAD SYNTH END
1 7 230 -169.35 148.488 1 0 0 0 1 -0.009 0 0.009 1 3023.dat
1 7 70 -169.35 148.488 1 0 0 0 1 -0.009 0 0.009 1 3023.dat
1 7 150 -169.35 148.488 1 0 0 0 1 -0.009 0 0.009 1 3666.dat
1 7 110 -148.4455 48.168 1 0 0 0 0.009 1 0 -1 0.009 342.dat
1 7 110 -151.8874 349.1494 0 0 1 1 -0.009 0 0.009 1 0 342.dat
1 7 110 -153.36 38.623 0 1 0 -1 0 -0.009 -0.009 0 1 4274.dat
1 7 60 -176.18 18.416 0 0 -1 -0.009 1 0 1 0.009 0 3700.dat
1 7 240 -176.18 18.416 0 0 -1 -0.009 1 0 1 0.009 0 3700.dat
1 7 220 -177.35 148.416 1 0 0 0 1 -0.009 0 0.009 1 3623.dat
1 7 80 -177.35 148.416 1 0 0 0 1 -0.009 0 0.009 1 3623.dat
1 7 150 -183.36 38.353 1 0 0 0 0.009 1 0 -1 0.009 4019.dat
1 7 150 -170.16 238.488 1 0 0 0 1 -0.009 0 0.009 1 3709.dat
1 7 180 -178.16 238.416 0 0 1 0.009 1 0 -1 0.009 0 3023.dat
1 7 120 -178.16 238.416 0 0 1 0.009 1 0 -1 0.009 0 3023.dat
1 7 120 -202.16 238.2 0 0 1 0.009 1 0 -1 0.009 0 3700.dat
1 7 180 -202.16 238.2 0 0 1 0.009 1 0 -1 0.009 0 3700.dat
1 0 150 -157.1471 377.9644 1 0 0 0 0.258712 0.96575 0 -0.96575 0.258712 2906.dat
1 7 150 -151.9729 358.6494 1 0 0 0 0.258712 0.96575 0 -0.96575 0.258712 2908.dat
1 7 150 -151.9729 358.6494 1 0 0 0 -0.012579 1.000128 0 -1.000128 -0.012579 2907.dat
1 0 240 -159.2168 385.6904 1 0 0 0 0.258712 0.96575 0 -0.96575 0.258712 3666.dat
1 0 60 -159.2168 385.6904 1 0 0 0 0.258712 0.96575 0 -0.96575 0.258712 3666.dat
1 0 150 -246.1343 362.4063 0 0 -1 0.96575 0.258712 0 0.258712 -0.96575 0 3666.dat
1 0 150 -72.2993 408.9745 0 0 -1 0.96575 0.258712 0 0.258712 -0.96575 0 3666.dat
1 14 150 -296.4915 357.1967 0 0 -1 0.96575 0.258712 0 0.258712 -0.96575 0 3070.dat
1 14 290 -161.2865 393.4164 0 0 -1 0.96575 0.258712 0 0.258712 -0.96575 0 3070.dat
1 14 150 -26.0815 429.6361 0 0 -1 0.96575 0.258712 0 0.258712 -0.96575 0 3070.dat
1 14 10 -161.2865 393.4164 0 0 -1 0.96575 0.258712 0 0.258712 -0.96575 0 3070.dat
1 4 60 -199.82 -21.8 0 0 -1 -0.009 1 0 1 0.009 0 3895.dat
1 4 60 -201.44 158.2 0 0 -1 -0.009 1 0 1 0.009 0 3894.dat
1 4 60 -178.07 228.416 0 0 -1 -0.009 1 0 1 0.009 0 3623.dat
1 0 70 -188.92 -121.71 1 0 0 0 1 -0.009 0 0.009 1 2780.dat
1 0 70 -190.54 58.29 1 0 0 0 1 -0.009 0 0.009 1 2780.dat
1 0 70 -190.72 78.29 1 0 0 0 1 -0.009 0 0.009 1 2780.dat
1 0 70 -191.08 118.29 1 0 0 0 1 -0.009 0 0.009 1 2780.dat
1 0 70 -191.26 138.29 1 0 0 0 1 -0.009 0 0.009 1 2780.dat
1 4 80 -163.3492 -176.9044 0 0 -1 -0.563479 0.825996 0 0.825996 0.563479 0 3702.dat
1 4 60 -202.34 258.2 0 0 -1 -0.009 1 0 1 0.009 0 2743.dat
1 4 60 -209.89 208.128 0 0 -1 -0.009 1 0 1 0.009 0 3623.dat
1 4 80 -200.9 98.2 0 0 -1 -0.009 1 0 1 0.009 0 3894.dat
1 4 240 -199.82 -21.8 0 0 -1 -0.009 1 0 1 0.009 0 3895.dat
1 4 240 -201.44 158.2 0 0 -1 -0.009 1 0 1 0.009 0 3894.dat
1 4 240 -178.07 228.416 0 0 -1 -0.009 1 0 1 0.009 0 3623.dat
1 0 230 -188.92 -121.71 1 0 0 0 1 -0.009 0 0.009 1 2780.dat
1 0 230 -190.54 58.29 1 0 0 0 1 -0.009 0 0.009 1 2780.dat
1 0 230 -190.72 78.29 1 0 0 0 1 -0.009 0 0.009 1 2780.dat
1 0 230 -191.08 118.29 1 0 0 0 1 -0.009 0 0.009 1 2780.dat
1 0 230 -191.26 138.29 1 0 0 0 1 -0.009 0 0.009 1 2780.dat
1 4 220 -163.3492 -176.9044 0 0 -1 -0.563479 0.825996 0 0.825996 0.563479 0 3702.dat
1 4 240 -202.34 258.2 0 0 -1 -0.009 1 0 1 0.009 0 2743.dat
1 4 240 -209.89 208.128 0 0 -1 -0.009 1 0 1 0.009 0 3623.dat
1 4 220 -200.9 98.2 0 0 -1 -0.009 1 0 1 0.009 0 3894.dat
1 0 150 -191.4519 288.2874 -1 0 0 0 1.000207 -0.014 0 -0.014 -1.000207 2738.dat
1 0 150 -192.16 238.29 -1 0 0 0 1 0.009 0 0.009 -1 3708.dat
1 0 150 -112.7 299.01 -1 0 0 0 1 0.009 0 0.009 -1 3708.dat
1 4 150 -210.25 248.128 -1 0 0 0 1 0.009 0 0.009 -1 4477.dat
1 4 150 -209.53 168.128 -1 0 0 0 1 0.009 0 0.009 -1 4477.dat
1 4 150 -207.19 -91.872 -1 0 0 0 1 0.009 0 0.009 -1 4477.dat
1 7 150 -218.25 248.056 1 0 0 0 1 -0.009 0 0.009 1 3710.dat
1 7 150 -217.53 168.056 1 0 0 0 1 -0.009 0 0.009 1 3710.dat
1 0 60 -121.2606 -220.8231 -1 0 0 0 1 0.009 0 0.009 -1 3705.dat
1 7 25 -121.2606 -220.8231 0 0 -1 -0.009 1 0 1 0.009 0 4265.dat
1 7 95 -121.2606 -220.8231 0 0 1 0.009 1 0 -1 0.009 0 4265.dat
1 0 240 -121.2606 -220.8231 -1 0 0 0 1 0.009 0 0.009 -1 3705.dat
1 7 205 -121.2606 -220.8231 0 0 -1 -0.009 1 0 1 0.009 0 4265.dat
1 7 275 -121.2606 -220.8231 0 0 1 0.009 1 0 -1 0.009 0 4265.dat
1 0 150 -76.1062 -373.3571 1 0 0 0 0.958525 -0.283649 0 0.283649 0.958525 3708.dat
1 4 150 -85.6915 -376.1936 1 0 0 0 0.958525 -0.283649 0 0.283649 0.958525 2817.dat
1 4 240 -108.3834 -299.5116 0 0 1 0.283649 0.958525 0 -0.958525 0.283649 0 2730.dat
1 4 60 -108.3834 -299.5116 0 0 1 0.283649 0.958525 0 -0.958525 0.283649 0 2730.dat
1 7 75 -76.1062 -373.3571 0 0 1 0.283649 0.958525 0 -0.958525 0.283649 0 4265.dat
1 7 225 -76.1062 -373.3571 0 0 -1 -0.283649 0.958525 0 0.958525 0.283649 0 4265.dat
1 7 263 -192.16 238.29 0 0 1 -1 0.009 0 -0.009 -1 0 4265.dat
1 4 258 -152.43 268.65 0 -1 0 0.7946 0 -0.6072 0.6072 0 0.7946 4262.dat
1 7 263 -112.7 299.01 0 0 1 -1 0.009 0 -0.009 -1 0 4265.dat
1 7 37 -112.7 299.01 0 0 -1 -1 -0.009 0 -0.009 1 0 4265.dat
1 4 42 -152.43 268.65 0 1 0 0.7946 0 0.6072 0.6072 0 -0.7946 4262.dat
1 7 37 -192.16 238.29 0 0 -1 -1 -0.009 0 -0.009 1 0 4265.dat
1 4 150 -200.9 98.2 -1 0 0 0 1 0.009 0 0.009 -1 3709.dat
1 4 150 -208.9 98.128 -1 0 0 0 1 0.009 0 0.009 -1 3738.dat
1 7 260 -110.1695 -258.2884 0 0 -1 -0.009 1 0 1 0.009 0 3713.dat
1 0 150 -110.1695 -258.2884 1 0 0 0 1 -0.009 0 0.009 1 3708.dat
1 4 150 -108.0993 -215.9583 -1 0 0 0 0.958525 0.283649 0 0.283649 -0.958525 3709.dat
1 4 150 -118.604 -208.6422 1 0 0 0 0.958525 -0.283649 0 0.283649 0.958525 3023.dat
1 4 150 -126.2722 -210.9114 -1 0 0 0 0.958525 0.283649 0 0.283649 -0.958525 2436.dat
1 4 180 -125.4309 -241.9364 0 0 -1 -0.283649 0.958525 0 0.958525 0.283649 0 3701.dat
1 4 120 -125.4309 -241.9364 0 0 -1 -0.283649 0.958525 0 0.958525 0.283649 0 3701.dat
1 4 160 -139.6134 -194.0101 0 0 1 0.283649 0.958525 0 -0.958525 0.283649 0 2420.dat
1 4 140 -139.6134 -194.0101 -1 0 0 0 0.958525 0.283649 0 0.283649 -0.958525 2420.dat
1 4 150 -147.2816 -196.2793 -1 0 0 0 0.958525 0.283649 0 0.283649 -0.958525 3666.dat
1 4 150 -118.9167 -292.1318 1 0 0 0 0.958525 -0.283649 0 0.283649 0.958525 2413.dat
1 4 150 -113.342 -184.1509 1 0 0 0 0.283649 0.958525 0 -0.958525 0.283649 3795.dat
1 0 150 -115.6111 -176.4827 1 0 0 0 0.283649 0.958525 0 -0.958525 0.283649 3022.dat
1 0 190 -115.6111 -176.4827 1 0 0 0 0.283649 0.958525 0 -0.958525 0.283649 3068.dat
1 0 110 -115.6111 -176.4827 1 0 0 0 0.283649 0.958525 0 -0.958525 0.283649 3068.dat
1 34 60 -215.19 -91.944 1 0 0 0 1 -0.009 0 0.009 1 6141.dat
1 36 240 -215.19 -91.944 1 0 0 0 1 -0.009 0 0.009 1 6141.dat
1 4 150 -200.18 18.2 0 0 -1 -0.009 1 0 1 0.009 0 3709.dat
1 4 150 -208.36 38.128 1 0 0 0 1 -0.009 0 0.009 1 3738.dat
1 4 150 -215.82 -21.944 0 0 1 0.009 1 0 -1 0.009 0 3738.dat
1 0 150 -212 -1.908 0 0.195 0.981 -1 0.008829 -0.001755 -0.009 -0.981 0.195 3705.dat
1 7 150 -182 -1.638 0.981 0.195 0 -0.001755 0.008829 1 0.195 -0.981 0.009 4019.dat
1 7 150 -225 -2.025 -0.981 0.195 0 0.001755 0.008829 -1 -0.195 -0.981 -0.009 4265.dat
1 7 150 -233 -2.097 0.981 0.195 0 -0.001755 0.008829 1 0.195 -0.981 0.009 4265.dat
1 4 150 14.9649 -253.7679 1 0 0 0 -0.834031 -0.551539 0 0.551539 -0.834031 3460.dat
1 4 210 21.6372 -258.1802 1 0 0 0 -0.834031 -0.551539 0 0.551539 -0.834031 3666.dat
1 4 90 21.6372 -258.1802 1 0 0 0 -0.834031 -0.551539 0 0.551539 -0.834031 3666.dat
1 4 150 -90.5281 -388.0561 1 0 0 0 0.958525 -0.283649 0 0.283649 0.958525 4477.dat
1 7 40 -110.1695 -258.2884 0 0 1 0.009 1 0 -1 0.009 0 3713.dat
1 7 150 -256 -2.304 0.195 0 0.981 0.008829 1 -0.001755 -0.981 0.009 0.195 3960.dat
1 7 150 -233.8 197.912 1 0 0 0 1 -0.009 0 0.009 1 2876.dat
1 7 120 -258.34 257.696 0 0 1 0.009 1 0 -1 0.009 0 2744.dat
1 7 180 -258.34 257.696 0 0 1 0.009 1 0 -1 0.009 0 2744.dat
1 7 150 -266.52 277.624 -1 0 0 0 1 0.009 0 0.009 -1 3738.dat
1 7 0 -131.24 358.848 0 1 0 -1 0 -0.009 -0.009 0 1 32005.dat
