0 Main
0 Name: 1916-1 - Starion Patrol.mpd
0 Author: LTRON
1 7 0 0 0 1 0 0 0 1 0 0 0 1 4032.dat
1 4 0 -8 40 0 0 -1 0 1 0 1 0 0 3795.dat
1 7 0 0 70 1 0 0 0 1 0 0 0 1 2419.dat
1 0 0 -16 10 1 0 0 0 1 0 0 0 1 3023.dat
1 0 -10 -16 40 0 0 1 0 1 0 -1 0 0 2540.dat
1 0 10 -16 40 0 0 -1 0 1 0 1 0 0 2540.dat
1 7 0 -16 -20 1 0 0 0 1 0 0 0 1 4859.dat
1 7 0 -24 50 1 0 0 0 1 0 0 0 1 2412.dat
1 7 -58.284 -42.284 52 0.7071 0 -0.7071 -0.7071 0 -0.7071 0 1 0 4588.dat
1 0 -58.284 -42.284 36 0.7071 0 -0.7071 -0.7071 0 -0.7071 0 1 0 4735.dat
1 4 -58.284 -42.284 12 0.7071 0 -0.7071 -0.7071 0 -0.7071 0 1 0 4589.dat
1 7 58.284 -42.284 52 0.7071 0 0.7071 0.7071 0 -0.7071 0 1 0 4588.dat
1 0 58.284 -42.284 36 0.7071 0 0.7071 0.7071 0 -0.7071 0 1 0 4735.dat
1 4 58.284 -42.284 12 0.7071 0 0.7071 0.7071 0 -0.7071 0 1 0 4589.dat
1 0 0 -24 0 1 0 0 0 1 0 0 0 1 3068.dat
1 7 -10 -24 30 0.866 0.25 -0.433 0 0.866 0.5 0.5 -0.433 0.75 4593.dat
1 7 10 -24 30 0.9659 -0.1294 0.2241 0 0.866 0.5 -0.2588 -0.483 0.8365 4593.dat
1 7 -10 -24 30 0.866 0 -0.5 0 1 0 0.5 0 0.866 4592.dat
1 7 10 -24 30 0.9659 0 0.2588 0 1 0 -0.2588 0 0.9659 4592.dat
