0 
0 Name: New Model.ldr
0 Author: 
1 14 -10 -139 245 0 0 1 -0.156 0.988 0 -0.988 -0.156 0 3701.dat
1 14 10 -139 245 0 0 1 -0.156 0.988 0 -0.988 -0.156 0 3701.dat
1 7 20 -132.24 223.68 1 0 0 0 0.988 0.156 0 -0.156 0.988 3673.dat
1 7 -20 -132.24 223.68 -1 0 0 0 -0.988 0.156 0 0.156 0.988 3673.dat
1 0 -30 -126 263.2 -1 0 0 0 -0.988 0.156 0 0.156 0.988 6558.dat
1 0 0 -146.904 246.248 0 0 -1 0.156 0.988 0 0.988 -0.156 0 3709.dat
1 14 0 -150.128 277.136 1 0 0 0 0.988 0.156 0 -0.156 0.988 3023.dat
1 14 0 -156.368 237.616 1 0 0 0 0.988 0.156 0 -0.156 0.988 3023.dat
1 0 0 -162.712 248.744 0 0 -1 0.156 0.988 0 0.988 -0.156 0 3709.dat
1 0 0 -183.304 272.248 1 0 0 0 0.988 0.156 0 -0.156 0.988 2904.dat
1 0 0 -196.2737 194.7688 0 0 1 0.909636 0.415012 0 -0.415012 0.909636 0 4519.dat
1 7 0 -204.578 176.5697 -1 0 0 0 0.415012 0.909636 0 0.909636 -0.415012 6536.dat
1 0 0 -204.578 176.5697 -1 0 0 0 0.415012 0.909636 0 0.909636 -0.415012 3706.dat
1 14 0 -184.968 313.016 0 0 1 -0.156 0.988 0 -0.988 -0.156 0 3795.dat
1 14 0 -194.432 304.384 -1 0 0 0 0.988 -0.156 0 -0.156 -0.988 3023.dat
1 14 0 -186.632 353.784 0 0 -1 0.156 0.988 0 0.988 -0.156 0 3709.dat
1 0 0 -197.656 335.272 0 0 -1 0.156 0.988 0 0.988 -0.156 0 3709.dat
1 14 -20 -204.578 176.5697 0 -1 0 0.415012 0 -0.909636 0.909636 0 0.415012 2825.dat
1 0 -10 -218.04 257.48 0 0 1 -0.156 0.988 0 -0.988 -0.156 0 2743.dat
1 0 10 -218.04 257.48 0 0 1 -0.156 0.988 0 -0.988 -0.156 0 2743.dat
1 0 20 -205.04 275.68 -1 0 0 0 0.988 -0.156 0 -0.156 -0.988 2780.dat
1 0 -20 -205.04 275.68 -1 0 0 0 0.988 -0.156 0 -0.156 -0.988 2780.dat
1 14 20 -204.578 176.5697 0 1 0 -0.415012 0 -0.909636 -0.909636 0 0.415012 2825.dat
1 7 0 -259.1765 201.4827 0 0 -1 0.909636 -0.415012 0 -0.415012 -0.909636 0 6538.dat
1 0 -30 -259.1765 201.4827 1 0 0 0 -0.415012 0.909636 0 -0.909636 -0.415012 4519.dat
1 0 30 -259.1765 201.4827 1 0 0 0 -0.415012 0.909636 0 -0.909636 -0.415012 4519.dat
1 0 -40 -165.52 269.44 1 0 0 0 0.988 0.156 0 -0.156 0.988 2780.dat
1 0 -30 -167.08 259.56 0 0 -1 -0.988 0.156 0 0.156 0.988 0 3894.dat
1 0 40 -165.52 269.44 -1 0 0 0 -0.988 0.156 0 0.156 0.988 2780.dat
1 0 30 -167.08 259.56 0 0 1 0.988 0.156 0 -0.156 0.988 0 3894.dat
1 14 -50 -129.64 304.28 0 0 1 -0.156 0.988 0 -0.988 -0.156 0 3894.dat
1 0 -50 -140.664 285.768 0 0 1 -0.156 0.988 0 -0.988 -0.156 0 3710.dat
1 14 -50 -150.128 277.136 0 0 1 -0.156 0.988 0 -0.988 -0.156 0 3623.dat
1 0 -50 -175.4 271 0 0 1 -0.156 0.988 0 -0.988 -0.156 0 3700.dat
1 14 50 -129.64 304.28 0 0 1 -0.156 0.988 0 -0.988 -0.156 0 3894.dat
1 0 50 -140.664 285.768 0 0 1 -0.156 0.988 0 -0.988 -0.156 0 3710.dat
1 14 50 -150.128 277.136 0 0 1 -0.156 0.988 0 -0.988 -0.156 0 3623.dat
1 0 50 -175.4 271 0 0 1 -0.156 0.988 0 -0.988 -0.156 0 3700.dat
1 15 -1 -113.52 342.24 0 0 1 -0.156 0.988 0 -0.988 -0.156 0 6580.dat
1 0 -1 -113.52 342.24 0 0 1 -0.156 0.988 0 -0.988 -0.156 0 6579.dat
1 0 -47 -159.0787 155.8082 0 1 0 -0.909636 0 0.415012 0.415012 0 0.909636 4262.dat
1 0 47 -159.0787 155.8082 0 -1 0 -0.909636 0 -0.415012 0.415012 0 -0.909636 4262.dat
1 15 0 -113.5794 135.0467 0 0 1 0.415012 -0.909636 0 0.909636 0.415012 0 6580.dat
1 0 0 -113.5794 135.0467 0 0 1 0.415012 -0.909636 0 0.909636 0.415012 0 6579.dat
