0 Main
0 Name: 6553-1 - Crisis News Crew.mpd
0 Author: LTRON
1 15 352.32 -56 80.62 -0.866 0 -0.5 0 1 0 0.5 0 -0.866 4855.dat
1 15 302.32 -56 -5.98 0.866 0 0.5 0 1 0 -0.5 0 0.866 4855.dat
1 15 327.32 -56 37.32 0.5 0 -0.866 0 1 0 0.866 0 0.5 4854.dat
1 4 327.32 -48 37.32 0.5 0 -0.866 0 1 0 0.866 0 0.5 3795.dat
1 7 352.32 -56 80.62 0.5 0 -0.866 0 1 0 0.866 0 0.5 3021.dat
1 7 302.32 -72 -5.98 -0.866 0 -0.5 0 1 0 0.5 0 -0.866 3039.dat
1 0 291.34 -64 35 -0.5 0 0.866 0 1 0 -0.866 0 -0.5 30043.dat
1 0 343.3 -64 5 0.5 0 -0.866 0 1 0 0.866 0 0.5 30043.dat
1 0 330 -64 81.96 -0.866 0 -0.5 0 1 0 0.5 0 -0.866 3795.dat
1 0 277.32 -64 -49.28 0.866 0 0.5 0 1 0 -0.5 0 0.866 4859.dat
1 0 382.32 -80 132.58 0.866 0 0.5 0 1 0 -0.5 0 0.866 4856.dat
1 4 302.32 -80 -5.98 0.866 0 0.5 0 1 0 -0.5 0 0.866 3023.dat
1 16 302.32 -88 -5.98 0.866 0 0.5 0 1 0 -0.5 0 0.866 3023.dat
1 16 373.3 -72 56.96 -0.5 0 0.866 0 1 0 -0.866 0 -0.5 3023.dat
1 16 321.34 -72 86.96 -0.5 0 0.866 0 1 0 -0.866 0 -0.5 3023.dat
1 15 357.32 -72 89.28 -0.5 0 0.866 0 1 0 -0.866 0 -0.5 3020.dat
1 15 412.32 -88 184.54 0.866 0 0.5 0 1 0 -0.5 0 0.866 3794.dat
1 15 412.32 -112 184.54 -0.866 0 -0.5 0 1 0 0.5 0 -0.866 3665.dat
1 15 457.32 -120 262.48 0.5 0 -0.866 0 1 0 0.866 0 0.5 4477.dat
1 16 382.32 -104 132.58 -0.866 0 -0.5 0 1 0 0.5 0 -0.866 2399.dat
1 16 302.32 -88 -5.98 0.866 0 0.5 0 1 0 -0.5 0 0.866 4858.dat
1 4 505.98 -136 326.76 -0.866 0 -0.5 0 1 0 0.5 0 -0.866 4488.dat
1 16 382.32 -128 132.58 -0.866 0 -0.5 0 1 0 0.5 0 -0.866 2399.dat
1 16 338.3 -88 -3.66 0.866 0 0.5 0 1 0 -0.5 0 0.866 3822.dat
1 16 286.34 -88 26.34 0.866 0 0.5 0 1 0 -0.5 0 0.866 3821.dat
1 16 373.3 -120 56.96 0.5 0 -0.866 0 1 0 0.866 0 0.5 4864.dat
1 16 321.34 -120 86.96 -0.5 0 0.866 0 1 0 -0.866 0 -0.5 4864.dat
1 0 397.32 -128 158.56 -0.866 0 -0.5 0 1 0 0.5 0 -0.866 3176.dat
1 4 502.32 -160 340.42 0.866 0 0.5 0 1 0 -0.5 0 0.866 3040.dat
1 16 347.32 -128 71.96 0.866 0 0.5 0 1 0 -0.5 0 0.866 3020.dat
1 41 393.3 -128 91.6 -0.5 0 0.866 0 1 0 -0.866 0 -0.5 4864.dat
1 41 341.34 -128 121.6 0.5 0 -0.866 0 1 0 0.866 0 0.5 4864.dat
1 41 312.32 -136 11.34 0.866 0 0.5 0 1 0 -0.5 0 0.866 3823.dat
1 7 302.32 -32 -5.98 0.866 0 0.5 0 1 0 -0.5 0 0.866 6140.dat
1 7 312.32 -32 11.34 0.866 0 0.5 0 1 0 -0.5 0 0.866 6140.dat
1 7 342.32 -32 63.3 0.866 0 0.5 0 1 0 -0.5 0 0.866 6140.dat
1 7 370.62 -8 12.32 -0.5 0 0.866 0 1 0 -0.866 0 -0.5 3460.dat
1 7 284.02 -8 62.32 -0.5 0 0.866 0 1 0 -0.866 0 -0.5 3460.dat
1 0 289.02 -24 70.98 -0.5 0 0.866 0 1 0 -0.866 0 -0.5 4735.dat
1 15 407.32 -136 175.88 -0.866 0 -0.5 0 1 0 0.5 0 -0.866 4859.dat
1 15 377.32 -136 123.92 0.866 0 0.5 0 1 0 -0.5 0 0.866 3020.dat
1 15 357.32 -136 89.28 0.866 0 0.5 0 1 0 -0.5 0 0.866 3020.dat
1 15 342.32 -136 63.3 0.866 0 0.5 0 1 0 -0.5 0 0.866 4625.dat
1 36 502.32 -168 340.42 0.866 0 0.5 0 1 0 -0.5 0 0.866 6141.dat
1 0 480 -131 341.76 -0.5 0.866 0 0 0 -1 -0.866 -0.5 0 2421.dat
1 36 289.02 -36 70.98 -0.5 0 0.866 0 1 0 -0.866 0 -0.5 6141.dat
1 36 378.3 -144 65.62 0.866 0 0.5 0 1 0 -0.5 0 0.866 6141.dat
1 34 326.34 -144 95.62 0.866 0 0.5 0 1 0 -0.5 0 0.866 6141.dat
1 15 327.32 -144 37.32 0.866 0 0.5 0 1 0 -0.5 0 0.866 4213.dat
1 15 367.32 -160 106.6 0.866 0 0.5 0 1 0 -0.5 0 0.866 4729.dat
1 15 382.32 -160 132.58 -0.866 0 -0.5 0 1 0 0.5 0 -0.866 3298.dat
1 0 289.02 -60 70.98 -0.5 0 0.866 0 1 0 -0.866 0 -0.5 3062.dat
1 15 352.32 -160 80.62 0.866 0 0.5 0 1 0 -0.5 0 0.866 2877.dat
1 0 367.32 -188 106.6 0.866 0 0.5 0 1 0 -0.5 0 0.866 2479.dat
1 0 272.06 -196 161.6 0.866 0 0.5 0 1 0 -0.5 0 0.866 4477.dat
1 0 462.58 -196 51.6 0.866 0 0.5 0 1 0 -0.5 0 0.866 4477.dat
1 0 285.36 -68 84.64 -0.5 0 0.866 0 1 0 -0.866 0 -0.5 3022.dat
1 4 359.352 -49 -11.196 0.866 -0.5 0 0 0 1 -0.5 -0.866 0 2555.dat
1 4 270.154 -49 40.304 0.866 -0.5 0 0 0 1 -0.5 -0.866 0 2555.dat
1 46 355.352 -49 -18.124 0.866 -0.5 0 0 0 1 -0.5 -0.866 0 3024.dat
1 46 266.154 -49 33.376 0.866 -0.5 0 0 0 1 -0.5 -0.866 0 3024.dat
1 0 367.32 -204 106.6 0.866 0 0.5 0 1 0 -0.5 0 0.866 3623.dat
1 16 372.1089 -106 178.8895 -0.743094 0.669066 0 0 0 -1 -0.669066 -0.743094 0 4106981a.dat
1 16 427.5329 -106 146.8895 0.190684 -0.982236 0 0 0 -1 0.982236 0.190684 0 4106981a.dat
