0 Main
0 Name: 7722-1 - Steam Cargo Train%2C batter_bS2Hapb.mpd
0 Author: LTRON
1 16 420 -164 80 -1 0 0 0 1 0 0 0 -1 3443.dat
1 494 418 -29 150 -1 0 0 0 0 -1 0 -1 0 944.dat
1 494 418 -29 10 -1 0 0 0 0 -1 0 -1 0 944.dat
1 0 369 -29 10 0 0 1 0 1 0 -1 0 0 243.dat
1 0 369 -29 150 0 0 1 0 1 0 -1 0 0 243.dat
1 0 471 -29 150 0 0 -1 0 1 0 1 0 0 243.dat
1 0 471 -29 10 0 0 -1 0 1 0 1 0 0 243.dat
1 4 420 -33 124 -1 0 0 0 1 0 0 0 -1 943.dat
1 4 420 -36 80 0 0 1 0 1 0 -1 0 0 942.dat
1 0 420 -30 180 0 0 -1 0 1 0 1 0 0 735.dat
1 0 420 -30 -20 0 0 1 0 1 0 -1 0 0 735.dat
1 7 420 -180 80 -1 0 0 0 1 0 0 0 -1 699.dat
1 0 470 -60 180 -1 0 0 0 1 0 0 0 -1 3488.dat
1 0 370 -60 180 -1 0 0 0 1 0 0 0 -1 3488.dat
1 0 370 -60 -20 1 0 0 0 1 0 0 0 1 3488.dat
1 0 470 -60 -20 1 0 0 0 1 0 0 0 1 3488.dat
1 7 470 -180 20 0 0 -1 0 1 0 1 0 0 3666.dat
1 7 420 -180 -50 -1 0 0 0 1 0 0 0 -1 3666.dat
1 7 420 -180 210 -1 0 0 0 1 0 0 0 -1 3666.dat
1 7 470 -180 140 0 0 -1 0 1 0 1 0 0 3666.dat
1 7 370 -180 20 0 0 -1 0 1 0 1 0 0 3666.dat
1 7 370 -180 140 0 0 -1 0 1 0 1 0 0 3666.dat
1 7 420 -204 0 0 0 -1 0 1 0 1 0 0 4509.dat
1 7 420 -204 160 0 0 -1 0 1 0 1 0 0 4509.dat
1 7 410 -204 80 0 0 1 0 1 0 -1 0 0 3298.dat
1 7 430 -204 80 0 0 -1 0 1 0 1 0 0 3298.dat
1 7 420 -212 0 0 0 -1 0 1 0 1 0 0 3068.dat
1 7 420 -212 160 0 0 -1 0 1 0 1 0 0 3068.dat
1 0 410 -72 -270 0 0 1 0 1 0 -1 0 0 3027.dat
1 0 410 -64 -270 0 0 1 0 1 0 -1 0 0 3832.dat
1 0 370 -64 -240 1 0 0 0 1 0 0 0 1 3023.dat
1 0 370 -64 -300 1 0 0 0 1 0 0 0 1 3023.dat
1 0 450 -64 -240 1 0 0 0 1 0 0 0 1 3023.dat
1 0 450 -64 -300 1 0 0 0 1 0 0 0 1 3023.dat
1 0 410 -64 -390 1 0 0 0 1 0 0 0 1 4022.dat
1 0 410 -64 -150 -1 0 0 0 1 0 0 0 -1 4022.dat
1 0 360 -56 -270 0 0 1 0 1 0 -1 0 0 3666.dat
1 0 460 -56 -270 0 0 1 0 1 0 -1 0 0 3666.dat
1 0 410 -56 -190 0 0 1 0 1 0 -1 0 0 3795.dat
1 0 410 -56 -350 0 0 1 0 1 0 -1 0 0 3795.dat
1 0 410 -48 -370 0 0 1 0 1 0 -1 0 0 3022.dat
1 0 410 -48 -170 0 0 1 0 1 0 -1 0 0 3022.dat
1 0 380 -64 -180 1 0 0 0 1 0 0 0 1 3665.dat
1 0 440 -64 -180 1 0 0 0 1 0 0 0 1 3665.dat
1 0 440 -64 -160 -1 0 0 0 1 0 0 0 -1 3665.dat
1 0 380 -64 -160 -1 0 0 0 1 0 0 0 -1 3665.dat
1 0 380 -64 -380 1 0 0 0 1 0 0 0 1 3665.dat
1 0 440 -64 -380 1 0 0 0 1 0 0 0 1 3665.dat
1 0 440 -64 -360 -1 0 0 0 1 0 0 0 -1 3665.dat
1 0 380 -64 -360 -1 0 0 0 1 0 0 0 -1 3665.dat
1 0 410 -48 -300 1 0 0 0 1 0 0 0 1 3666.dat
1 0 410 -48 -240 1 0 0 0 1 0 0 0 1 3666.dat
1 0 410 -40 -370 1 0 0 0 1 0 0 0 1 4180.dat
1 0 410 -40 -170 1 0 0 0 1 0 0 0 1 4180.dat
1 16 460 -96 -120 0 0 1 0 1 0 -1 0 0 4589.dat
1 16 360 -96 -120 0 0 1 0 1 0 -1 0 0 4589.dat
1 16 410 -96 -120 -1 0 0 0 1 0 0 0 -1 3633.dat
1 16 460 -96 -240 0 0 1 0 1 0 -1 0 0 4589.dat
1 16 360 -96 -240 0 0 1 0 1 0 -1 0 0 4589.dat
1 16 410 -96 -240 1 0 0 0 1 0 0 0 1 3633.dat
1 16 460 -96 -420 0 0 1 0 1 0 -1 0 0 4589.dat
1 16 360 -96 -420 0 0 1 0 1 0 -1 0 0 4589.dat
1 16 410 -96 -420 1 0 0 0 1 0 0 0 1 3633.dat
1 16 460 -96 -300 0 0 1 0 1 0 -1 0 0 4589.dat
1 16 360 -96 -300 0 0 1 0 1 0 -1 0 0 4589.dat
1 16 410 -96 -300 -1 0 0 0 1 0 0 0 -1 3633.dat
1 16 410 -88 -230 -1 0 0 0 1 0 0 0 -1 3710.dat
1 16 410 -88 -130 -1 0 0 0 1 0 0 0 -1 3710.dat
1 16 410 -96 -180 0 0 1 0 1 0 -1 0 0 3032.dat
1 14 390 -120 -140 0 0 1 0 1 0 -1 0 0 3941.dat
1 14 430 -120 -140 0 0 1 0 1 0 -1 0 0 3941.dat
1 14 390 -120 -220 0 0 1 0 1 0 -1 0 0 3941.dat
1 14 430 -120 -220 0 0 1 0 1 0 -1 0 0 3941.dat
1 14 390 -120 -180 0 0 1 0 1 0 -1 0 0 3941.dat
1 14 430 -120 -180 0 0 1 0 1 0 -1 0 0 3941.dat
1 4 430 -128 -180 0 0 1 0 1 0 -1 0 0 4032.dat
1 4 390 -128 -180 0 0 1 0 1 0 -1 0 0 4032.dat
1 4 430 -128 -220 0 0 1 0 1 0 -1 0 0 4032.dat
1 4 390 -128 -220 0 0 1 0 1 0 -1 0 0 4032.dat
1 4 430 -128 -140 0 0 1 0 1 0 -1 0 0 4032.dat
1 4 390 -128 -140 0 0 1 0 1 0 -1 0 0 4032.dat
1 15 430 -152 -180 0 0 1 0 1 0 -1 0 0 3941.dat
1 15 390 -152 -180 0 0 1 0 1 0 -1 0 0 3941.dat
1 15 430 -152 -220 0 0 1 0 1 0 -1 0 0 3941.dat
1 15 390 -152 -220 0 0 1 0 1 0 -1 0 0 3941.dat
1 15 430 -152 -140 0 0 1 0 1 0 -1 0 0 3941.dat
1 15 390 -152 -140 0 0 1 0 1 0 -1 0 0 3941.dat
1 16 410 -88 -410 -1 0 0 0 1 0 0 0 -1 3710.dat
1 16 410 -88 -310 -1 0 0 0 1 0 0 0 -1 3710.dat
1 16 410 -96 -360 0 0 1 0 1 0 -1 0 0 3032.dat
1 14 390 -120 -320 0 0 1 0 1 0 -1 0 0 3941.dat
1 14 430 -120 -320 0 0 1 0 1 0 -1 0 0 3941.dat
1 14 390 -120 -400 0 0 1 0 1 0 -1 0 0 3941.dat
1 14 430 -120 -400 0 0 1 0 1 0 -1 0 0 3941.dat
1 14 390 -120 -360 0 0 1 0 1 0 -1 0 0 3941.dat
1 14 430 -120 -360 0 0 1 0 1 0 -1 0 0 3941.dat
1 4 430 -128 -360 0 0 1 0 1 0 -1 0 0 4032.dat
1 4 390 -128 -360 0 0 1 0 1 0 -1 0 0 4032.dat
1 4 430 -128 -400 0 0 1 0 1 0 -1 0 0 4032.dat
1 4 390 -128 -400 0 0 1 0 1 0 -1 0 0 4032.dat
1 4 430 -128 -320 0 0 1 0 1 0 -1 0 0 4032.dat
1 4 390 -128 -320 0 0 1 0 1 0 -1 0 0 4032.dat
1 15 430 -152 -360 0 0 1 0 1 0 -1 0 0 3941.dat
1 15 390 -152 -360 0 0 1 0 1 0 -1 0 0 3941.dat
1 15 430 -152 -400 0 0 1 0 1 0 -1 0 0 3941.dat
1 15 390 -152 -400 0 0 1 0 1 0 -1 0 0 3941.dat
1 15 430 -152 -320 0 0 1 0 1 0 -1 0 0 3941.dat
1 15 390 -152 -320 0 0 1 0 1 0 -1 0 0 3941.dat
1 0 439.849 -72 -657 0.122 0 1 0 1 0 -0.993 0 0.122 3027.dat
1 0 439.849 -64 -657 0.122 0 1 0 1 0 -0.993 0 0.122 3832.dat
1 0 454.489 -64 -776.16 1 0 -0.122 0 1 0 0.122 0 0.993 4022.dat
1 0 425.209 -64 -537.84 -1 0 0.122 0 1 0 -0.122 0 -0.993 4022.dat
1 0 430.089 -56 -577.56 0.122 0 1 0 1 0 -0.993 0 0.122 3795.dat
1 0 449.609 -56 -736.44 0.122 0 1 0 1 0 -0.993 0 0.122 3795.dat
1 0 452.049 -48 -756.3 0.122 0 1 0 1 0 -0.993 0 0.122 3022.dat
1 0 427.649 -48 -557.7 0.122 0 1 0 1 0 -0.993 0 0.122 3022.dat
1 0 398.869 -64 -571.29 1 0 -0.122 0 1 0 0.122 0 0.993 3665.dat
1 0 458.869 -64 -563.97 1 0 -0.122 0 1 0 0.122 0 0.993 3665.dat
1 0 456.429 -64 -544.11 -1 0 0.122 0 1 0 -0.122 0 -0.993 3665.dat
1 0 396.429 -64 -551.43 -1 0 0.122 0 1 0 -0.122 0 -0.993 3665.dat
1 0 423.269 -64 -769.89 1 0 -0.122 0 1 0 0.122 0 0.993 3665.dat
1 0 483.269 -64 -762.57 1 0 -0.122 0 1 0 0.122 0 0.993 3665.dat
1 0 480.829 -64 -742.71 -1 0 0.122 0 1 0 -0.122 0 -0.993 3665.dat
1 0 420.829 -64 -750.03 -1 0 0.122 0 1 0 -0.122 0 -0.993 3665.dat
1 0 443.509 -48 -686.79 1 0 -0.122 0 1 0 0.122 0 0.993 3023.dat
1 0 436.189 -48 -627.21 1 0 -0.122 0 1 0 0.122 0 0.993 3023.dat
1 0 412.289 -64 -680.52 0.122 0 1 0 1 0 -0.993 0 0.122 3660.dat
1 0 407.409 -64 -640.8 0.122 0 1 0 1 0 -0.993 0 0.122 3660.dat
1 0 467.409 -64 -633.48 -0.122 0 -1 0 1 0 0.993 0 -0.122 3660.dat
1 0 472.289 -64 -673.2 -0.122 0 -1 0 1 0 0.993 0 -0.122 3660.dat
1 0 452.049 -40 -756.3 1 0 -0.122 0 1 0 0.122 0 0.993 4180.dat
1 0 427.649 -40 -557.7 1 0 -0.122 0 1 0 0.122 0 0.993 4180.dat
1 0 439.849 -40 -657 0.122 0 1 0 1 0 -0.993 0 0.122 3031.dat
1 0 380.089 -80 -583.66 0.122 0 1 0 1 0 -0.993 0 0.122 4510.dat
1 0 399.609 -80 -742.54 0.122 0 1 0 1 0 -0.993 0 0.122 3460.dat
1 0 499.609 -80 -730.34 0.122 0 1 0 1 0 -0.993 0 0.122 3460.dat
1 0 480.089 -80 -571.46 -0.122 0 -1 0 1 0 0.993 0 -0.122 4510.dat
1 0 458.149 -80 -805.95 -1 0 0.122 0 1 0 -0.122 0 -0.993 3710.dat
1 0 421.549 -80 -508.05 -1 0 0.122 0 1 0 -0.122 0 -0.993 3710.dat
1 0 444.729 -80 -696.72 0.122 0 1 0 1 0 -0.993 0 0.122 3680.dat
1 1 438.629 -96 -647.07 -1 0 0.122 0 1 0 -0.122 0 -0.993 3004.dat
1 16 422.529 -96 -598.64 0.122 0 1 0 1 0 -0.993 0 0.122 3004.dat
1 16 422.529 -104 -598.64 0.122 0 1 0 1 0 -0.993 0 0.122 3069.dat
1 4 458.149 -104 -805.95 -1 0 0.122 0 1 0 -0.122 0 -0.993 3009.dat
1 4 421.549 -104 -508.05 -1 0 0.122 0 1 0 -0.122 0 -0.993 3009.dat
1 4 492.289 -104 -670.76 0.122 0 1 0 1 0 -0.993 0 0.122 3010.dat
1 4 392.289 -104 -682.96 0.122 0 1 0 1 0 -0.993 0 0.122 3010.dat
1 1 438.629 -120 -647.07 1 0 -0.122 0 1 0 0.122 0 0.993 3660.dat
1 1 444.729 -88 -696.72 -0.805 0 0.605652 0 1 0 -0.602152 0 -0.798938 4079.dat
1 15 438.629 -128 -647.07 1 0 -0.122 0 1 0 0.122 0 0.993 3069.dat
1 4 392.289 -128 -682.96 0.122 0 1 0 1 0 -0.993 0 0.122 3010.dat
1 4 492.289 -128 -670.76 0.122 0 1 0 1 0 -0.993 0 0.122 3010.dat
1 4 421.549 -128 -508.05 -1 0 0.122 0 1 0 -0.122 0 -0.993 3009.dat
1 4 458.149 -128 -805.95 -1 0 0.122 0 1 0 -0.122 0 -0.993 3009.dat
1 14 389.849 -152 -663.1 0.122 0 1 0 1 0 -0.993 0 0.122 3004.dat
1 14 489.849 -152 -650.9 0.122 0 1 0 1 0 -0.993 0 0.122 3004.dat
1 14 421.549 -152 -508.05 -1 0 0.122 0 1 0 -0.122 0 -0.993 3009.dat
1 14 458.149 -152 -805.95 -1 0 0.122 0 1 0 -0.122 0 -0.993 3009.dat
1 14 389.849 -176 -663.1 0.122 0 1 0 1 0 -0.993 0 0.122 3004.dat
1 14 489.849 -176 -650.9 0.122 0 1 0 1 0 -0.993 0 0.122 3004.dat
1 14 421.549 -176 -508.05 -1 0 0.122 0 1 0 -0.122 0 -0.993 3009.dat
1 14 458.149 -176 -805.95 -1 0 0.122 0 1 0 -0.122 0 -0.993 3009.dat
1 14 389.849 -200 -663.1 0.122 0 1 0 1 0 -0.993 0 0.122 3004.dat
1 14 489.849 -200 -650.9 0.122 0 1 0 1 0 -0.993 0 0.122 3004.dat
1 14 421.549 -200 -508.05 -1 0 0.122 0 1 0 -0.122 0 -0.993 3010.dat
1 14 458.149 -200 -805.95 -1 0 0.122 0 1 0 -0.122 0 -0.993 3010.dat
1 14 371.549 -200 -514.15 1 0 -0.122 0 1 0 0.122 0 0.993 3665.dat
1 14 471.549 -200 -501.95 1 0 -0.122 0 1 0 0.122 0 0.993 3665.dat
1 14 508.149 -200 -799.85 -0.122 0 -1 0 1 0 0.993 0 -0.122 4070.dat
1 36 522.149 -190 -798.142 -0.122 -1 0 0 0 -1 0.993 -0.122 0 6141.dat
1 14 408.149 -200 -812.05 0.122 0 1 0 1 0 -0.993 0 0.122 4070.dat
1 36 394.149 -190 -813.758 0.122 1 0 0 0 -1 -0.993 0.122 0 6141.dat
1 14 498.389 -200 -720.41 -1 0 0.122 0 1 0 -0.122 0 -0.993 4182.dat
1 14 398.389 -200 -732.61 -1 0 0.122 0 1 0 -0.122 0 -0.993 4181.dat
1 14 394.729 -200 -702.82 0.122 0 1 0 1 0 -0.993 0 0.122 4035.dat
1 14 494.729 -200 -690.62 -0.122 0 -1 0 1 0 0.993 0 -0.122 4035.dat
1 47 505.709 -200 -779.99 1 0 -0.122 0 1 0 0.122 0 0.993 4183.dat
1 47 398.389 -200 -732.61 -1 0 0.122 0 1 0 -0.122 0 -0.993 4183.dat
1 4 359.281 -139 -521.694 -0.122 0 1 0 -1 0 0.993 0 0.122 4511.dat
1 4 485.525 -139 -508.308 -0.122 0 -1 0 1 0 0.993 0 -0.122 4511.dat
1 7 380.089 -208 -583.66 0.122 0 1 0 1 0 -0.993 0 0.122 4510.dat
1 7 399.609 -208 -742.54 0.122 0 1 0 1 0 -0.993 0 0.122 3460.dat
1 7 499.609 -208 -730.34 0.122 0 1 0 1 0 -0.993 0 0.122 3460.dat
1 7 480.089 -208 -571.46 -0.122 0 -1 0 1 0 0.993 0 -0.122 4510.dat
1 7 458.149 -208 -805.95 -1 0 0.122 0 1 0 -0.122 0 -0.993 3710.dat
1 7 421.549 -208 -508.05 -1 0 0.122 0 1 0 -0.122 0 -0.993 3710.dat
1 7 432.529 -232 -597.42 0.122 0 1 0 1 0 -0.993 0 0.122 4509.dat
1 7 432.769 -232 -516.76 -0.122 0 -1 0 1 0 0.993 0 -0.122 3298.dat
1 7 412.769 -232 -519.2 0.122 0 1 0 1 0 -0.993 0 0.122 3298.dat
1 7 447.169 -232 -716.58 -0.122 0 -1 0 1 0 0.993 0 -0.122 4509.dat
1 7 446.929 -232 -797.24 0.122 0 1 0 1 0 -0.993 0 0.122 3298.dat
1 7 466.929 -232 -794.8 -0.122 0 -1 0 1 0 0.993 0 -0.122 3298.dat
1 7 432.529 -240 -597.42 0.122 0 1 0 1 0 -0.993 0 0.122 3068.dat
1 7 447.169 -240 -716.58 -0.122 0 -1 0 1 0 0.993 0 -0.122 3068.dat
1 0 493.354 -64 412.328 -0.921 0 -0.391 0 1 0 0.391 0 -0.921 501bc01.dat
1 7 451.996 -27 442.93 -0.921 0 -0.391 0 1 0 0.391 0 -0.921 502.dat
1 7 469.93 -27 500.536 -0.921 0 -0.391 0 1 0 0.391 0 -0.921 502.dat
1 7 538.483 -8 393.169 0.921 0 -0.391 0 -1 0 -0.391 0 -0.921 502.dat
1 7 567.3798 -13.228 445.873 0.921 -0.034017 -0.391 0 -0.996 0.087 -0.391 -0.080127 -0.921 502.dat
1 0 489.704 -56 326.918 0.391 0 -0.921 0 1 0 0.921 0 0.391 3023.dat
1 0 434.444 -56 350.378 0.391 0 -0.921 0 1 0 0.921 0 0.391 3023.dat
1 0 524.634 -56 486.008 0.921 0 0.391 0 1 0 -0.391 0 0.921 3020.dat
1 0 539.144 -64 468.978 0.921 0 0.391 0 1 0 -0.391 0 0.921 3023.dat
1 0 502.304 -64 484.618 0.921 0 0.391 0 1 0 -0.391 0 0.921 3023.dat
1 0 416.024 -72 358.198 -0.391 0 0.921 0 1 0 -0.921 0 -0.391 3023.dat
1 0 508.124 -72 319.098 -0.391 0 0.921 0 1 0 -0.921 0 -0.391 3023.dat
1 16 493.354 -64 412.328 -0.391 0 0.921 0 1 0 -0.921 0 -0.391 4178.dat
1 0 552.004 -40 550.478 -0.921 0 -0.391 0 1 0 0.391 0 -0.921 4023.dat
1 0 434.704 -40 274.178 0.921 0 0.391 0 1 0 -0.391 0 0.921 4023.dat
1 16 494.224 -56 542.398 -0.391 0 0.921 0 1 0 -0.921 0 -0.391 947b.dat
1 16 586.324 -56 503.298 0.391 0 -0.921 0 1 0 0.921 0 0.391 947b.dat
1 0 548.354 -88 465.068 -0.391 0 0.921 0 1 0 -0.921 0 -0.391 3665.dat
1 0 493.094 -88 488.528 0.391 0 -0.921 0 1 0 0.921 0 0.391 3665.dat
1 0 530.194 -112 396.688 -0.391 0 0.921 0 1 0 -0.921 0 -0.391 73090.dat
1 0 456.514 -112 427.968 -0.391 0 0.921 0 1 0 -0.921 0 -0.391 73090.dat
1 0 516.554 -88 543.788 -0.391 0 0.921 0 1 0 -0.921 0 -0.391 3040.dat
1 0 571.814 -88 520.328 0.391 0 -0.921 0 1 0 0.921 0 0.391 3040.dat
1 0 540.274 -88 522.848 -0.391 0 0.921 0 1 0 -0.921 0 -0.391 3003.dat
1 16 400.384 -72 321.358 -0.391 0 0.921 0 1 0 -0.921 0 -0.391 4175.dat
1 16 492.484 -72 282.258 0.391 0 -0.921 0 1 0 0.921 0 0.391 4175.dat
1 0 397.864 -72 289.818 -0.921 0 -0.391 0 1 0 0.391 0 -0.921 3023.dat
1 0 471.544 -72 258.538 -0.921 0 -0.391 0 1 0 0.391 0 -0.921 3023.dat
1 0 505.954 -88 570.028 -0.921 0 -0.391 0 1 0 0.391 0 -0.921 4070.dat
1 47 511.428 -78 582.922 -0.921 -0.391 0 0 0 -1 0.391 -0.921 0 6141.dat
1 0 598.054 -88 530.928 -0.921 0 -0.391 0 1 0 0.391 0 -0.921 4070.dat
1 47 603.528 -78 543.822 -0.921 -0.391 0 0 0 -1 0.391 -0.921 0 6141.dat
1 0 388.654 -96 293.728 0.921 0 0.391 0 1 0 -0.391 0 0.921 4070.dat
1 36 383.18 -86 280.834 0.921 0.391 0 0 0 -1 -0.391 0.921 0 6141.dat
1 0 480.754 -96 254.628 0.921 0 0.391 0 1 0 -0.391 0 0.921 4070.dat
1 36 475.28 -86 241.734 0.921 0.391 0 0 0 -1 -0.391 0.921 0 6141.dat
1 0 473.804 -120 366.278 -0.921 0 -0.391 0 1 0 0.391 0 -0.921 3666.dat
1 0 434.704 -96 274.178 -0.921 0 -0.391 0 1 0 0.391 0 -0.921 3010.dat
1 0 515.424 -112 489.918 -0.391 0 0.921 0 1 0 -0.921 0 -0.391 3660.dat
1 0 533.844 -112 482.098 0.391 0 -0.921 0 1 0 0.921 0 0.391 3660.dat
1 0 527.154 -112 517.548 -0.391 0 0.921 0 1 0 -0.921 0 -0.391 3665.dat
1 0 545.574 -112 509.728 0.391 0 -0.921 0 1 0 0.921 0 0.391 3665.dat
1 0 544.184 -112 532.058 -0.921 0 -0.391 0 1 0 0.391 0 -0.921 3010.dat
1 0 481.624 -136 384.698 -0.921 0 -0.391 0 1 0 0.391 0 -0.921 3010.dat
1 0 434.704 -120 274.178 -0.921 0 -0.391 0 1 0 0.391 0 -0.921 3009.dat
1 0 435.574 -136 404.248 -0.921 0 -0.391 0 1 0 0.391 0 -0.921 4070.dat
1 0 527.674 -136 365.148 -0.921 0 -0.391 0 1 0 0.391 0 -0.921 4070.dat
1 16 482.494 -82 514.768 -0.391 0 0.921 0 1 0 -0.921 0 -0.391 752.dat
1 16 482.494 -82 514.768 -0.391 0 -0.921 0 -1 0 -0.921 0 0.391 755.dat
1 16 444.958 -126 426.352 0 -0.391 0.921 -1 0 0 0 -0.921 -0.391 752.dat
1 16 445.349 -126.5 427.273 0 0.391 -0.921 -1 0 0 0 0.921 0.391 755.dat
1 16 482.481 -87.9855 514.7374 -0.390945 0.006555 0.921 0.016764 0.999859 0 -0.92087 0.01544 -0.391 754.dat
1 16 482.4391 -90.7046 514.6387 -0.390468 0.020393 0.921 0.052157 0.998639 0 -0.919747 0.048037 -0.391 754.dat
1 16 482.3665 -93.1689 514.4677 -0.389589 0.033185 0.921 0.084873 0.996392 0 -0.917677 0.078168 -0.391 754.dat
1 16 482.2582 -95.6244 514.2126 -0.388001 0.048331 0.921 0.123609 0.992331 0 -0.913937 0.113844 -0.391 754.dat
1 16 482.1102 -98.0662 513.8639 -0.385593 0.064799 0.921 0.165726 0.986172 0 -0.908264 0.152634 -0.391 754.dat
1 16 481.9182 -100.4877 513.4117 -0.382059 0.083136 0.921 0.212625 0.977134 0 -0.89994 0.195828 -0.391 754.dat
1 16 481.6767 -102.8798 512.8428 -0.376938 0.103916 0.921 0.265771 0.964036 0 -0.887877 0.244775 -0.391 754.dat
1 16 481.3815 -105.2321 512.1475 -0.37013 0.126036 0.921 0.322342 0.946623 0 -0.87184 0.296877 -0.391 754.dat
1 16 481.023 -107.5256 511.3032 -0.359784 0.153089 0.921 0.391532 0.920164 0 -0.847471 0.360601 -0.391 754.dat
1 16 480.6026 -109.7493 510.3128 -0.348459 0.177362 0.921 0.453611 0.8912 0 -0.820795 0.417776 -0.391 754.dat
1 16 480.1129 -111.8772 509.1593 -0.33172 0.206984 0.921 0.529372 0.84839 0 -0.781367 0.487552 -0.391 754.dat
1 16 479.5525 -113.8877 507.8393 -0.312361 0.235185 0.921 0.601496 0.798876 0 -0.735765 0.553978 -0.391 754.dat
1 16 478.9283 -115.7713 506.3689 -0.292007 0.260025 0.921 0.665025 0.746821 0 -0.687822 0.612488 -0.391 754.dat
1 16 478.2381 -117.4972 504.7433 -0.265061 0.287443 0.921 0.735149 0.677906 0 -0.624351 0.677072 -0.391 754.dat
1 16 477.4899 -119.0577 502.9809 -0.239233 0.309272 0.921 0.790976 0.611848 0 -0.563512 0.728489 -0.391 754.dat
1 16 476.692 -120.4475 501.1014 -0.211735 0.328708 0.921 0.840686 0.541523 0 -0.498743 0.774272 -0.391 754.dat
1 16 475.8545 -121.6769 499.1287 -0.187242 0.343251 0.921 0.87788 0.478881 0 -0.441049 0.808527 -0.391 754.dat
1 16 474.9831 -122.741 497.0761 0.160366 0.3566 -0.921 -0.912021 0.410143 0 0.377742 0.839971 0.391 754.dat
1 16 474.0861 -123.6567 494.9631 0.138319 0.365717 -0.921 -0.935337 0.353758 0 0.325811 0.861445 0.391 754.dat
1 16 473.1702 -124.4418 492.8057 0.118229 0.372697 -0.921 -0.953189 0.302375 0 0.278487 0.877887 0.391 754.dat
1 16 472.2395 -125.1042 490.6135 0.099119 0.378228 -0.921 -0.967335 0.253502 0 0.233475 0.890916 0.391 754.dat
1 16 471.2981 -125.6599 488.3961 0.08317 0.382052 -0.921 -0.977115 0.212712 0 0.195908 0.899923 0.391 754.dat
1 16 470.4295 -126.0611 486.3501 0.062842 0.385917 -0.921 -0.987 0.160721 0 0.148024 0.909027 0.391 756.dat
1 16 468.7843 -126.7103 482.4749 0.044152 -0.388499 0.921 -0.993604 -0.112921 0 0.104 -0.915109 -0.391 754.dat
1 16 467.8235 -126.974 480.2116 0.035963 -0.389343 0.921 -0.995761 -0.091978 0 0.084712 -0.917096 -0.391 754.dat
1 16 466.8607 -127.1856 477.9438 0.027602 -0.390024 0.921 -0.997505 -0.070593 0 0.065016 -0.918702 -0.391 754.dat
1 16 465.8964 -127.347 475.6724 0.020695 -0.390452 0.921 -0.998598 -0.052929 0 0.048748 -0.919709 -0.391 754.dat
1 16 464.9312 -127.4664 473.3987 0.01459 -0.390728 0.921 -0.999304 -0.037315 0 0.034367 -0.920359 -0.391 754.dat
1 16 463.9653 -127.5488 471.1237 0.009373 -0.390888 0.921 -0.999713 -0.023973 0 0.022079 -0.920736 -0.391 754.dat
1 16 462.9991 -127.5997 468.8478 0.004965 -0.390968 0.921 -0.999919 -0.012699 0 0.011696 -0.920925 -0.391 754.dat
1 16 462.0328 -127.6241 466.5716 0.001254 -0.390998 0.921 -0.999995 -0.003207 0 0.002954 -0.920995 -0.391 754.dat
1 16 461.0664 -127.6263 464.2953 -0.001806 -0.390996 0.921 -0.999989 0.00462 0 -0.004255 -0.92099 -0.391 754.dat
1 16 460.1 -127.6101 462.019 -0.004325 -0.390976 0.921 -0.999939 0.011061 0 -0.010187 -0.920944 -0.391 754.dat
1 16 459.1337 -127.5792 459.7428 -0.00622 -0.39095 0.921 -0.999873 0.015908 0 -0.014651 -0.920883 -0.391 754.dat
1 16 458.1674 -127.5369 457.4668 -0.007824 -0.390922 0.921 -0.9998 0.020011 0 -0.01843 -0.920816 -0.391 754.dat
1 16 457.2012 -127.4856 455.1909 -0.008798 -0.390901 0.921 -0.999747 0.022502 0 -0.020724 -0.920767 -0.391 754.dat
1 16 456.2351 -127.4285 452.9152 -0.009587 -0.390882 0.921 -0.999699 0.024519 0 -0.022582 -0.920723 -0.391 754.dat
1 16 455.269 -127.3674 450.6395 -0.009855 -0.390876 0.921 -0.999682 0.025205 0 -0.023214 -0.920707 -0.391 754.dat
1 16 454.3029 -127.3052 448.3639 -0.009804 -0.390877 0.921 -0.999686 0.025073 0 -0.023092 -0.920711 -0.391 754.dat
1 16 453.3368 -127.244 446.0882 -0.009403 -0.390887 0.921 -0.999711 0.024048 0 -0.022148 -0.920734 -0.391 754.dat
1 16 452.3706 -127.1858 443.8125 -0.008743 -0.390902 0.921 -0.99975 0.022361 0 -0.020594 -0.92077 -0.391 754.dat
1 16 451.4044 -127.1325 441.5366 -0.007699 -0.390924 0.921 -0.999806 0.019691 0 -0.018135 -0.920821 -0.391 754.dat
1 16 450.4382 -127.0861 439.2607 -0.00647 -0.390946 0.921 -0.999863 0.016548 0 -0.015241 -0.920874 -0.391 754.dat
1 16 449.472 -127.0481 436.9846 -0.004927 -0.390969 0.921 -0.999921 0.0126 0 -0.011605 -0.920927 -0.391 754.dat
1 16 448.5056 -127.0206 434.7084 -0.00302 -0.390988 0.921 -0.99997 0.007723 0 -0.007113 -0.920972 -0.391 754.dat
1 16 447.5655 -127.0051 432.4939 -0.001201 -0.390998 0.921 -0.999995 0.003072 0 -0.002829 -0.920995 -0.391 754.dat
1 16 574.594 -82 475.668 -0.391 0 0.921 0 1 0 -0.921 0 -0.391 752.dat
1 16 574.594 -82 475.668 -0.391 0 -0.921 0 -1 0 -0.921 0 0.391 755.dat
1 16 537.058 -126 387.252 0 -0.391 0.921 -1 0 0 0 -0.921 -0.391 752.dat
1 16 537.449 -126.5 388.173 0 0.391 -0.921 -1 0 0 0 0.921 0.391 755.dat
1 16 574.581 -87.9855 475.6373 -0.390945 0.006555 0.921 0.016764 0.999859 0 -0.92087 0.01544 -0.391 754.dat
1 16 574.5391 -90.7046 475.5387 -0.390468 0.020393 0.921 0.052157 0.998639 0 -0.919747 0.048037 -0.391 754.dat
1 16 574.4665 -93.1689 475.3677 -0.389589 0.033185 0.921 0.084873 0.996392 0 -0.917677 0.078168 -0.391 754.dat
1 16 574.3582 -95.6244 475.1126 -0.388001 0.048331 0.921 0.123609 0.992331 0 -0.913937 0.113844 -0.391 754.dat
1 16 574.2102 -98.0662 474.7639 -0.385593 0.064799 0.921 0.165726 0.986172 0 -0.908264 0.152634 -0.391 754.dat
1 16 574.0182 -100.4877 474.3117 -0.382059 0.083136 0.921 0.212625 0.977134 0 -0.89994 0.195828 -0.391 754.dat
1 16 573.7767 -102.8798 473.7428 -0.376938 0.103916 0.921 0.265771 0.964036 0 -0.887877 0.244775 -0.391 754.dat
1 16 573.4815 -105.2321 473.0475 -0.37013 0.126036 0.921 0.322342 0.946623 0 -0.87184 0.296877 -0.391 754.dat
1 16 573.123 -107.5256 472.2032 -0.359784 0.153089 0.921 0.391532 0.920164 0 -0.847471 0.360601 -0.391 754.dat
1 16 572.7026 -109.7493 471.2128 -0.348459 0.177362 0.921 0.453611 0.8912 0 -0.820795 0.417776 -0.391 754.dat
1 16 572.2129 -111.8772 470.0593 -0.33172 0.206984 0.921 0.529372 0.84839 0 -0.781367 0.487552 -0.391 754.dat
1 16 571.6525 -113.8877 468.7393 -0.312361 0.235185 0.921 0.601496 0.798876 0 -0.735765 0.553978 -0.391 754.dat
1 16 571.0283 -115.7713 467.2689 -0.292007 0.260025 0.921 0.665025 0.746821 0 -0.687822 0.612488 -0.391 754.dat
1 16 570.3381 -117.4972 465.6433 -0.265061 0.287443 0.921 0.735149 0.677906 0 -0.624351 0.677072 -0.391 754.dat
1 16 569.59 -119.0577 463.881 -0.239233 0.309272 0.921 0.790976 0.611848 0 -0.563512 0.728489 -0.391 754.dat
1 16 568.792 -120.4475 462.0014 -0.211735 0.328708 0.921 0.840686 0.541523 0 -0.498743 0.774272 -0.391 754.dat
1 16 567.9545 -121.6769 460.0287 -0.187242 0.343251 0.921 0.87788 0.478881 0 -0.441049 0.808527 -0.391 754.dat
1 16 567.0831 -122.741 457.9762 0.160366 0.3566 -0.921 -0.912021 0.410143 0 0.377742 0.839971 0.391 754.dat
1 16 566.186 -123.6567 455.8631 0.138319 0.365717 -0.921 -0.935337 0.353758 0 0.325811 0.861445 0.391 754.dat
1 16 565.2701 -124.4418 453.7057 0.118229 0.372697 -0.921 -0.953189 0.302375 0 0.278487 0.877887 0.391 754.dat
1 16 564.3395 -125.1042 451.5135 0.099119 0.378228 -0.921 -0.967335 0.253502 0 0.233475 0.890916 0.391 754.dat
1 16 563.3981 -125.6599 449.2961 0.08317 0.382052 -0.921 -0.977115 0.212712 0 0.195908 0.899923 0.391 754.dat
1 16 562.5295 -126.0611 447.2501 0.062842 0.385917 -0.921 -0.987 0.160721 0 0.148024 0.909027 0.391 756.dat
1 16 560.8843 -126.7103 443.3748 0.044152 -0.388499 0.921 -0.993604 -0.112921 0 0.104 -0.915109 -0.391 754.dat
1 16 559.9235 -126.974 441.1116 0.035963 -0.389343 0.921 -0.995761 -0.091978 0 0.084712 -0.917096 -0.391 754.dat
1 16 558.9607 -127.1856 438.8438 0.027602 -0.390024 0.921 -0.997505 -0.070593 0 0.065016 -0.918702 -0.391 754.dat
1 16 557.9964 -127.347 436.5724 0.020695 -0.390452 0.921 -0.998598 -0.052929 0 0.048748 -0.919709 -0.391 754.dat
1 16 557.0311 -127.4664 434.2987 0.01459 -0.390728 0.921 -0.999304 -0.037315 0 0.034367 -0.920359 -0.391 754.dat
1 16 556.0653 -127.5488 432.0237 0.009373 -0.390888 0.921 -0.999713 -0.023973 0 0.022079 -0.920736 -0.391 754.dat
1 16 555.0991 -127.5997 429.7479 0.004965 -0.390968 0.921 -0.999919 -0.012699 0 0.011696 -0.920925 -0.391 754.dat
1 16 554.1328 -127.6241 427.4716 0.001254 -0.390998 0.921 -0.999995 -0.003207 0 0.002954 -0.920995 -0.391 754.dat
1 16 553.1664 -127.6263 425.1953 -0.001806 -0.390996 0.921 -0.999989 0.00462 0 -0.004255 -0.92099 -0.391 754.dat
1 16 552.2 -127.6101 422.919 -0.004325 -0.390976 0.921 -0.999939 0.011061 0 -0.010187 -0.920944 -0.391 754.dat
1 16 551.2337 -127.5792 420.6428 -0.00622 -0.39095 0.921 -0.999873 0.015908 0 -0.014651 -0.920883 -0.391 754.dat
1 16 550.2675 -127.5369 418.3668 -0.007824 -0.390922 0.921 -0.9998 0.020011 0 -0.01843 -0.920816 -0.391 754.dat
1 16 549.3012 -127.4856 416.0909 -0.008798 -0.390901 0.921 -0.999747 0.022502 0 -0.020724 -0.920767 -0.391 754.dat
1 16 548.3351 -127.4285 413.8152 -0.009587 -0.390882 0.921 -0.999699 0.024519 0 -0.022582 -0.920723 -0.391 754.dat
1 16 547.369 -127.3674 411.5395 -0.009855 -0.390876 0.921 -0.999682 0.025205 0 -0.023214 -0.920707 -0.391 754.dat
1 16 546.4029 -127.3052 409.2639 -0.009804 -0.390877 0.921 -0.999686 0.025073 0 -0.023092 -0.920711 -0.391 754.dat
1 16 545.4368 -127.244 406.9882 -0.009403 -0.390887 0.921 -0.999711 0.024048 0 -0.022148 -0.920734 -0.391 754.dat
1 16 544.4706 -127.1858 404.7125 -0.008743 -0.390902 0.921 -0.99975 0.022361 0 -0.020594 -0.92077 -0.391 754.dat
1 16 543.5045 -127.1325 402.4366 -0.007699 -0.390924 0.921 -0.999806 0.019691 0 -0.018135 -0.920821 -0.391 754.dat
1 16 542.5382 -127.0861 400.1607 -0.00647 -0.390946 0.921 -0.999863 0.016548 0 -0.015241 -0.920874 -0.391 754.dat
1 16 541.572 -127.0481 397.8846 -0.004927 -0.390969 0.921 -0.999921 0.0126 0 -0.011605 -0.920927 -0.391 754.dat
1 16 540.6056 -127.0206 395.6084 -0.00302 -0.390988 0.921 -0.99997 0.007723 0 -0.007113 -0.920972 -0.391 754.dat
1 16 539.6655 -127.0051 393.3939 -0.001201 -0.390998 0.921 -0.999995 0.003072 0 -0.002829 -0.920995 -0.391 754.dat
1 0 473.804 -144 366.278 0.921 0 0.391 0 1 0 -0.391 0 0.921 3039.dat
1 0 544.184 -136 532.058 -0.921 0 -0.391 0 1 0 0.391 0 -0.921 3700.dat
1 0 489.184 -136 479.318 -0.391 0 0.921 0 1 0 -0.921 0 -0.391 3008.dat
1 0 544.444 -136 455.858 -0.391 0 0.921 0 1 0 -0.921 0 -0.391 3008.dat
1 0 480.754 -144 254.628 -0.921 0 -0.391 0 1 0 0.391 0 -0.921 3005.dat
1 0 388.654 -144 293.728 -0.921 0 -0.391 0 1 0 0.391 0 -0.921 3005.dat
1 0 473.804 -168 366.278 0.921 0 0.391 0 1 0 -0.391 0 0.921 3004.dat
1 0 503.694 -160 462.288 -0.391 0 0.921 0 1 0 -0.921 0 -0.391 3038.dat
1 0 527.154 -160 517.548 -0.391 0 0.921 0 1 0 -0.921 0 -0.391 3038.dat
1 0 480.234 -160 407.028 -0.391 0 0.921 0 1 0 -0.921 0 -0.391 3038.dat
1 0 498.654 -160 399.208 0.391 0 -0.921 0 1 0 0.921 0 0.391 3038.dat
1 0 522.114 -160 454.468 0.391 0 -0.921 0 1 0 0.921 0 0.391 3038.dat
1 0 545.574 -160 509.728 0.391 0 -0.921 0 1 0 0.921 0 0.391 3038.dat
1 0 388.654 -168 293.728 -0.921 0 -0.391 0 1 0 0.391 0 -0.921 3005.dat
1 0 480.754 -168 254.628 -0.921 0 -0.391 0 1 0 0.391 0 -0.921 3005.dat
1 0 388.654 -192 293.728 -0.921 0 -0.391 0 1 0 0.391 0 -0.921 3005.dat
1 0 480.754 -192 254.628 -0.921 0 -0.391 0 1 0 0.391 0 -0.921 3005.dat
1 0 473.804 -176 366.278 -0.921 0 -0.391 0 1 0 0.391 0 -0.921 4623.dat
1 0 473.804 -184 366.278 -0.921 0 -0.391 0 1 0 0.391 0 -0.921 3023.dat
1 0 473.804 -192 366.278 -0.921 0 -0.391 0 1 0 0.391 0 -0.921 3023.dat
1 7 548.485 -126 542.189 0.391 0 -0.921 0 1 0 0.921 0 0.391 4274.dat
1 0 419.934 -192 367.408 -0.921 0 -0.391 0 1 0 0.391 0 -0.921 4181.dat
1 0 512.034 -192 328.308 -0.921 0 -0.391 0 1 0 0.391 0 -0.921 4182.dat
1 47 419.934 -192 367.408 -0.921 0 -0.391 0 1 0 0.391 0 -0.921 4183.dat
1 47 488.574 -192 273.048 0.921 0 0.391 0 1 0 -0.391 0 0.921 4183.dat
1 0 510.644 -192 350.638 -0.921 0 -0.391 0 1 0 0.391 0 -0.921 4035.dat
1 0 436.964 -192 381.918 -0.921 0 -0.391 0 1 0 0.391 0 -0.921 4035.dat
1 0 544.184 -168 532.058 0.921 0 0.391 0 1 0 -0.391 0 0.921 3794.dat
1 0 528.544 -168 495.218 0.921 0 0.391 0 1 0 -0.391 0 0.921 3794.dat
1 0 554.741 -126 556.925 0 -0.391 -0.921 1 0 0 0 -0.921 0.391 3960.dat
1 0 501.174 -184 430.748 -0.391 0 0.921 0 1 0 -0.921 0 -0.391 3003.dat
1 0 528.544 -192 495.218 0.921 0 0.391 0 1 0 -0.391 0 0.921 3626.dat
1 4 544.184 -176 532.058 0.921 0 0.391 0 1 0 -0.391 0 0.921 6141.dat
1 4 544.184 -184 532.058 0.921 0 0.391 0 1 0 -0.391 0 0.921 6141.dat
1 0 473.804 -200 366.278 -0.921 0 -0.391 0 1 0 0.391 0 -0.921 3710.dat
1 0 408.204 -200 339.778 0.391 0 -0.921 0 1 0 0.921 0 0.391 3666.dat
1 0 500.304 -200 300.678 0.391 0 -0.921 0 1 0 0.921 0 0.391 3666.dat
1 0 544.184 -208 532.058 0.921 0 0.391 0 1 0 -0.391 0 0.921 3062.dat
1 0 501.174 -192 430.748 -0.391 0 0.921 0 1 0 -0.921 0 -0.391 3068.dat
1 14 482.406 -200 386.54 -0.921 0 -0.391 0 1 0 0.391 0 -0.921 4589.dat
1 0 454.254 -224 320.228 0.391 0 -0.921 0 1 0 0.921 0 0.391 4509.dat
1 0 454.254 -232 320.228 -0.391 0 0.921 0 1 0 -0.921 0 -0.391 3068.dat
1 7 470 -8 -380 0 0 1 0 1 0 -1 0 0 3228.dat
1 7 370 -8 -380 0 0 1 0 1 0 -1 0 0 3228.dat
1 8 420 8 -380 1 0 0 0 1 0 0 0 1 4166.dat
1 8 420 8 -540 1 0 0 0 1 0 0 0 1 4166.dat
1 8 420 8 100 1 0 0 0 1 0 0 0 1 4166.dat
1 7 470 -8 -60 0 0 1 0 1 0 -1 0 0 3228.dat
1 7 370 -8 -60 0 0 1 0 1 0 -1 0 0 3228.dat
1 8 420 8 -60 1 0 0 0 1 0 0 0 1 4166.dat
1 8 420 8 -220 1 0 0 0 1 0 0 0 1 4166.dat
