0 
0 Name: New Model.ldr
0 Author: 
1 14 100 -100 160 0 0 1 0 1 0 -1 0 0 3666.dat
1 14 200 -100 160 0 0 1 0 1 0 -1 0 0 3666.dat
1 0 150 -124 190 1 0 0 0 1 0 0 0 1 6140.dat
1 0 150 -124 130 1 0 0 0 1 0 0 0 1 6140.dat
1 14 150 -132 180 1 0 0 0 1 0 0 0 1 3022.dat
1 36 120 -124 130 0 0 1 0 1 0 -1 0 0 54200.dat
1 14 150 -132 130 0 0 1 0 1 0 -1 0 0 3021.dat
1 43 180 -124 130 0 0 -1 0 1 0 1 0 0 54200.dat
1 14 150 -124 110 1 0 0 0 1 0 0 0 1 48336.dat
1 0 150 -103.029 96.64 -1 0 0 0 -0.422618 0.906308 0 0.906308 0.422618 6019.dat
1 42 150 -103.029 96.64 1 0 0 0 -0.422618 -0.906308 0 0.906308 -0.422618 54200.dat
1 14 150 -156 190 -1 0 0 0 1 0 0 0 -1 3747.dat
1 14 150 -156 150 0 0 1 0 1 0 -1 0 0 3002.dat
1 14 150 -156 110 1 0 0 0 1 0 0 0 1 3747.dat
1 9 150 -164 220 1 0 0 0 1 0 0 0 1 3022.dat
1 15 150 -164 140 0 0 1 0 1 0 -1 0 0 3795.dat
1 14 150 -188 230 1 0 0 0 1 0 0 0 1 32064.dat
1 9 140 -188 210 0 0 1 0 1 0 -1 0 0 4070.dat
1 9 160 -188 210 0 0 -1 0 1 0 1 0 0 4070.dat
1 9 140 -188 190 0 0 1 0 1 0 -1 0 0 4070.dat
1 9 160 -188 190 0 0 -1 0 1 0 1 0 0 4070.dat
1 9 140 -188 170 0 0 1 0 1 0 -1 0 0 4070.dat
1 9 160 -188 170 0 0 -1 0 1 0 1 0 0 4070.dat
1 9 140 -188 150 0 0 1 0 1 0 -1 0 0 4070.dat
1 9 160 -188 150 0 0 -1 0 1 0 1 0 0 4070.dat
1 0 150 -178 300 0 0 1 0 1 0 -1 0 0 3707.dat
1 0 126 -178 170 0 1 0 -1 0 0 0 0 1 3024.dat
1 0 174 -178 170 0 -1 0 1 0 0 0 0 1 3024.dat
1 0 126 -178 150 0 1 0 -1 0 0 0 0 1 3024.dat
1 0 174 -178 150 0 -1 0 1 0 0 0 0 1 3024.dat
1 14 150 -178 350 0 0 1 0 1 0 -1 0 0 6536.dat
1 15 126 -178 150 0 1 0 -1 0 0 0 0 1 54200.dat
1 15 110 -178 190 0 1 0 1 0 0 0 0 -1 50950.dat
1 15 190 -178 190 0 -1 0 -1 0 0 0 0 -1 50950.dat
1 15 174 -178 150 0 -1 0 1 0 0 0 0 1 54200.dat
1 14 150 -178 390 1 0 0 0 1 0 0 0 1 32013.dat
1 34 140 -158 350 0 -1 0 1 0 0 0 0 1 6141.dat
1 36 160 -158 350 0 1 0 -1 0 0 0 0 1 6141.dat
1 18 160 -178 390 1 0 0 0 1 0 0 0 1 3749.dat
1 0 172 -178 390 0 0 1 0 1 0 -1 0 0 6041.dat
1 42 140 -196 220 0 0 1 0 1 0 -1 0 0 3069.dat
1 42 160 -196 220 0 0 1 0 1 0 -1 0 0 3069.dat
1 40 150 -196 150 1 0 0 0 1 0 0 0 1 6070.dat
1 14 150 -196 180 1 0 0 0 1 0 0 0 1 2460.dat
1 0 150 -220 180 0.707107 0 0.707107 0 1 0 -0.707107 0 0.707107 2479.dat
1 0 86.36 -228 243.64 0.707107 0 0.707107 0 1 0 -0.707107 0 0.707107 4162.dat
1 0 213.64 -228 116.36 0.707107 0 0.707107 0 1 0 -0.707107 0 0.707107 4162.dat
