0 Main
0 Name: 42102 - Mini CLAAS XERION - Harvester.mpd
0 Author: LTRON
1 0 0 0 0 0 0.707 0.707 0 0.707 -0.707 -1 0 0 3705.dat
1 0 0 0 -30 -0.707 0.707 0 0.707 0.707 0 0 0 -1 32270.dat
1 4 0 0 -10 0.707 0.707 0 -0.707 0.707 0 0 0 1 3713.dat
1 72 0 0 0 1 0 0 0 -1 0 0 0 -1 61904.dat
1 19 0 0 23 -0.707 -0.707 0 0.707 -0.707 0 0 0 1 6589.dat
1 19 22 0 50 0 0 1 0 -1 0 1 0 0 32198.dat
1 71 0 0 50 1 0 0 0 1 0 0 0 1 44294.dat
1 4 40 0 50 0 0 1 0 1 0 -1 0 0 3713.dat
1 0 0 0 70 0 0 -1 1 0 0 0 -1 0 42003.dat
1 4 -40 0 50 0 0 -1 0 1 0 1 0 0 3713.dat
1 71 0 -20 10 -1 0 0 0 1 0 0 0 -1 4519.dat
1 0 0 -20 10 0 -1 0 0 0 -1 1 0 0 32140.dat
1 14 0 -20 -70 -1 0 0 0 1 0 0 0 -1 32073.dat
1 4 40 -20 -70 -1 0 0 0 0 1 0 1 0 6536.dat
1 4 25 -20 -30 0 -1 0 1 0 0 0 0 1 11478.dat
1 4 0 -20 -70 -1 0 0 0 0 -1 0 -1 0 62462.dat
1 4 -25 -20 -30 0 1 0 -1 0 0 0 0 1 11478.dat
1 4 -40 -20 -70 -1 0 0 0 0 1 0 1 0 6536.dat
1 4 0 0 -50 0 0 -1 0 -1 0 -1 0 0 32524.dat
1 19 60 10 -50 0 0.087 -0.996 1 0 0 0 -0.996 -0.087 3749.dat
1 19 0 10 -50 0 0 -1 1 0 0 0 -1 0 3749.dat
1 19 -60 10 -50 0 0.087 -0.996 1 0 0 0 -0.996 -0.087 3749.dat
1 0 60 20 -50 0.087 0.996 0 0 0 -1 -0.996 0.087 0 32498.dat
1 0 -60 20 -50 0.087 0.996 0 0 0 -1 -0.996 0.087 0 32498.dat
1 0 0 20 -50 0 1 0 0 0 -1 -1 0 0 32270.dat
1 0 -40 -10 -50 0 0 -1 -1 0 0 0 1 0 2780.dat
1 0 40 -10 -50 0 0 -1 -1 0 0 0 1 0 2780.dat
1 71 0 -20 90 0 0 1 -1 0 0 0 -1 0 4519.dat
1 71 20 0 190 -1 0 0 0 0 1 0 1 0 48989.dat
1 70 40 0 210 -1 0 0 0 0 1 0 1 0 24316.dat
1 71 35 0 210 0 0 -1 0 1 0 1 0 0 32123.dat
1 72 0 20 210 0 0 -1 0 1 0 1 0 0 32523.dat
1 72 0 20 170 0 0 -1 0 1 0 1 0 0 32523.dat
1 71 -20 0 190 1 0 0 0 0 -1 0 1 0 48989.dat
1 70 -40 0 210 1 0 0 0 0 -1 0 1 0 24316.dat
1 71 -35 0 210 0 0 1 0 -1 0 1 0 0 32123.dat
1 72 0 -20 210 0 0 1 0 1 0 -1 0 0 32523.dat
1 71 0 -20 130 -1 0 0 0 1 0 0 0 -1 14720.dat
1 1 0 -20 110 -1 0 0 0 1 0 0 0 -1 6558.dat
1 1 0 -20 130 -1 0 0 0 1 0 0 0 -1 6558.dat
1 0 -20 -20 130 0 0 1 -1 0 0 0 -1 0 42003.dat
1 0 20 -20 130 0 0 1 -1 0 0 0 -1 0 42003.dat
1 71 0 -60 130 0 -0.195 0.981 1 0 0 0 0.981 0.195 4519.dat
1 71 0 -40 130 0.981 -0.195 0 0 0 -1 0.195 0.981 0 94925.dat
1 71 0 -60 150 0 0 1 1 0 0 0 1 0 48989.dat
1 72 0 -90 130 -0.981 -0.195 0 0 0 1 -0.195 0.981 0 59443.dat
1 72 0 -30 170 0 0 -1 -1 0 0 0 1 0 87083.dat
1 71 0 -40 170 1 0 0 0 0 -1 0 1 0 94925.dat
1 0 0 -60 90 -1 0 0 0 0 -1 0 -1 0 32013.dat
1 1 0 -60 90 -1 0 0 0 -1 0 0 0 1 6558.dat
1 1 0 -60 10 -1 0 0 0 0 -1 0 -1 0 6558.dat
1 72 -20 -60 70 0 -1 0 1 0 0 0 0 1 32524.dat
1 72 20 -60 70 0 -1 0 1 0 0 0 0 1 32524.dat
1 0 -40 -60 40 0 1 0 -1 0 0 0 0 1 43857.dat
1 0 -30 -60 30 1 0 0 0 1 0 0 0 1 2780.dat
1 0 -30 -60 50 1 0 0 0 1 0 0 0 1 2780.dat
1 0 40 -60 40 0 -1 0 1 0 0 0 0 1 43857.dat
1 0 30 -60 30 -1 0 0 0 -1 0 0 0 1 2780.dat
1 0 30 -60 50 -1 0 0 0 -1 0 0 0 1 2780.dat
1 0 -20 -79.13 20.04 0 -1 0 0.996 0 -0.087 0.087 0 0.996 43857.dat
1 1 0 -80 30 1 0 0 0 -0.087 -0.996 0 0.996 -0.087 6558.dat
1 0 20 -79.128 20.038 0 1 0 0.996 0 0.087 0.087 0 -0.996 43857.dat
1 27 20 -60 150 0 1 0 -1 0 0 0 0 1 32140.dat
1 1 0 -60 210 -1 0 0 0 -1 0 0 0 1 6558.dat
1 1 0 -80 210 -1 0 0 0 -1 0 0 0 1 6558.dat
1 1 0 -80 170 -1 0 0 0 -1 0 0 0 1 6558.dat
1 27 0 -80 150 0 -1 0 1 0 0 0 0 1 32140.dat
1 71 0 -60 150 1 0 0 0 -1 0 0 0 -1 4519.dat
1 1 -10 -80 150 1 0 0 0 0 1 0 -1 0 43093.dat
1 27 -20 -60 150 0 1 0 -1 0 0 0 0 1 32140.dat
1 27 -20 -80 110 0 1 0 -1 0 0 0 0 1 11947.dat
1 1 -20 -80 100 0 1 0 0 0 1 1 0 0 43093.dat
1 27 20 -80 110 0 -1 0 1 0 0 0 0 1 11946.dat
1 1 20 -80 100 0 1 0 0 0 1 1 0 0 43093.dat
1 72 -40 -80 90 0 0 1 -1 0 0 0 -1 0 32526.dat
1 27 -40 -140 70 0 1 0 0 0 1 1 0 0 32526.dat
1 0 -30 -60 110 1 0 0 0 1 0 0 0 1 2780.dat
1 0 -30 -60 70 1 0 0 0 1 0 0 0 1 2780.dat
1 0 -30 -140 70 1 0 0 0 1 0 0 0 1 2780.dat
1 15 0 -141.002 30.016 0 1 0 1 0 -0.025 -0.025 0 -1 32523.dat
1 1 0 -141.002 30.016 1 0 0 0 -1 -0.025 0 0.025 -1 6558.dat
1 1 0 -140.502 50.016 1 0 0 0 -1 -0.025 0 0.025 -1 6558.dat
1 15 20 -141.502 10.016 0 -1 0 1 0 0.025 -0.025 0 1 32140.dat
1 15 -20 -141.502 10.016 0 -1 0 1 0 0.025 -0.025 0 1 32140.dat
1 1 -30 -141.502 10.016 1 0 0 0 -0.025 1 0 -1 -0.025 43093.dat
1 1 30 -141.502 10.016 -1 0 0 0 -0.025 -1 0 -1 0.025 43093.dat
1 0 30 -140 70 1 0 0 0 1 0 0 0 1 2780.dat
1 27 40 -140 70 0 1 0 0 0 1 1 0 0 32526.dat
1 0 30 -60 110 1 0 0 0 1 0 0 0 1 2780.dat
1 0 30 -60 70 1 0 0 0 1 0 0 0 1 2780.dat
1 0 -40 -78.257 10.076 0 -1 0 -0.317 0 -0.948 0.948 0 -0.317 32140.dat
1 1 -30 -78.257 10.076 -1 0 0 0 0.948 0.317 0 0.317 -0.948 43093.dat
1 0 40 -78.257 10.076 0 -1 0 -0.317 0 -0.948 0.948 0 -0.317 32140.dat
1 1 30 -78.257 10.076 1 0 0 0 0.948 -0.317 0 0.317 0.948 43093.dat
1 71 0 -120 130 0 0.981 0.194 1 0 0 0 0.194 -0.981 4519.dat
1 0 0 -140 130 0.194 0.981 0 0 0 -1 -0.981 0.194 0 32270.dat
1 71 0 -125 130 0.194 0.981 0 0 0 -1 -0.981 0.194 0 32123.dat
1 71 0 -115 130 0.194 0.981 0 0 0 -1 -0.981 0.194 0 32123.dat
1 4 -60 0 210 0 0 1 -1 0 0 0 -1 0 55982.dat
1 4 -70 0 50 0 0 1 -1 0 0 0 -1 0 55982.dat
1 4 70 0 50 0 0 -1 -1 0 0 0 1 0 55982.dat
1 4 60 0 210 0 0 -1 -1 0 0 0 1 0 55982.dat
