0 Main
0 Name: 897-1 - Mobile Rocket Launcher.mpd
0 Author: LTRON
1 7 0 -4 -190 1 0 0 0 1 0 0 0 1 3023.dat
1 7 0 -4 -120 0 0 1 0 1 0 -1 0 0 3795.dat
1 7 0 -4 -40 -1 0 0 0 1 0 0 0 -1 3731.dat
1 7 0 4 -60 -1 0 0 0 1 0 0 0 -1 122.dat
1 7 0 4 -100 -1 0 0 0 1 0 0 0 -1 122.dat
1 7 0 4 -180 -1 0 0 0 1 0 0 0 -1 122.dat
1 7 0 4 -140 -1 0 0 0 1 0 0 0 -1 3020.dat
1 256 30 10 -180 0 0 1 0 1 0 -1 0 0 3641.dat
1 256 -30 10 -180 0 0 1 0 1 0 -1 0 0 3641.dat
1 256 30 10 -100 0 0 1 0 1 0 -1 0 0 3641.dat
1 256 -30 10 -100 0 0 1 0 1 0 -1 0 0 3641.dat
1 256 30 10 -60 0 0 1 0 1 0 -1 0 0 3641.dat
1 256 -30 10 -60 0 0 1 0 1 0 -1 0 0 3641.dat
1 7 0 -20 -180 -1 0 0 0 1 0 0 0 -1 3787.dat
1 7 0 -20 -100 -1 0 0 0 1 0 0 0 -1 3787.dat
1 7 0 -20 -60 -1 0 0 0 1 0 0 0 -1 3787.dat
1 7 0 -20 -170 1 0 0 0 1 0 0 0 1 3829.dat
1 7 0 -20 -190 1 0 0 0 1 0 0 0 1 3794.dat
1 7 0 -20 -60 1 0 0 0 1 0 0 0 1 3680.dat
1 7 0 -20 -60 0.951056 0 -0.309018 0 1 0 0.309018 0 0.951056 3679.dat
1 7 0 -28 -60 0.951056 0 -0.309018 0 1 0 0.309018 0 0.951056 3020.dat
1 7 19.0211 -36 -53.8196 0.309018 0 0.951056 0 1 0 -0.951056 0 0.309018 3020.dat
1 7 12.8408 -44 -34.7985 0.309018 0 0.951056 0 1 0 -0.951056 0 0.309018 3022.dat
1 7 -19.0211 -36 -66.1804 -0.951056 0 0.309018 0 1 0 -0.309018 0 -0.951056 3956.dat
1 7 9.7506 -68 -25.288 0.951056 0 -0.309018 0 1 0 0.309018 0 0.951056 3039.dat
1 7 -25.2015 -96 -47.1592 0 0.309018 0.951056 -1 0 0 0 -0.951056 0.309018 3795.dat
1 7 -22.7293 -146 -54.7677 0.951056 0.309018 0 0 0 1 0.309018 -0.951056 0 3938.dat
1 7 -22.1071 -139.9819 -56.6828 0.951056 0.246793 0.185972 0 -0.601815 0.798636 0.309018 -0.759548 -0.57236 3937.dat
1 7 -25.6946 -154.4254 -78.0021 0.951056 0.246793 0.185972 0 -0.601815 0.798636 0.309018 -0.759548 -0.57236 3024.dat
1 7 -23.7203 -159.2399 -84.0785 0.951056 0.246793 0.185972 0 -0.601815 0.798636 0.309018 -0.759548 -0.57236 3960.dat
1 34 -19.7716 -168.869 -96.2312 0.951056 0.246793 0.185972 0 -0.601815 0.798636 0.309018 -0.759548 -0.57236 3062.dat
1 7 0 -20 -190 -1 0 0 0 1 0 0 0 -1 3838.dat
1 7 0 -4 130 0 0 1 0 1 0 -1 0 0 3034.dat
1 7 0 4 210 -1 0 0 0 1 0 0 0 -1 122.dat
1 7 0 4 50 -1 0 0 0 1 0 0 0 -1 122.dat
1 256 30 10 50 0 0 1 0 1 0 -1 0 0 3641.dat
1 256 -30 10 50 0 0 1 0 1 0 -1 0 0 3641.dat
1 256 -30 10 210 0 0 1 0 1 0 -1 0 0 3641.dat
1 256 30 10 210 0 0 1 0 1 0 -1 0 0 3641.dat
1 7 0 -4 220 -1 0 0 0 1 0 0 0 -1 3023.dat
1 7 0 -4 30 1 0 0 0 1 0 0 0 1 3730.dat
1 7 0 -20 50 1 0 0 0 1 0 0 0 1 3787.dat
1 7 0 -20 210 1 0 0 0 1 0 0 0 1 3787.dat
1 7 0 -20 40 1 0 0 0 1 0 0 0 1 3794.dat
1 7 0 -12 130 0 0 1 0 1 0 -1 0 0 3795.dat
1 7 0 -60 230 1 0 0 0 1 0 0 0 1 3479.dat
1 7 0 -60 110 -1 0 0 0 1 0 0 0 -1 3479.dat
1 7 0 -66 260 1 0 0 0 1 0 0 0 1 3324.dat
1 4 0 -66 260 1 0 0 0 1 0 0 0 1 313.dat
1 7 0 -26 50 0 0 -1 0 1 0 1 0 0 3023.dat
1 7 0 -34 60 0 0 -1 0 1 0 1 0 0 3024.dat
1 36 0 -42 60 0 0 -1 0 1 0 1 0 0 3024.dat
1 7 0 -50 40 1 0 0 0 1 0 0 0 1 3963.dat
1 4 30 -40 40 0 1 0 -1 0 0 0 0 1 3794.dat
1 4 -30 -40 40 0 -1 0 1 0 0 0 0 1 3794.dat
1 7 0 -58 40 0 0 -1 0 1 0 1 0 0 3957.dat
1 7 0 -66 260 1 0 0 0 1 0 0 0 1 314.dat
1 7 0 -84 230 1 0 0 0 1 0 0 0 1 3956.dat
1 15 0 -104 210 0 0 -1 -1 0 0 0 1 0 3941.dat
1 0 0 -104 234 0 0 -1 -1 0 0 0 1 0 3941.dat
1 15 0 -104 258 0 0 -1 -1 0 0 0 1 0 3941.dat
1 15 0 -104 282 0 0 -1 -1 0 0 0 1 0 3941.dat
1 0 0 -104 306 0 0 -1 -1 0 0 0 1 0 3942.dat
1 15 0 -104 178 0 0 -1 -1 0 0 0 1 0 3941.dat
1 15 0 -104 154 0 0 -1 -1 0 0 0 1 0 3941.dat
1 0 0 -104 130 0 0 -1 -1 0 0 0 1 0 3941.dat
1 15 0 -104 106 0 0 -1 -1 0 0 0 1 0 3941.dat
1 15 0 -104 58 0 0 -1 -1 0 0 0 1 0 3942.dat
