0 Main
0 Name: 21307 - Caterham Seven 620R.mpd
0 Author: LTRON
1 72 10 -25.173 -111.321 0 -1 0 -0.999 0 0.04 -0.04 0 -0.999 32526.dat
1 0 20 -25.173 -111.321 -1 0 0 0 -0.04 0.999 0 0.999 0.04 2780.dat
1 0 20 -23.573 -151.281 -1 0 0 0 -0.04 0.999 0 0.999 0.04 2780.dat
1 1 30 -21.973 -191.241 1 0 0 0 0.04 0.999 0 -0.999 0.04 6558.dat
1 0 0 -24.373 -131.301 -1 0 0 0 -0.04 0.999 0 0.999 0.04 2780.dat
1 0 0 -22.773 -171.261 -1 0 0 0 -0.04 0.999 0 0.999 0.04 2780.dat
1 0 0 -41.953 -192.041 -1 0 0 0 -0.04 0.999 0 0.999 0.04 2780.dat
1 72 -10 -25.173 -111.321 0 -1 0 -0.999 0 0.04 -0.04 0 -0.999 32526.dat
1 1 -30 -21.973 -191.241 -1 0 0 0 -0.04 0.999 0 0.999 0.04 6558.dat
1 0 -20 -23.573 -151.281 -1 0 0 0 -0.04 0.999 0 0.999 0.04 2780.dat
1 0 -20 -25.173 -111.321 -1 0 0 0 -0.04 0.999 0 0.999 0.04 2780.dat
1 0 30 -35.963 -91.741 0 0 1 0.04 0.999 0 -0.999 0.04 0 3895.dat
1 0 20 -29.973 8.559 -1 0 0 0 -0.04 0.999 0 0.999 0.04 2780.dat
1 0 20 -28.373 -31.401 -1 0 0 0 -0.04 0.999 0 0.999 0.04 2780.dat
1 0 20 -26.773 -71.361 -1 0 0 0 -0.04 0.999 0 0.999 0.04 2780.dat
1 72 10 -38.363 -31.801 0 0 1 0.04 0.999 0 -0.999 0.04 0 3894.dat
1 0 0 -27.573 -51.381 -1 0 0 0 -0.04 0.999 0 0.999 0.04 2780.dat
1 0 0 -29.173 -11.421 -1 0 0 0 -0.04 0.999 0 0.999 0.04 2780.dat
1 72 -10 -42.363 68.099 0 0 -1 -0.04 0.999 0 0.999 0.04 0 3703.dat
1 0 -20 -26.773 -71.361 -1 0 0 0 -0.04 0.999 0 0.999 0.04 2780.dat
1 0 -20 -28.373 -31.401 -1 0 0 0 -0.04 0.999 0 0.999 0.04 2780.dat
1 0 -20 -29.973 8.559 -1 0 0 0 -0.04 0.999 0 0.999 0.04 2780.dat
1 0 -30 -35.963 -91.741 0 0 1 0.04 0.999 0 -0.999 0.04 0 3895.dat
1 72 -10 -51.163 287.879 0 0 1 0.04 0.999 0 -0.999 0.04 0 3894.dat
1 0 0 -42.773 328.239 -1 0 0 0 0.999 0.04 0 0.04 -0.999 2780.dat
1 0 0 -39.573 248.319 -1 0 0 0 0.999 0.04 0 0.04 -0.999 2780.dat
1 72 10 -47.163 187.979 0 0 -1 -0.04 0.999 0 0.999 0.04 0 3703.dat
1 0 0 -37.973 208.359 -1 0 0 0 0.999 0.04 0 0.04 -0.999 2780.dat
1 0 0 -34.773 128.439 -1 0 0 0 0.999 0.04 0 0.04 -0.999 2780.dat
1 0 0 -31.573 48.519 -1 0 0 0 0.999 0.04 0 0.04 -0.999 2780.dat
1 19 -30 -39.955 -191.961 0 0 1 0.04 0.999 0 -0.999 0.04 0 3023.dat
1 19 30 -39.955 -191.961 0 0 1 0.04 0.999 0 -0.999 0.04 0 3023.dat
1 72 0 -41.155 -161.991 -1 0 0 0 0.999 0.04 0 0.04 -0.999 3710.dat
1 0 0 -42.755 -122.031 -1 0 0 0 0.999 0.04 0 0.04 -0.999 88646.dat
1 0 0 -45.555 -52.101 1 0 0 0 0.999 -0.04 0 0.04 0.999 6179.dat
1 179 0 -47.555 -2.151 1 0 0 0 0.999 -0.04 0 0.04 0.999 2412.dat
1 0 -40 -49.155 37.809 -1 0 0 0 0.999 0.04 0 0.04 -0.999 11215.dat
1 0 40 -49.155 37.809 -1 0 0 0 0.999 0.04 0 0.04 -0.999 11215.dat
1 4 -10 -59.955 307.539 0 0 -1 -0.04 0.999 0 0.999 0.04 0 32530.dat
1 4 10 -59.955 307.539 0 0 -1 -0.04 0.999 0 0.999 0.04 0 32530.dat
1 72 80 -61.953 307.459 -1 0 0 0 0.999 0.04 0 0.04 -0.999 55013.dat
1 72 -76 -61.953 307.459 1 0 0 0 0.999 -0.04 0 0.04 0.999 55013.dat
1 71 60 -51.963 307.859 0 0 1 0.04 0.999 0 -0.999 0.04 0 32324.dat
1 1 30 -41.973 308.259 1 0 0 0 0.999 -0.04 0 0.04 0.999 6558.dat
1 1 50 -61.953 307.459 0 -1 0 -0.04 0 -0.999 0.999 0 -0.04 32523.dat
1 71 -60 -51.963 307.859 0 0 -1 -0.04 0.999 0 0.999 0.04 0 32324.dat
1 1 -30 -41.973 308.259 -1 0 0 0 0.999 0.04 0 0.04 -0.999 6558.dat
1 1 -50 -61.953 307.459 0 1 0 0.04 0 -0.999 -0.999 0 -0.04 32523.dat
1 19 80 -58.755 277.569 1 0 0 0 0.999 -0.04 0 0.04 0.999 3023.dat
1 19 -80 -58.755 277.569 1 0 0 0 0.999 -0.04 0 0.04 0.999 3023.dat
1 14 0 -61.155 337.509 1 0 0 0 0.999 -0.04 0 0.04 0.999 4477.dat
1 71 0 -57.555 247.599 0 0 1 0.04 0.999 0 -0.999 0.04 0 3020.dat
1 72 40 -57.955 257.589 1 0 0 0 0.999 -0.04 0 0.04 0.999 18671.dat
1 72 -40 -57.955 257.589 1 0 0 0 0.999 -0.04 0 0.04 0.999 18671.dat
1 0 0 -69.147 337.189 1 0 0 0 0.999 -0.04 0 0.04 0.999 4477.dat
1 0 0 -66.747 277.249 1 0 0 0 0.999 -0.04 0 0.04 0.999 4477.dat
1 14 60 -29.979 158.649 1 0 0 0 0.999 -0.04 0 0.04 0.999 3710.dat
1 0 50 -35.971 108.379 0 0 -1 -0.04 0.999 0 0.999 0.04 0 6636.dat
1 0 40 -28.379 118.689 0 0 -1 -0.04 0.999 0 0.999 0.04 0 3021.dat
1 0 30 -37.571 148.339 0 0 -1 -0.04 0.999 0 0.999 0.04 0 4477.dat
1 14 -60 -29.979 158.649 1 0 0 0 0.999 -0.04 0 0.04 0.999 3710.dat
1 0 -50 -35.971 108.379 0 0 -1 -0.04 0.999 0 0.999 0.04 0 6636.dat
1 0 -40 -28.379 118.689 0 0 -1 -0.04 0.999 0 0.999 0.04 0 3021.dat
1 0 -30 -37.571 148.339 0 0 -1 -0.04 0.999 0 0.999 0.04 0 4477.dat
1 14 80 -77.139 336.869 -1 0 0 0 0.999 0.04 0 0.04 -0.999 44728.dat
1 14 -80 -77.139 336.869 -1 0 0 0 0.999 0.04 0 0.04 -0.999 44728.dat
1 72 0 -93.123 336.229 -1 0 0 0 0.999 0.04 0 0.04 -0.999 3894.dat
1 14 0 -74.739 276.929 -1 0 0 0 0.999 0.04 0 0.04 -0.999 3666.dat
1 14 80 -74.739 276.929 1 0 0 0 0.999 -0.04 0 0.04 0.999 44728.dat
1 14 -80 -74.739 276.929 1 0 0 0 0.999 -0.04 0 0.04 0.999 44728.dat
1 0 40 -83.533 346.619 0 0 1 0.04 0.999 0 -0.999 0.04 0 2780.dat
1 0 -40 -83.533 346.619 0 0 1 0.04 0.999 0 -0.999 0.04 0 2780.dat
1 0 -40 -43.573 348.219 0 0 1 0.04 0.999 0 -0.999 0.04 0 2780.dat
1 0 40 -43.573 348.219 0 0 1 0.04 0.999 0 -0.999 0.04 0 2780.dat
1 1 40 -63.953 357.409 1 0 0 0 0.04 0.999 0 -0.999 0.04 32523.dat
1 1 -40 -63.953 357.409 1 0 0 0 0.04 0.999 0 -0.999 0.04 32523.dat
1 19 50 -40.771 228.259 0 0 1 0.04 0.999 0 -0.999 0.04 0 3023.dat
1 19 -50 -40.771 228.259 0 0 1 0.04 0.999 0 -0.999 0.04 0 3023.dat
1 4 -40 -48.763 227.939 1 0 0 0 0.999 -0.04 0 0.04 0.999 87580.dat
1 4 40 -48.763 227.939 1 0 0 0 0.999 -0.04 0 0.04 0.999 87580.dat
1 72 80 -85.531 346.539 1 0 0 0 0.999 -0.04 0 0.04 0.999 3022.dat
1 72 -80 -85.531 346.539 1 0 0 0 0.999 -0.04 0 0.04 0.999 3022.dat
1 0 0 -82.731 276.609 1 0 0 0 0.999 -0.04 0 0.04 0.999 4477.dat
1 19 30 -47.163 187.979 0 0 -1 -0.04 0.999 0 0.999 0.04 0 3023.dat
1 19 -30 -47.163 187.979 0 0 -1 -0.04 0.999 0 0.999 0.04 0 3023.dat
1 71 80 -91.923 306.259 1 0 0 0 0.999 -0.04 0 0.04 0.999 26599.dat
1 71 -80 -91.923 306.259 1 0 0 0 0.999 -0.04 0 0.04 0.999 26599.dat
1 4 0 -81.933 306.659 1 0 0 0 0.999 -0.04 0 0.04 0.999 3707.dat
1 0 102 -61.953 307.459 -1 0 0 0 0.999 0.04 0 0.04 -0.999 15461.dat
1 0 -102 -61.953 307.459 1 0 0 0 0.999 -0.04 0 0.04 0.999 15461.dat
1 19 -80 -93.923 356.209 1 0 0 0 0.999 -0.04 0 0.04 0.999 3023.dat
1 19 80 -93.923 356.209 1 0 0 0 0.999 -0.04 0 0.04 0.999 3023.dat
1 72 0 -89.923 256.309 1 0 0 0 0.999 -0.04 0 0.04 0.999 18671.dat
1 19 -40 -90.723 276.289 1 0 0 0 0.999 -0.04 0 0.04 0.999 3023.dat
1 19 40 -90.723 276.289 1 0 0 0 0.999 -0.04 0 0.04 0.999 3023.dat
1 71 0 -101.515 345.899 -1 0 0 0 0.999 0.04 0 0.04 -0.999 6180.dat
1 72 0 -99.115 285.959 -1 0 0 0 0.999 0.04 0 0.04 -0.999 3832.dat
1 0 -80 -101.115 335.909 0 0 -1 -0.04 0.999 0 0.999 0.04 0 3021.dat
1 0 80 -101.115 335.909 0 0 -1 -0.04 0.999 0 0.999 0.04 0 3021.dat
1 0 -90 -107.907 305.619 0 0 -1 -0.04 0.999 0 0.999 0.04 0 3666.dat
1 0 90 -107.907 305.619 0 0 -1 -0.04 0.999 0 0.999 0.04 0 3666.dat
1 0 -90 -97.915 255.989 0 0 -1 -0.04 0.999 0 0.999 0.04 0 3005.dat
1 0 90 -97.915 255.989 0 0 -1 -0.04 0.999 0 0.999 0.04 0 3005.dat
1 0 -70 -109.507 345.579 0 0 -1 -0.04 0.999 0 0.999 0.04 0 63868.dat
1 0 70 -109.507 345.579 0 0 -1 -0.04 0.999 0 0.999 0.04 0 63868.dat
1 0 70 -107.107 285.639 0 0 -1 -0.04 0.999 0 0.999 0.04 0 15573.dat
1 0 50 -107.107 285.639 0 0 -1 -0.04 0.999 0 0.999 0.04 0 15573.dat
1 0 10 -107.107 285.639 0 0 -1 -0.04 0.999 0 0.999 0.04 0 15573.dat
1 0 30 -107.107 285.639 0 0 -1 -0.04 0.999 0 0.999 0.04 0 15573.dat
1 0 -70 -107.107 285.639 0 0 -1 -0.04 0.999 0 0.999 0.04 0 15573.dat
1 0 -50 -107.107 285.639 0 0 -1 -0.04 0.999 0 0.999 0.04 0 15573.dat
1 0 -30 -107.107 285.639 0 0 -1 -0.04 0.999 0 0.999 0.04 0 15573.dat
1 0 -10 -107.107 285.639 0 0 -1 -0.04 0.999 0 0.999 0.04 0 15573.dat
1 0 -40 -108.307 315.609 1 0 0 0 0.999 -0.04 0 0.04 0.999 2431.dat
1 0 40 -108.307 315.609 1 0 0 0 0.999 -0.04 0 0.04 0.999 2431.dat
1 0 -90 -130.683 274.689 1 0 0 0 0.999 -0.04 0 0.04 0.999 3040.dat
1 0 90 -130.683 274.689 1 0 0 0 0.999 -0.04 0 0.04 0.999 3040.dat
1 0 110 -133.483 344.619 0 0 1 0.04 0.999 0 -0.999 0.04 0 3039.dat
1 0 -90 -133.483 344.619 0 0 -1 -0.04 0.999 0 0.999 0.04 0 3039.dat
1 0 -90 -131.883 304.659 0 0 -1 -0.04 0.999 0 0.999 0.04 0 3004.dat
1 0 90 -131.883 304.659 0 0 -1 -0.04 0.999 0 0.999 0.04 0 3004.dat
1 14 -90 -141.475 344.299 0 0 -1 -0.04 0.999 0 0.999 0.04 0 15573.dat
1 14 -90 -139.875 304.339 0 0 -1 -0.04 0.999 0 0.999 0.04 0 15573.dat
1 14 90 -141.475 344.299 0 0 -1 -0.04 0.999 0 0.999 0.04 0 15573.dat
1 14 90 -139.875 304.339 0 0 -1 -0.04 0.999 0 0.999 0.04 0 15573.dat
1 14 -90 -147.867 304.019 0 0 1 0.04 0.999 0 -0.999 0.04 0 4081.dat
1 14 90 -147.867 304.019 0 0 -1 -0.04 0.999 0 0.999 0.04 0 4081.dat
1 14 -90 -149.067 333.989 0 0 -1 -0.04 0.999 0 0.999 0.04 0 3069.dat
1 14 90 -149.067 333.989 0 0 -1 -0.04 0.999 0 0.999 0.04 0 3069.dat
1 0 0 -97.915 255.989 1 0 0 0 0.999 -0.04 0 0.04 0.999 2412.dat
1 0 60 -155.859 303.699 1 0 0 0 0.999 -0.04 0 0.04 0.999 3678.dat
1 0 20 -155.859 303.699 1 0 0 0 0.999 -0.04 0 0.04 0.999 3678.dat
1 0 -20 -155.859 303.699 1 0 0 0 0.999 -0.04 0 0.04 0.999 3678.dat
1 0 -60 -155.859 303.699 1 0 0 0 0.999 -0.04 0 0.04 0.999 3678.dat
1 72 -80 -53.879 255.751 0 0 1 0.999 -0.04 0 0.04 0.999 0 3022.dat
1 1 -70 -52.919 231.775 0 0 1 0.999 -0.04 0 0.04 0.999 0 3004.dat
1 72 -90 -52.919 231.775 0 0 1 0.999 -0.04 0 0.04 0.999 0 3747.dat
1 72 -80 -52.599 223.783 0 0 1 0.999 -0.04 0 0.04 0.999 0 3022.dat
1 14 -110 -52.279 215.791 -1 0 0 0 -0.04 0.999 0 0.999 0.04 6060.dat
1 14 -130 -52.279 215.791 -1 0 0 0 -0.04 0.999 0 0.999 0.04 6060.dat
1 14 -130 -145.389 292.111 -1 0 0 0 -0.04 0.999 0 0.999 0.04 3623.dat
1 14 -150 -52.279 215.791 -1 0 0 0 -0.04 0.999 0 0.999 0.04 6060.dat
1 14 -140 -52.279 215.791 -1 0 0 0 -0.04 0.999 0 0.999 0.04 3068.dat
1 0 -90 -52.279 215.791 -1 0 0 0 -0.04 0.999 0 0.999 0.04 3021.dat
1 0 -120 -61.949 207.399 0 0 1 0.999 -0.04 0 0.04 0.999 0 26603.dat
1 14 -80 -51.959 207.799 0 0 1 0.999 -0.04 0 0.04 0.999 0 3068.dat
1 72 80 -53.879 255.751 0 0 -1 -0.999 -0.04 0 -0.04 0.999 0 3022.dat
1 1 70 -52.919 231.775 0 0 -1 -0.999 -0.04 0 -0.04 0.999 0 3004.dat
1 72 90 -52.919 231.775 0 0 -1 -0.999 -0.04 0 -0.04 0.999 0 3747.dat
1 72 80 -52.599 223.783 0 0 -1 -0.999 -0.04 0 -0.04 0.999 0 3022.dat
1 14 110 -52.279 215.791 -1 0 0 0 -0.04 0.999 0 0.999 0.04 6060.dat
1 14 130 -52.279 215.791 -1 0 0 0 -0.04 0.999 0 0.999 0.04 6060.dat
1 14 130 -145.389 292.111 -1 0 0 0 -0.04 0.999 0 0.999 0.04 3623.dat
1 14 150 -52.279 215.791 -1 0 0 0 -0.04 0.999 0 0.999 0.04 6060.dat
1 14 140 -52.279 215.791 -1 0 0 0 -0.04 0.999 0 0.999 0.04 3068.dat
1 0 90 -52.279 215.791 -1 0 0 0 -0.04 0.999 0 0.999 0.04 3021.dat
1 14 80 -51.959 207.799 0 0 -1 -0.999 -0.04 0 -0.04 0.999 0 3068.dat
1 0 120 -61.949 207.399 0 0 -1 -0.999 -0.04 0 -0.04 0.999 0 26603.dat
1 14 -90 -164.251 313.369 1 0 0 0 0.999 -0.04 0 0.04 0.999 6060.dat
1 14 90 -164.251 313.369 1 0 0 0 0.999 -0.04 0 0.04 0.999 6060.dat
1 14 -90 -80.731 226.659 0 0 1 0.04 0.999 0 -0.999 0.04 0 15573.dat
1 14 90 -80.731 226.659 0 0 1 0.04 0.999 0 -0.999 0.04 0 15573.dat
1 0 -90 -164.651 323.359 1 0 0 0 0.999 -0.04 0 0.04 0.999 3070.dat
1 0 90 -164.651 323.359 1 0 0 0 0.999 -0.04 0 0.04 0.999 3070.dat
1 0 80 -163.851 303.379 1 0 0 0 0.999 -0.04 0 0.04 0.999 30383.dat
1 0 -80 -163.851 303.379 -1 0 0 0 0.999 0.04 0 0.04 -0.999 30383.dat
1 0 0 -163.851 303.379 1 0 0 0 0.999 -0.04 0 0.04 0.999 3666.dat
1 0 -40 -171.843 303.059 1 0 0 0 0.999 -0.04 0 0.04 0.999 2431.dat
1 0 40 -171.843 303.059 1 0 0 0 0.999 -0.04 0 0.04 0.999 2431.dat
1 72 80 -58.039 359.647 0 0 -1 0.999 0.04 0 0.04 -0.999 0 3022.dat
1 72 90 -58.999 383.623 0 0 -1 0.999 0.04 0 0.04 -0.999 0 3747.dat
1 14 110 -59.639 399.607 1 0 0 0 0.04 0.999 0 -0.999 0.04 6060.dat
1 14 130 -59.639 399.607 1 0 0 0 0.04 0.999 0 -0.999 0.04 6060.dat
1 14 130 -146.349 316.087 1 0 0 0 0.04 0.999 0 -0.999 0.04 3623.dat
1 14 140 -146.029 308.095 1 0 0 0 0.04 0.999 0 -0.999 0.04 3023.dat
1 14 150 -59.639 399.607 1 0 0 0 0.04 0.999 0 -0.999 0.04 6060.dat
1 14 130 -69.629 399.207 1 0 0 0 0.04 0.999 0 -0.999 0.04 3623.dat
1 14 130 -49.649 400.007 1 0 0 0 0.04 0.999 0 -0.999 0.04 63864.dat
1 0 130 -69.949 407.199 1 0 0 0 0.04 0.999 0 -0.999 0.04 3623.dat
1 47 150 -70.269 415.191 1 0 0 0 0.04 0.999 0 -0.999 0.04 3070.dat
1 47 110 -70.269 415.191 1 0 0 0 0.04 0.999 0 -0.999 0.04 3070.dat
1 36 130 -70.269 415.191 1 0 0 0 0.04 0.999 0 -0.999 0.04 3070.dat
1 72 -80 -58.039 359.647 0 0 1 -0.999 0.04 0 -0.04 -0.999 0 3022.dat
1 72 -90 -58.999 383.623 0 0 1 -0.999 0.04 0 -0.04 -0.999 0 3747.dat
1 14 -110 -59.639 399.607 1 0 0 0 0.04 0.999 0 -0.999 0.04 6060.dat
1 14 -130 -59.639 399.607 1 0 0 0 0.04 0.999 0 -0.999 0.04 6060.dat
1 14 -130 -146.349 316.087 1 0 0 0 0.04 0.999 0 -0.999 0.04 3623.dat
1 14 -140 -146.029 308.095 1 0 0 0 0.04 0.999 0 -0.999 0.04 3023.dat
1 14 -150 -59.639 399.607 1 0 0 0 0.04 0.999 0 -0.999 0.04 6060.dat
1 14 -130 -69.629 399.207 1 0 0 0 0.04 0.999 0 -0.999 0.04 3623.dat
1 14 -130 -49.649 400.007 1 0 0 0 0.04 0.999 0 -0.999 0.04 63864.dat
1 0 -130 -69.949 407.199 1 0 0 0 0.04 0.999 0 -0.999 0.04 3623.dat
1 47 -150 -70.269 415.191 1 0 0 0 0.04 0.999 0 -0.999 0.04 3070.dat
1 47 -110 -70.269 415.191 1 0 0 0 0.04 0.999 0 -0.999 0.04 3070.dat
1 36 -130 -70.269 415.191 1 0 0 0 0.04 0.999 0 -0.999 0.04 3070.dat
1 0 0 -51.155 87.759 0 0 -1 -0.04 0.999 0 0.999 0.04 0 3738.dat
1 72 0 -73.931 56.829 0 0 -1 -0.04 0.999 0 0.999 0.04 0 3002.dat
1 0 0 -75.531 96.789 -1 0 0 0 0.999 0.04 0 0.04 -0.999 3937.dat
1 0 0 -60.347 117.409 1 0 0 0 0.999 -0.04 0 0.04 0.999 15573.dat
1 0 0 -61.147 137.389 1 0 0 0 0.999 -0.04 0 0.04 0.999 15573.dat
1 0 0 -61.947 157.369 1 0 0 0 0.999 -0.04 0 0.04 0.999 15573.dat
1 0 0 -69.139 137.069 1 0 0 0 0.999 -0.04 0 0.04 0.999 3024.dat
1 0 0 -69.939 157.049 0 0 -1 -0.04 0.999 0 0.999 0.04 0 15712.dat
1 72 0 -74.3923 101.8376 -1 0 0 0 0.885134 -0.46486 0 -0.46486 -0.885134 3938.dat
1 71 -10 -81.4734 105.5565 -1 0 0 0 0.885134 -0.46486 0 -0.46486 -0.885134 85861.dat
1 0 10 -81.4734 105.5565 -1 0 0 0 0.885134 -0.46486 0 -0.46486 -0.885134 3070.dat
1 72 -10 -92.096 111.1348 -1 0 0 0 0.46486 0.885134 0 0.885134 -0.46486 22484.dat
1 0 0 -75.933 156.809 0 0 1 0.885134 0.46486 0 -0.46486 0.885134 0 23443.dat
1 71 0 -72.331 16.869 1 0 0 0 0.999 -0.04 0 0.04 0.999 3009.dat
1 71 40 -73.131 36.849 -1 0 0 0 0.999 0.04 0 0.04 -0.999 3660.dat
1 71 -40 -73.131 36.849 -1 0 0 0 0.999 0.04 0 0.04 -0.999 30236.dat
1 71 -56 -53.4361 95.8746 1 0 0 0 0.04 0.999 0 -0.999 0.04 30377.dat
1 71 -24 -53.4361 95.8746 1 0 0 0 0.04 0.999 0 -0.999 0.04 30377.dat
1 71 -40 -53.4361 95.8746 1 0 0 0 0.04 0.999 0 -0.999 0.04 30377.dat
1 0 -40 -71.531 -3.111 1 0 0 0 0.999 -0.04 0 0.04 0.999 3004.dat
1 72 0 -80.723 26.539 1 0 0 0 0.999 -0.04 0 0.04 0.999 3795.dat
1 0 40 -54.347 -32.441 1 0 0 0 0.999 -0.04 0 0.04 0.999 41770.dat
1 72 -40 -79.523 -3.431 1 0 0 0 0.999 -0.04 0 0.04 0.999 3023.dat
1 72 40 -81.923 56.509 1 0 0 0 0.999 -0.04 0 0.04 0.999 3023.dat
1 71 0 -74.731 76.809 1 0 0 0 0.999 -0.04 0 0.04 0.999 85984.dat
1 72 0 -88.315 16.229 1 0 0 0 0.999 -0.04 0 0.04 0.999 3023.dat
1 71 0 -89.115 36.209 -1 0 0 0 0.999 0.04 0 0.04 -0.999 44567.dat
1 0 0 -92.0301 65.3819 -1 0 0 0 -0.911073 -0.411705 0 -0.411705 0.911073 30553.dat
1 4 0 -100.2564 83.6077 0 0 1 -0.411705 -0.911073 0 0.911073 -0.411705 0 32062.dat
1 0 -40 -88.715 26.219 0 0 -1 -0.04 0.999 0 0.999 0.04 0 3020.dat
1 72 -40 -97.907 55.869 1 0 0 0 0.999 -0.04 0 0.04 0.999 3023.dat
1 0 -40 -95.507 -4.071 1 0 0 0 0.999 -0.04 0 0.04 0.999 2412.dat
1 0 -20 -96.707 25.899 1 0 0 0 0.999 -0.04 0 0.04 0.999 87079.dat
1 0 -40 -105.899 55.549 1 0 0 0 0.999 -0.04 0 0.04 0.999 63868.dat
1 0 -40 -113.891 55.229 1 0 0 0 0.999 -0.04 0 0.04 0.999 2540.dat
1 0 -16 -111.093 35.329 0 -1 0 -0.95939 0 0.279559 -0.279559 0 -0.95939 44676.dat
1 15 -50 -121.883 54.909 1 0 0 0 0.999 -0.04 0 0.04 0.999 3070.dat
1 71 -30 -121.883 54.909 1 0 0 0 0.999 -0.04 0 0.04 0.999 98138.dat
1 329 30 -105.899 55.549 1 0 0 0 0.999 -0.04 0 0.04 0.999 3626.dat
1 71 40 -79.123 -13.421 1 0 0 0 0.999 -0.04 0 0.04 0.999 6143.dat
1 71 40 -87.115 -13.741 1 0 0 0 0.999 -0.04 0 0.04 0.999 18674.dat
1 0 30 -113.891 55.229 1 0 0 0 0.999 -0.04 0 0.04 0.999 98138.dat
1 0 -30 -70.331 -33.081 0 0 1 0.04 0.999 0 -0.999 0.04 0 3004.dat
1 0 50 -88.715 26.219 0 0 1 0.04 0.999 0 -0.999 0.04 0 11458.dat
1 0 50 -97.107 35.889 1 0 0 0 0.999 -0.04 0 0.04 0.999 3024.dat
1 0 50 -97.107 35.889 1 0 0 0 0.999 -0.04 0 0.04 0.999 54200.dat
1 0 -30 -78.323 -33.401 0 0 -1 -0.04 0.999 0 0.999 0.04 0 2412.dat
1 71 -20 -65.131 -162.951 1 0 0 0 0.999 -0.04 0 0.04 0.999 32000.dat
1 71 20 -65.131 -162.951 1 0 0 0 0.999 -0.04 0 0.04 0.999 32000.dat
1 72 0 -73.123 -163.271 1 0 0 0 0.999 -0.04 0 0.04 0.999 3710.dat
1 71 0 -50.747 -122.351 0 0 1 0.04 0.999 0 -0.999 0.04 0 3021.dat
1 71 10 -59.139 -112.681 0 0 1 0.04 0.999 0 -0.999 0.04 0 2431.dat
1 71 0 -52.347 -82.391 -1 0 0 0 0.999 0.04 0 0.04 -0.999 99207.dat
1 71 -10 -59.939 -92.701 0 0 1 0.04 0.999 0 -0.999 0.04 0 99780.dat
1 71 -10 -58.339 -132.661 0 0 1 0.04 0.999 0 -0.999 0.04 0 99780.dat
1 0 -32 -59.937 -142.731 0 1 0 0.04 0 -0.999 -0.999 0 -0.04 6141.dat
1 0 -40 -59.937 -142.731 0 1 0 0.04 0 -0.999 -0.999 0 -0.04 98138.dat
1 71 -32 -62.337 -82.791 0 1 0 0.04 0 -0.999 -0.999 0 -0.04 98138.dat
1 179 -32 -61.137 -112.761 0 1 0 0.04 0 -0.999 -0.999 0 -0.04 2412.dat
1 71 -10 -66.331 -132.981 0 0 -1 -0.04 0.999 0 0.999 0.04 0 99780.dat
1 71 -10 -67.931 -93.021 0 0 -1 -0.04 0.999 0 0.999 0.04 0 99780.dat
1 72 -10 -75.123 -113.321 0 0 -1 -0.04 0.999 0 0.999 0.04 0 3710.dat
1 71 4 -68.329 -133.061 0 -1 0 -0.04 0 -0.999 0.999 0 -0.04 85984.dat
1 71 4 -69.929 -93.101 0 -1 0 -0.04 0 -0.999 0.999 0 -0.04 85984.dat
1 71 0 -65.855 -44.909 -1 0 0 0 0.04 -0.999 0 -0.999 -0.04 98100.dat
1 71 -10 -99.899 -94.301 0 0 -1 -0.04 0.999 0 0.999 0.04 0 52107.dat
1 71 -10 -98.299 -134.261 0 0 -1 -0.04 0.999 0 0.999 0.04 0 52107.dat
1 71 24 -88.309 -133.861 0 -1 0 0.04 0 0.999 -0.999 0 0.04 3937.dat
1 71 24 -89.909 -93.901 0 -1 0 0.04 0 0.999 -0.999 0 0.04 3937.dat
1 72 -21 -87.909 -143.851 0 1 0 0.971079 0 -0.237284 -0.237284 0 -0.971079 30132.dat
1 72 -21 -88.709 -123.871 0 1 0 0.885134 0 -0.46486 -0.46486 0 -0.885134 30132.dat
1 72 -21 -89.509 -103.891 0 1 0 0.56339 0 -0.825952 -0.825952 0 -0.56339 30132.dat
1 72 -21 -90.309 -83.911 0 1 0 0.04 0 -0.999 -0.999 0 -0.04 30132.dat
1 72 22.295 -93.8884 -134.0844 0 -0.83 0.558 0.04 0.557442 0.82917 -0.999 0.02232 0.0332 3938.dat
1 72 22.295 -95.4884 -94.1244 0 -0.83 0.558 0.04 0.557442 0.82917 -0.999 0.02232 0.0332 3938.dat
1 72 28.932 -99.1509 -114.2831 0 -0.83 0.558 0.04 0.557442 0.82917 -0.999 0.02232 0.0332 3023.dat
1 72 22.295 -94.6884 -114.1044 -0.558 -0.83 0 -0.82917 0.557442 0.04 -0.0332 0.02232 -0.999 93273.dat
1 0 -10 -106.291 -134.581 0 0 -1 -0.04 0.999 0 0.999 0.04 0 48336.dat
1 0 -10 -107.891 -94.621 0 0 -1 -0.04 0.999 0 0.999 0.04 0 48336.dat
1 71 0 -66.175 -36.917 0 0 -1 0.999 0.04 0 0.04 -0.999 0 3024.dat
1 71 0 -66.495 -28.925 0 0 -1 0.999 0.04 0 0.04 -0.999 0 3024.dat
1 71 0 -67.455 -4.949 0 0 -1 0.999 0.04 0 0.04 -0.999 0 4733.dat
1 71 0 -67.775 3.043 0 0 -1 0.999 0.04 0 0.04 -0.999 0 98138.dat
1 179 0 -84.637 -25.649 0 0 -1 -0.04 0.999 0 0.999 0.04 0 2412.dat
1 179 -18 -66.655 -24.929 0 1 0 -0.04 0 0.999 0.999 0 0.04 2412.dat
1 179 18 -66.655 -24.929 0 -1 0 -0.04 0 -0.999 0.999 0 -0.04 2412.dat
1 16 40 -94.309 15.989 0 1 0 -0.04 0 0.999 0.999 0 0.04 165.dat
1 16 30 -55.541 -152.561 -1 0 0 0 0.04 -0.999 0 -0.999 -0.04 165.dat
1 16 36.4884 -94.212 15.8615 -0.037357 4.006323 0.026109 -0.039647 -0.110622 0.998633 0.998316 0.145462 0.040637 166.dat
1 16 33.5088 -93.9111 15.4501 -0.125865 3.964211 0.084283 -0.036586 -0.358975 0.995113 0.991174 0.489949 0.04743 166.dat
1 16 30.6424 -93.3593 14.6573 -0.250866 3.83042 0.157639 -0.026945 -0.680341 0.984935 0.967453 0.973903 0.068292 166.dat
1 16 28.0093 -92.538 13.4126 -0.403974 3.547483 0.233183 -0.006838 -1.033789 0.965976 0.914562 1.558615 0.110182 166.dat
1 16 25.7708 -91.4606 11.6823 -0.575222 3.059212 0.295385 0.026706 -1.376921 0.938623 0.817398 2.196966 0.177118 166.dat
1 16 24.0081 -90.2141 9.5614 -0.723872 2.446914 0.322108 0.065769 -1.618733 0.912339 0.686655 2.733554 0.252045 166.dat
1 16 22.7365 -88.8849 7.1585 -0.836858 1.798072 0.314097 0.102303 -1.746426 0.894151 0.537664 3.12983 0.318556 166.dat
1 16 21.8367 -87.5453 4.6016 -0.902981 1.280679 0.287494 0.126052 -1.775198 0.887571 0.410686 3.359584 0.359442 166.dat
1 16 21.2282 -86.2273 1.9508 -0.941764 0.874863 0.255917 0.140025 -1.754037 0.888093 0.30566 3.497984 0.381346 166.dat
1 16 20.8407 -84.9465 -0.758 -0.96392 0.565304 0.225807 0.14679 -1.708382 0.892523 0.221995 3.583239 0.389919 166.dat
1 16 20.609 -83.7058 -3.5025 -0.975872 0.343949 0.200795 0.148557 -1.655982 0.898352 0.159956 3.635531 0.390209 166.dat
1 16 20.5046 -82.5088 -6.2738 -0.983012 0.16755 0.178722 0.147585 -1.598716 0.904937 0.109051 3.673371 0.385696 166.dat
1 16 20.4916 -81.352 -9.0641 -0.98693 0.038417 0.160867 0.144785 -1.544653 0.911206 0.070687 3.700025 0.378732 166.dat
1 16 20.558 -80.2384 -11.871 -0.98933 -0.070378 0.144633 0.140742 -1.487736 0.917704 0.037549 3.722809 0.369473 166.dat
1 16 20.68 -79.1621 -14.6906 -0.990606 -0.149029 0.131602 0.136116 -1.437095 0.923401 0.012844 3.740344 0.360026 166.dat
1 16 21.048 -77.1168 -20.357 -0.991451 -0.415365 0.116301 0.129531 -2.389259 0.931137 -0.015509 6.587373 0.345057 166.dat
1 16 21.5396 -75.2105 -26.068 -0.991984 -0.559646 0.098051 0.118481 -2.228322 0.940655 -0.04386 6.632949 0.32428 166.dat
1 16 22.1015 -73.427 -31.812 -0.992243 -0.645923 0.083608 0.107459 -2.084258 0.948645 -0.062454 6.67183 0.304445 166.dat
1 16 22.7055 -71.7629 -37.5876 -0.992496 -0.697654 0.071253 0.096356 -1.9451 0.955806 -0.075235 6.708543 0.284537 166.dat
1 16 23.3277 -70.2013 -43.3897 -0.992829 -0.721162 0.061157 0.086117 -1.824458 0.961591 -0.082878 6.73988 0.26684 166.dat
1 16 24.2649 -68.0491 -52.1361 -0.993325 -1.037622 0.051054 0.074614 -2.395026 0.968004 -0.087938 9.683898 0.244875 166.dat
1 16 25.1757 -66.1082 -60.9399 -0.994124 -1.009584 0.039849 0.060866 -2.160875 0.974421 -0.089483 9.741767 0.22027 166.dat
1 16 26.0352 -64.3603 -69.7891 -0.994993 -0.954394 0.030608 0.048684 -1.946175 0.979588 -0.08726 9.792454 0.197667 166.dat
1 16 26.8285 -62.791 -78.6779 -0.995862 -0.881934 0.023008 0.038109 -1.747701 0.983766 -0.082481 9.836579 0.176852 166.dat
1 16 27.5449 -61.3891 -87.6012 -0.996693 -0.797513 0.016823 0.02908 -1.561674 0.987178 -0.075863 9.875001 0.157475 166.dat
1 16 28.1728 -60.1529 -96.5556 -0.997491 -0.700154 0.011822 0.021347 -1.378153 0.990087 -0.067479 9.909638 0.138529 166.dat
1 16 28.7161 -59.058 -105.5339 -0.998139 -0.606418 0.008053 0.015373 -1.220317 0.992254 -0.059003 9.936472 0.122352 166.dat
1 16 29.2811 -57.8493 -117.2847 -0.998822 -0.629406 0.005011 0.009964 -1.342752 0.994436 -0.047476 12.954763 0.103315 166.dat
1 16 29.5942 -57.1007 -126.0637 -0.999331 -0.366031 0.002512 0.005654 -0.86537 0.996056 -0.036127 9.985362 0.086414 166.dat
1 16 29.8816 -56.2626 -138.1073 -0.999704 -0.316709 0.0012 0.002899 -0.913518 0.99734 -0.024136 13.003465 0.070095 166.dat
1 16 29.9974 -55.6396 -150.172 -0.999948 -0.132313 0.000275 0.000805 -0.681542 0.998434 -0.010115 13.020863 0.052263 166.dat
1 16 30.0015 -55.5164 -153.1303 -0.999997 -0.010371 0.000012 0.000123 -0.172776 0.998872 -0.002583 4.005953 0.043081 166.dat
1 0 -10 -104.301 65.619 1 0 0 0 -0.04 -0.999 0 0.999 -0.04 88704.dat
1 14 50 -55.155 187.659 0 0 -1 -0.04 0.999 0 0.999 0.04 0 11215.dat
1 14 -50 -55.155 187.659 0 0 1 0.04 0.999 0 -0.999 0.04 0 11215.dat
1 14 70 -39.571 198.289 0 0 1 0.04 0.999 0 -0.999 0.04 0 63325.dat
1 14 -70 -39.571 198.289 -1 0 0 0 0.999 0.04 0 0.04 -0.999 63325.dat
1 0 0 -63.547 197.329 0 0 1 0.04 0.999 0 -0.999 0.04 0 3021.dat
1 4 -40 -63.147 187.339 0 0 1 0.04 0.999 0 -0.999 0.04 0 87580.dat
1 4 40 -63.147 187.339 0 0 1 0.04 0.999 0 -0.999 0.04 0 87580.dat
1 0 0 -87.923 206.359 0 0 1 0.04 0.999 0 -0.999 0.04 0 30337.dat
1 72 -40 -56.755 227.619 1 0 0 0 0.999 -0.04 0 0.04 0.999 3022.dat
1 72 40 -56.755 227.619 1 0 0 0 0.999 -0.04 0 0.04 0.999 3022.dat
1 0 -50 -64.747 227.299 0 0 -1 -0.04 0.999 0 0.999 0.04 0 92280.dat
1 0 -30 -64.747 227.299 0 0 -1 -0.04 0.999 0 0.999 0.04 0 92280.dat
1 0 30 -64.747 227.299 0 0 -1 -0.04 0.999 0 0.999 0.04 0 92280.dat
1 0 50 -64.747 227.299 0 0 -1 -0.04 0.999 0 0.999 0.04 0 92280.dat
1 0 40 -71.539 197.009 0 0 -1 -0.04 0.999 0 0.999 0.04 0 26603.dat
1 0 -40 -71.539 197.009 0 0 -1 -0.04 0.999 0 0.999 0.04 0 26603.dat
1 71 -40 -113.5856 264.1148 0 0 1 0.900877 0.433211 0 -0.433211 0.900877 0 3020.dat
1 0 -40 -90.025 243.9115 1 0 0 0 0.433211 -0.900877 0 0.900877 0.433211 48336.dat
1 0 -50 -117.0513 256.9078 0 0 1 0.900877 0.433211 0 -0.433211 0.900877 0 99780.dat
1 0 -50 -153.0863 274.2362 0 0 1 0.900877 0.433211 0 -0.433211 0.900877 0 99780.dat
1 0 -30 -117.0513 256.9078 0 0 -1 -0.900877 0.433211 0 0.433211 0.900877 0 99780.dat
1 0 -30 -153.0863 274.2362 0 0 -1 -0.900877 0.433211 0 0.433211 0.900877 0 99780.dat
1 0 -40 -120.517 249.7008 0 0 1 0.900877 0.433211 0 -0.433211 0.900877 0 87079.dat
1 0 -40 -174.5696 275.6935 -1 0 0 0 0.433211 0.900877 0 0.900877 -0.433211 3176.dat
1 0 -40 -196.0528 277.1506 -1 0 0 0 0.433211 0.900877 0 0.900877 -0.433211 14769.dat
1 0 -72 -126.9265 259.4381 0 1 0 0.900877 0 -0.433211 -0.433211 0 -0.900877 3623.dat
1 0 -64 -153.9528 272.4345 0 1 0 0.433211 0 0.900877 0.900877 0 -0.433211 11477.dat
1 0 -80 -108.9089 250.7739 0 1 0 -0.900877 0 0.433211 0.433211 0 0.900877 63864.dat
1 0 -8 -117.9177 255.106 0 -1 0 -0.900877 0 -0.433211 0.433211 0 -0.900877 3023.dat
1 0 -16 -153.9528 272.4345 0 -1 0 -0.433211 0 0.900877 -0.900877 0 -0.433211 11477.dat
1 0 0 -117.9177 255.106 0 -1 0 -0.900877 0 -0.433211 0.433211 0 -0.900877 3069.dat
1 71 40 -113.5856 264.1148 0 0 -1 -0.900877 0.433211 0 0.433211 0.900877 0 3020.dat
1 0 40 -90.025 243.9115 1 0 0 0 0.433211 -0.900877 0 0.900877 0.433211 48336.dat
1 0 50 -117.0513 256.9078 0 0 -1 -0.900877 0.433211 0 0.433211 0.900877 0 99780.dat
1 0 50 -153.0863 274.2362 0 0 -1 -0.900877 0.433211 0 0.433211 0.900877 0 99780.dat
1 0 30 -117.0513 256.9078 0 0 1 0.900877 0.433211 0 -0.433211 0.900877 0 99780.dat
1 0 30 -153.0863 274.2362 0 0 1 0.900877 0.433211 0 -0.433211 0.900877 0 99780.dat
1 0 40 -120.517 249.7008 0 0 -1 -0.900877 0.433211 0 0.433211 0.900877 0 87079.dat
1 0 40 -174.5696 275.6935 -1 0 0 0 0.433211 0.900877 0 0.900877 -0.433211 3176.dat
1 0 40 -196.0528 277.1506 -1 0 0 0 0.433211 0.900877 0 0.900877 -0.433211 14769.dat
1 0 72 -126.9265 259.4381 0 -1 0 -0.900877 0 -0.433211 0.433211 0 -0.900877 3623.dat
1 0 64 -153.9528 272.4345 0 -1 0 -0.433211 0 0.900877 -0.900877 0 -0.433211 11477.dat
1 0 80 -108.9089 250.7739 0 -1 0 0.900877 0 0.433211 -0.433211 0 0.900877 63864.dat
1 0 8 -117.9177 255.106 0 1 0 0.900877 0 -0.433211 -0.433211 0 -0.900877 3023.dat
1 0 16 -153.9528 272.4345 0 1 0 0.433211 0 0.900877 0.900877 0 -0.433211 11477.dat
1 0 0 -117.9177 255.106 0 1 0 0.900877 0 -0.433211 -0.433211 0 -0.900877 3069.dat
1 14 57.547 -19.2101 -110.3038 0.125 0 -0.992 -0.03968 0.999 -0.005 0.991008 0.04 0.124875 3666.dat
1 14 62.528 -28.7897 -70.9745 0.125 0 -0.992 -0.03968 0.999 -0.005 0.991008 0.04 0.124875 4477.dat
1 14 77.47 -25.5603 48.2925 0.125 0 -0.992 -0.03968 0.999 -0.005 0.991008 0.04 0.124875 4477.dat
1 14 79.961 -34.3461 67.7966 0.125 0 -0.992 -0.03968 0.999 -0.005 0.991008 0.04 0.124875 3710.dat
1 14 80 -37.571 148.339 0 0 1 0.04 0.999 0 -0.999 0.04 0 2429.dat
1 14 80 -37.571 148.339 -0.125 0 0.992 0.03968 0.999 0.005 -0.991008 0.04 -0.124875 2430.dat
1 0 67.509 -54.3532 -32.2852 0.125 0 -0.992 -0.03968 0.999 -0.005 0.991008 0.04 0.124875 3009.dat
1 14 52.566 -33.6066 -150.5921 0.125 0 -0.992 -0.03968 0.999 -0.005 0.991008 0.04 0.124875 3023.dat
1 14 59.998 -40.755 -171.981 0.125 0 -0.992 -0.03968 0.999 -0.005 0.991008 0.04 0.124875 2430.dat
1 14 60 -40.755 -171.981 0 0 -1 -0.04 0.999 0 0.999 0.04 0 2429.dat
1 14 52.566 -49.5906 -151.2321 0.125 0 -0.992 -0.03968 0.999 -0.005 0.991008 0.04 0.124875 3023.dat
1 14 50 -31.963 -191.641 0 0 -1 -0.04 0.999 0 0.999 0.04 0 3700.dat
1 0 80 -63.147 187.339 0 0 -1 -0.04 0.999 0 0.999 0.04 0 3003.dat
1 0 90 -61.947 157.369 0 0 -1 -0.04 0.999 0 0.999 0.04 0 3005.dat
1 14 70 -71.539 197.009 0 0 1 0.04 0.999 0 -0.999 0.04 0 63325.dat
1 14 80 -69.539 147.059 -0.125 0 0.992 0.03968 0.999 0.005 -0.991008 0.04 -0.124875 2430.dat
1 14 80 -69.539 147.059 0 0 1 0.04 0.999 0 -0.999 0.04 0 2429.dat
1 14 79.961 -66.3141 66.5166 0.125 0 -0.992 -0.03968 0.999 -0.005 0.991008 0.04 0.124875 3710.dat
1 14 62.528 -60.7577 -72.2545 0.125 0 -0.992 -0.03968 0.999 -0.005 0.991008 0.04 0.124875 4477.dat
1 14 58.792 -83.543 -102.9507 0.125 0 -0.992 -0.03968 0.999 -0.005 0.991008 0.04 0.124875 3622.dat
1 14 72.489 -87.9088 6.0832 0.125 0 -0.992 -0.03968 0.999 -0.005 0.991008 0.04 0.124875 3008.dat
1 0 53.812 -73.9635 -142.28 0.576 0 -0.818 -0.03272 0.999 -0.02304 0.817182 0.04 0.575424 4735.dat
1 14 86.187 -76.2905 115.758 0.125 0 -0.992 -0.03968 0.999 -0.005 0.991008 0.04 0.124875 3623.dat
1 14 90 -78.731 176.709 0 0 -1 -0.04 0.999 0 0.999 0.04 0 3623.dat
1 0 70 -79.531 196.689 0 0 -1 -0.04 0.999 0 0.999 0.04 0 63864.dat
1 0 90 -86.723 176.389 0 0 -1 -0.04 0.999 0 0.999 0.04 0 63864.dat
1 0 88.677 -85.0763 135.2632 0.125 0 -0.992 -0.03968 0.999 -0.005 0.991008 0.04 0.124875 3070.dat
1 14 83.696 -123.4488 94.0139 -0.992 0 -0.125 -0.005 0.999 0.03968 0.124875 0.04 -0.991008 60481.dat
1 14 51.321 -65.1777 -161.7852 0.992 0 0.125 0.005 0.999 -0.03968 -0.124875 0.04 0.991008 3024.dat
1 14 51.321 -73.1697 -162.1052 0.992 0 0.125 0.005 0.999 -0.03968 -0.124875 0.04 0.991008 3024.dat
1 14 81.206 -114.663 74.5097 0.125 0 -0.992 -0.03968 0.999 -0.005 0.991008 0.04 0.124875 87087.dat
1 14 81.206 -122.655 74.1897 0.992 0 0.125 0.005 0.999 -0.03968 -0.124875 0.04 0.991008 3024.dat
1 14 81.206 -130.647 73.8697 0.992 0 0.125 0.005 0.999 -0.03968 -0.124875 0.04 0.991008 3024.dat
1 14 82.451 -123.0519 84.1018 -0.992 0 -0.125 -0.005 0.999 0.03968 0.124875 0.04 -0.991008 11477.dat
1 14 -82.451 -27.1479 87.9418 0.125 0 0.992 0.03968 0.999 -0.005 -0.991008 0.04 0.124875 3666.dat
1 14 -80 -37.571 148.339 -0.125 0 -0.992 -0.03968 0.999 0.005 0.991008 0.04 -0.124875 2429.dat
1 14 -80 -37.571 148.339 0 0 -1 -0.04 0.999 0 0.999 0.04 0 2430.dat
1 14 -82.451 -35.1399 87.6218 -0.125 0 -0.992 -0.03968 0.999 0.005 0.991008 0.04 -0.124875 3023.dat
1 14 -72.489 -31.9648 8.3232 -0.125 0 -0.992 -0.03968 0.999 0.005 0.991008 0.04 -0.124875 3666.dat
1 14 -71.244 -23.5759 -1.2689 -0.125 0 -0.992 -0.03968 0.999 0.005 0.991008 0.04 -0.124875 3623.dat
1 14 -62.528 -20.7977 -70.6545 -0.125 0 -0.992 -0.03968 0.999 0.005 0.991008 0.04 -0.124875 92593.dat
1 0 -69.999 -55.147 -12.461 0.125 0 0.992 0.03968 0.999 -0.005 -0.991008 0.04 0.124875 3010.dat
1 14 -55.057 -26.4084 -130.4479 0.125 0 0.992 0.03968 0.999 -0.005 -0.991008 0.04 0.124875 3710.dat
1 14 -53.812 -18.0195 -140.04 0.125 0 0.992 0.03968 0.999 -0.005 -0.991008 0.04 0.124875 3623.dat
1 14 -52.566 -33.6066 -150.5921 0.125 0 0.992 0.03968 0.999 -0.005 -0.991008 0.04 0.124875 3023.dat
1 14 -59.998 -40.755 -171.981 0.125 0 0.992 0.03968 0.999 -0.005 -0.991008 0.04 0.124875 2429.dat
1 14 -60 -40.755 -171.981 0 0 1 0.04 0.999 0 -0.999 0.04 0 2430.dat
1 14 -52.566 -49.5906 -151.2321 0.125 0 0.992 0.03968 0.999 -0.005 -0.991008 0.04 0.124875 3023.dat
1 14 -50 -31.963 -191.641 0 0 1 0.04 0.999 0 -0.999 0.04 0 3700.dat
1 14 -55.057 -58.3764 -131.7279 0.125 0 0.992 0.03968 0.999 -0.005 -0.991008 0.04 0.124875 3710.dat
1 0 -90 -61.947 157.369 0 0 1 0.04 0.999 0 -0.999 0.04 0 60475.dat
1 0 -80 -63.147 187.339 0 0 -1 -0.04 0.999 0 0.999 0.04 0 3003.dat
1 14 -80 -69.539 147.059 0 0 -1 -0.04 0.999 0 0.999 0.04 0 2430.dat
1 14 -80 -69.539 147.059 -0.125 0 -0.992 -0.03968 0.999 0.005 0.991008 0.04 -0.124875 2429.dat
1 14 -82.451 -67.1079 86.3418 -0.125 0 -0.992 -0.03968 0.999 0.005 0.991008 0.04 -0.124875 3023.dat
1 14 -72.489 -63.9328 7.0432 -0.125 0 -0.992 -0.03968 0.999 0.005 0.991008 0.04 -0.124875 3666.dat
1 14 -70 -71.539 197.009 -1 0 0 0 0.999 0.04 0 0.04 -0.999 63325.dat
1 71 -125.776 -48.3617 117.9569 -0.994 -0.108 0 0.00432 -0.03976 0.999 -0.107892 0.993006 0.04 6143.dat
1 71 -123.184 -47.4075 94.1248 -0.994 -0.108 0 0.00432 -0.03976 0.999 -0.107892 0.993006 0.04 6143.dat
1 71 -120.592 -46.4532 70.2926 -0.994 -0.108 0 0.00432 -0.03976 0.999 -0.107892 0.993006 0.04 6143.dat
1 71 -119.728 -46.1352 62.3486 -0.994 -0.108 0 0.00432 -0.03976 0.999 -0.107892 0.993006 0.04 4032.dat
1 71 -118.864 -45.8171 54.4045 -0.994 -0.108 0 0.00432 -0.03976 0.999 -0.107892 0.993006 0.04 15535.dat
1 1 -118.864 -45.8171 54.4045 -0.108 0.994 0 -0.03976 -0.00432 0.999 0.993006 0.107892 0.04 43093.dat
1 71 -116.704 -45.0219 34.5444 -0.108 -0.994 0 -0.03976 0.00432 -0.999 0.993006 -0.107892 -0.04 62462.dat
1 0 -114.544 -44.2267 14.6843 -0.108 0.994 0 -0.03976 -0.00432 0.999 0.993006 0.107892 0.04 2780.dat
1 71 -113.464 -43.8291 4.7542 0.994 0.108 0 -0.00432 0.03976 0.999 0.107892 -0.993006 0.04 18654.dat
1 70 -118.648 -45.7376 52.4185 0.994 0.108 0 -0.00432 0.03976 0.999 0.107892 -0.993006 0.04 30374.dat
1 71 -108.928 -42.1592 -36.952 -0.994 -0.108 0 0.00432 -0.03976 0.999 -0.107892 0.993006 0.04 24947.dat
1 5 -118.868 -32.126 -37.6309 -0.994 -0.108 0 0.00432 -0.03976 0.999 -0.107892 0.993006 0.04 93094.dat
1 5 -118.868 -52.106 -38.4309 -0.994 -0.108 0 0.00432 -0.03976 0.999 -0.107892 0.993006 0.04 93094.dat
1 71 -117.788 -51.7084 -48.361 -0.994 -0.108 0 0.00432 -0.03976 0.999 -0.107892 0.993006 0.04 18654.dat
1 71 -117.788 -31.7284 -47.561 -0.994 -0.108 0 0.00432 -0.03976 0.999 -0.107892 0.993006 0.04 18654.dat
1 71 -53.178 -32.0092 -40.548 0 0.994 0.108 0.999 -0.00432 0.03976 0.04 0.107892 -0.993006 6632.dat
1 71 -73.708 -30.3108 -82.9655 0.994 0 0.108 -0.00432 -0.999 0.03976 0.107892 -0.04 -0.993006 4519.dat
1 71 -60.958 -31.1708 -61.487 0 -0.994 0.108 -0.999 0.00432 0.03976 -0.04 -0.107892 -0.993006 41677.dat
1 71 -68.738 -30.3324 -82.4261 -0.108 -0.994 0 -0.03976 0.00432 -0.999 0.993006 -0.107892 -0.04 41677.dat
1 71 -73.708 -50.2908 -83.7655 0.994 0 0.108 -0.00432 -0.999 0.03976 0.107892 -0.04 -0.993006 4519.dat
1 71 -60.958 -51.1508 -62.287 0 -0.994 0.108 -0.999 0.00432 0.03976 -0.04 -0.107892 -0.993006 41677.dat
1 71 -53.178 -51.9892 -41.348 0 0.994 0.108 0.999 -0.00432 0.03976 0.04 0.107892 -0.993006 6632.dat
1 71 -78.678 -30.2892 -83.505 -0.108 -0.994 0 -0.03976 0.00432 -0.999 0.993006 -0.107892 -0.04 41677.dat
1 4 -65.928 -51.1292 -62.8265 0.994 0 0.108 -0.00432 -0.999 0.03976 0.107892 -0.04 -0.993006 32062.dat
1 4 -65.928 -31.1492 -62.0265 0.994 0 0.108 -0.00432 -0.999 0.03976 0.107892 -0.04 -0.993006 32062.dat
1 71 -95.748 -50.9996 -66.0633 -0.994 0 -0.108 0.00432 -0.999 -0.03976 -0.107892 -0.04 0.993006 25214.dat
1 71 -95.748 -31.0196 -65.2633 -0.994 0 -0.108 0.00432 -0.999 -0.03976 -0.107892 -0.04 0.993006 25214.dat
1 71 -113.468 -30.138 -87.2812 -0.994 0 -0.108 0.00432 -0.999 -0.03976 -0.107892 -0.04 0.993006 25214.dat
1 71 -113.468 -50.118 -88.0812 -0.994 0 -0.108 0.00432 -0.999 -0.03976 -0.107892 -0.04 0.993006 25214.dat
1 70 -121.024 -46.6123 74.2647 -0.994 -0.108 0 0.00432 -0.03976 0.999 -0.107892 0.993006 0.04 30374.dat
1 71 -129.232 -49.634 149.7331 -0.994 0.108 0 0.00432 0.03976 -0.999 -0.107892 -0.993006 -0.04 4740.dat
1 0 -130.096 -49.9521 157.6772 0 0.108 -0.994 0.999 0.03976 0.00432 0.04 -0.993006 -0.107892 26047.dat
1 71 -133.336 -51.1449 187.4673 -0.108 0 -0.994 -0.03976 0.999 0.00432 0.993006 0.04 -0.107892 25214.dat
1 0 -53.812 -73.9635 -142.28 0.576 0 0.818 0.03272 0.999 -0.02304 -0.817182 0.04 0.575424 4735.dat
1 14 -65.018 -85.5274 -53.3903 0.125 0 0.992 0.03968 0.999 -0.005 -0.991008 0.04 0.124875 3008.dat
1 14 -78.715 -89.8932 55.6445 0.125 0 0.992 0.03968 0.999 -0.005 -0.991008 0.04 0.124875 3622.dat
1 14 -86.187 -76.2905 115.758 0.125 0 0.992 0.03968 0.999 -0.005 -0.991008 0.04 0.124875 3623.dat
1 14 -90 -78.731 176.709 0 0 1 0.04 0.999 0 -0.999 0.04 0 3623.dat
1 0 -70 -79.531 196.689 0 0 1 0.04 0.999 0 -0.999 0.04 0 63864.dat
1 0 -90 -86.723 176.389 0 0 -1 -0.04 0.999 0 0.999 0.04 0 63864.dat
1 0 -88.677 -85.0763 135.2632 -0.125 0 -0.992 -0.03968 0.999 0.005 0.991008 0.04 -0.124875 3070.dat
1 14 -83.696 -123.4488 94.0139 -0.992 0 0.125 0.005 0.999 0.03968 -0.124875 0.04 -0.991008 60481.dat
1 14 -51.321 -65.1777 -161.7852 0.992 0 -0.125 -0.005 0.999 -0.03968 0.124875 0.04 0.991008 3024.dat
1 14 -51.321 -73.1697 -162.1052 0.992 0 -0.125 -0.005 0.999 -0.03968 0.124875 0.04 0.991008 3024.dat
1 14 -81.206 -114.663 74.5097 0.125 0 0.992 0.03968 0.999 -0.005 -0.991008 0.04 0.124875 87087.dat
1 14 -81.206 -122.655 74.1897 0.992 0 -0.125 -0.005 0.999 -0.03968 0.124875 0.04 0.991008 3024.dat
1 14 -81.206 -130.647 73.8697 0.992 0 -0.125 -0.005 0.999 -0.03968 0.124875 0.04 0.991008 3024.dat
1 14 -82.451 -123.0519 84.1018 -0.992 0 0.125 0.005 0.999 0.03968 -0.124875 0.04 -0.991008 11477.dat
1 0 -100.311 -122.2839 81.8892 0.108 0.992 -0.062 -0.46514 -0.005 -0.884974 -0.878141 0.124875 0.460864 3024.dat
1 0 -91.751 -113.4729 78.2746 0.108 0.992 -0.062 -0.46514 -0.005 -0.884974 -0.878141 0.124875 0.460864 11477.dat
1 0 100.311 -122.2839 81.8892 0.108 -0.992 0.062 0.46514 -0.005 -0.884974 0.878141 0.124875 0.460864 3024.dat
1 0 91.751 -113.4729 78.2746 0.108 -0.992 0.062 0.46514 -0.005 -0.884974 0.878141 0.124875 0.460864 11477.dat
1 72 -60 -71.923 -193.241 1 0 0 0 0.999 -0.04 0 0.04 0.999 18975.dat
1 72 60 -71.923 -193.241 1 0 0 0 0.999 -0.04 0 0.04 0.999 18975.dat
1 0 100 -61.933 -192.841 1 0 0 0 0.999 -0.04 0 0.04 0.999 3705.dat
1 0 60 -61.933 -192.841 0 0 1 0.04 0.999 0 -0.999 0.04 0 59443.dat
1 0 -40 -61.933 -192.841 1 0 0 0 0.999 -0.04 0 0.04 0.999 3737.dat
1 0 -60 -61.933 -192.841 1 0 0 0 0.999 -0.04 0 0.04 0.999 62462.dat
1 14 -59.998 -80.715 -173.581 0.125 0 0.992 0.03968 0.999 -0.005 -0.991008 0.04 0.124875 2429.dat
1 14 -60 -80.715 -173.581 0 0 1 0.04 0.999 0 -0.999 0.04 0 2430.dat
1 14 60 -80.715 -173.581 0 0 -1 -0.04 0.999 0 0.999 0.04 0 2429.dat
1 14 59.998 -80.715 -173.581 0.125 0 -0.992 -0.03968 0.999 -0.005 0.991008 0.04 0.124875 2430.dat
1 19 -30 -80.715 -173.581 0 0 1 0.04 0.999 0 -0.999 0.04 0 3023.dat
1 19 30 -80.715 -173.581 0 0 1 0.04 0.999 0 -0.999 0.04 0 3023.dat
1 14 -74.98 -96.6946 25.5883 0.125 0 0.992 0.03968 0.999 -0.005 -0.991008 0.04 0.124875 2431.dat
1 14 74.98 -96.6946 25.5883 -0.125 0 0.992 0.03968 0.999 0.005 -0.991008 0.04 -0.124875 2431.dat
1 14 -57.547 -91.1381 -113.1838 0.125 0 0.992 0.03968 0.999 -0.005 -0.991008 0.04 0.124875 6636.dat
1 14 57.547 -91.1381 -113.1838 -0.125 0 0.992 0.03968 0.999 0.005 -0.991008 0.04 -0.124875 6636.dat
1 14 -67.509 -94.3132 -33.8852 0.125 0 0.992 0.03968 0.999 -0.005 -0.991008 0.04 0.124875 15573.dat
1 14 67.509 -94.3132 -33.8852 -0.125 0 0.992 0.03968 0.999 0.005 -0.991008 0.04 -0.124875 15573.dat
1 72 0 -70.723 -223.211 -1 0 0 0 0.999 0.04 0 0.04 -0.999 3710.dat
1 14 -30 -78.715 -223.531 1 0 0 0 0.999 -0.04 0 0.04 0.999 63325.dat
1 14 30 -78.715 -223.531 0 0 -1 -0.04 0.999 0 0.999 0.04 0 63325.dat
1 72 -30 -87.907 -193.881 0 0 -1 -0.04 0.999 0 0.999 0.04 0 3710.dat
1 72 30 -87.907 -193.881 0 0 -1 -0.04 0.999 0 0.999 0.04 0 3710.dat
1 0 0 -86.707 -223.851 1 0 0 0 0.999 -0.04 0 0.04 0.999 2412.dat
1 71 0 -97.099 -164.231 1 0 0 0 0.999 -0.04 0 0.04 0.999 11211.dat
1 72 -10 -96.299 -184.211 1 0 0 0 0.999 -0.04 0 0.04 0.999 4070.dat
1 72 10 -96.299 -184.211 1 0 0 0 0.999 -0.04 0 0.04 0.999 4070.dat
1 71 0 -85.109 -213.781 -1 0 0 0 -0.04 0.999 0 0.999 0.04 3937.dat
1 4 0 -95.33 -205.6631 -1 0 0 0 0.982091 0.187412 0 0.187412 -0.982091 6134.dat
