0 Main
0 Name: 31028-1 - Sea Plane - Sailboat.mpd
0 Author: LTRON
1 0 -50 16 40 0 0 1 0 1 0 -1 0 0 3666.dat
1 0 -50 0 -10 1 0 0 0 1 0 0 0 1 13547.dat
1 0 -50 8 40 0 0 1 0 1 0 -1 0 0 3710.dat
1 25 -50 0 100 -1 0 0 0 1 0 0 0 -1 61678.dat
1 0 0 0 -30 1 0 0 0 1 0 0 0 1 3666.dat
1 15 0 0 0 1 0 0 0 1 0 0 0 1 3795.dat
1 15 0 0 40 1 0 0 0 1 0 0 0 1 3795.dat
1 0 50 0 -10 1 0 0 0 1 0 0 0 1 13547.dat
1 0 50 8 40 0 0 1 0 1 0 -1 0 0 3710.dat
1 0 50 16 40 0 0 1 0 1 0 -1 0 0 3666.dat
1 25 50 0 100 -1 0 0 0 1 0 0 0 -1 61678.dat
1 0 0 -8 -10 1 0 0 0 1 0 0 0 1 3023.dat
1 40 -10 -8 -10 1 0 0 0 1 0 0 0 1 54200.dat
1 40 10 -8 -10 1 0 0 0 1 0 0 0 1 54200.dat
1 34 -50 -8 -50 1 0 0 0 1 0 0 0 1 6141.dat
1 36 50 -8 -50 1 0 0 0 1 0 0 0 1 6141.dat
1 0 -50 -8 -70 1 0 0 0 1 0 0 0 1 3070.dat
1 0 50 -8 -70 1 0 0 0 1 0 0 0 1 3070.dat
1 25 0 -8 40 0 0 1 0 1 0 -1 0 0 3020.dat
1 25 0 -16 40 0 0 1 0 1 0 -1 0 0 3022.dat
1 71 10 -32 10 0 0 1 0 1 0 -1 0 0 87087.dat
1 0 0 -16 70 1 0 0 0 1 0 0 0 1 18649.dat
1 25 0 -24 30 1 0 0 0 1 0 0 0 1 3023.dat
1 25 10 -24 20 -1 0 0 0 1 0 0 0 -1 11477.dat
1 72 0 -24 70 -1 0 0 0 1 0 0 0 -1 99780.dat
1 179 -10 -32 70 -1 0 0 0 1 0 0 0 -1 6141.dat
1 179 10 -32 70 -1 0 0 0 1 0 0 0 -1 6141.dat
1 15 0 -26 92 1 0 0 0 0 1 0 -1 0 44661.dat
1 25 -17 -94.8 11.19 0 -1 0 0.966 0 -0.259 0.259 0 0.966 3795.dat
1 71 -9 -106.35 -22.97 0 -1 0 0.259 0 0.966 -0.966 0 0.259 54384.dat
1 71 -9 -121.89 34.99 0 -1 0 0.259 0 0.966 -0.966 0 0.259 54383.dat
1 15 -17 -76.18 57.6 0 -1 0 0.259 0 0.966 -0.966 0 0.259 43722.dat
1 15 -17 -55.46 -19.68 0 -1 0 0.259 0 0.966 -0.966 0 0.259 43723.dat
1 25 -9 -51.68 43.46 0 -1 0 0.259 0 0.966 -0.966 0 0.259 3023.dat
1 0 -9 -41.32 4.82 0 -1 0 -0.259 0 -0.966 0.966 0 -0.259 88072.dat
1 25 -1 -43.91 14.48 0 -1 0 0.259 0 0.966 -0.966 0 0.259 63864.dat
