0 Main
0 Name: 894-1 - Mobile Ground Tracking Station.mpd
0 Author: LTRON
1 7 0 -32 -20 0 0 1 0 1 0 -1 0 0 3034.dat
1 7 0 -32 80 -1 0 0 0 1 0 0 0 -1 3731.dat
1 7 0 -24 60 1 0 0 0 1 0 0 0 1 122.dat
1 7 0 -24 20 1 0 0 0 1 0 0 0 1 122.dat
1 7 0 -24 -80 1 0 0 0 1 0 0 0 1 122.dat
1 7 20 -24 -30 0 0 1 0 1 0 -1 0 0 3021.dat
1 7 -20 -24 -30 0 0 1 0 1 0 -1 0 0 3021.dat
1 0 -30 -18 -80 0 0 1 0 1 0 -1 0 0 3641.dat
1 0 -30 -18 20 0 0 1 0 1 0 -1 0 0 3641.dat
1 0 -30 -18 60 0 0 1 0 1 0 -1 0 0 3641.dat
1 0 30 -18 60 0 0 1 0 1 0 -1 0 0 3641.dat
1 0 30 -18 20 0 0 1 0 1 0 -1 0 0 3641.dat
1 0 30 -18 -80 0 0 1 0 1 0 -1 0 0 3641.dat
1 7 0 -48 -80 1 0 0 0 1 0 0 0 1 3787.dat
1 7 0 -48 20 1 0 0 0 1 0 0 0 1 3788.dat
1 7 0 -48 60 1 0 0 0 1 0 0 0 1 3788.dat
1 7 0 -40 90 1 0 0 0 1 0 0 0 1 3710.dat
1 7 0 -48 90 1 0 0 0 1 0 0 0 1 3710.dat
1 7 0 -48 40 0 0 1 0 1 0 -1 0 0 3020.dat
1 7 -30 -56 50 1 0 0 0 1 0 0 0 1 3070.dat
1 7 30 -56 50 1 0 0 0 1 0 0 0 1 3070.dat
1 7 -30 -56 80 0 0 1 0 1 0 -1 0 0 3069.dat
1 7 30 -56 80 0 0 1 0 1 0 -1 0 0 3069.dat
1 7 0 -56 90 -1 0 0 0 1 0 0 0 -1 3069.dat
1 7 0 -48 -90 1 0 0 0 1 0 0 0 1 3794.dat
1 7 0 -48 -70 1 0 0 0 1 0 0 0 1 3829.dat
1 7 0 -56 20 1 0 0 0 1 0 0 0 1 3022.dat
1 7 -30 -56 20 0 0 1 0 1 0 -1 0 0 3023.dat
1 7 30 -56 20 0 0 1 0 1 0 -1 0 0 3023.dat
1 7 0 -80 20 1 0 0 0 1 0 0 0 1 3001.dat
1 7 0 -104 10 -1 0 0 0 1 0 0 0 -1 3039.dat
1 7 -40 -104 40 0 0 1 0 1 0 -1 0 0 3830.dat
1 7 40 -104 40 0 0 -1 0 1 0 1 0 0 3831.dat
1 46 0 -128 10 -1 0 0 0 1 0 0 0 -1 3065.dat
1 7 -30 -128 20 0 0 1 0 1 0 -1 0 0 3004.dat
1 7 30 -128 20 0 0 -1 0 1 0 1 0 0 3004.dat
1 7 0 -136 20 1 0 0 0 1 0 0 0 1 3020.dat
1 7 0 -144 20 1 0 0 0 1 0 0 0 1 3680.dat
1 7 -1 -48 -90 -1 0 0 0 1 0 0 0 -1 3838.dat
1 7 0 -144 20 -0.838671 0 -0.544639 0 1 0 0.544639 0 -0.838671 3679.dat
1 7 0 -154 20 -0.838671 0.544639 0 0 0 1 0.544639 0.838671 0 3651.dat
1 7 8.3867 -174 14.5536 -0.544639 0.838671 0 0 0 -1 -0.838671 -0.544639 0 3062.dat
1 7 -8.3867 -174 25.4464 -0.544639 -0.838671 0 0 0 1 -0.838671 0.544639 0 3062.dat
1 47 36.9015 -174 -3.9641 0.544639 0 0.838671 0 -1 0 0.838671 0 -0.544639 3876.dat
1 47 -36.9015 -174 43.9641 -0.544639 0 -0.838671 0 -1 0 -0.838671 0 0.544639 3876.dat
1 7 -30 -80 70 0 0 1 0 1 0 -1 0 0 3622.dat
1 7 -10 -80 90 1 0 0 0 1 0 0 0 1 3005.dat
1 7 -20 -104 90 1 0 0 0 1 0 0 0 1 3004.dat
1 7 -40 -104 40 0 0 1 0 1 0 -1 0 0 3831.dat
1 7 -20 -128 90 1 0 0 0 1 0 0 0 1 3004.dat
1 46 -30 -128 60 0 0 -1 0 1 0 1 0 0 3065.dat
1 7 -20 -136 70 0 0 1 0 1 0 -1 0 0 3021.dat
1 7 -10 -144 90 1 0 0 0 1 0 0 0 1 3957.dat
1 7 54.1421 -80 96.5686 0.707107 0 0.707107 0 1 0 -0.707107 0 0.707107 3005.dat
1 7 54.1421 -80 68.2843 -0.707107 0 0.707107 0 1 0 -0.707107 0 -0.707107 3622.dat
1 7 61.2132 -104 89.4975 0.707107 0 0.707107 0 1 0 -0.707107 0 0.707107 3004.dat
1 7 40 -104 40 0.707107 0 -0.707107 0 1 0 0.707107 0 0.707107 3830.dat
1 46 47.0711 -128 61.2132 0.707107 0 -0.707107 0 1 0 0.707107 0 0.707107 3065.dat
1 7 61.2132 -128 89.4975 0.707107 0 0.707107 0 1 0 -0.707107 0 0.707107 3004.dat
1 7 47.0711 -136 75.3553 -0.707107 0 0.707107 0 1 0 -0.707107 0 -0.707107 3021.dat
1 36 68.2843 -144 82.4264 0.707107 0 0.707107 0 1 0 -0.707107 0 0.707107 3024.dat
1 7 0 -24 170 1 0 0 0 1 0 0 0 1 122.dat
1 0 -30 -18 170 0 0 1 0 1 0 -1 0 0 3641.dat
1 0 30 -18 170 0 0 1 0 1 0 -1 0 0 3641.dat
1 7 0 -32 150 1 0 0 0 1 0 0 0 1 3730.dat
1 7 0 -32 190 1 0 0 0 1 0 0 0 1 3022.dat
1 7 0 -48 170 1 0 0 0 1 0 0 0 1 3787.dat
1 7 0 -40 200 -1 0 0 0 1 0 0 0 -1 3839.dat
1 7 0 -64 180.001 1 0 0 0 1 0 0 0 1 3937.dat
1 7 0 -61.0711 172.9289 -1 0 0 0 0.707107 0.707107 0 0.707107 -0.707107 3938.dat
1 7 0 -66.7279 167.2721 -1 0 0 0 0.707107 0.707107 0 0.707107 -0.707107 3794.dat
1 7 0 -78.0416 155.9584 -0.945519 0 -0.325568 -0.230211 0.707107 0.668583 0.230211 0.707107 -0.668583 3959.dat
1 7 7.8136 -94.0876 172.0043 0.945519 0.325568 0 0.230211 -0.668583 -0.707107 -0.230211 0.668583 -0.707107 3960.dat
1 34 11.3949 -101.442 179.3588 0.945519 0.325568 0 0.230211 -0.668583 -0.707107 -0.230211 0.668583 -0.707107 3062.dat
