0 Main
0 Name: 8419 - Excavator - Dozer.mpd
0 Author: LTRON
1 0 -40 0 0 0 -1 0 1 0 0 0 0 1 41239.dat
1 1 -30 0 120 1 0 0 0 1 0 0 0 1 43093.dat
1 1 -30 0 60 1 0 0 0 1 0 0 0 1 43093.dat
1 72 -30 0 -100 1 0 0 0 1 0 0 0 1 32002.dat
1 72 -30 0 0 1 0 0 0 1 0 0 0 1 32002.dat
1 14 -25 0 120 0 -1 0 -1 0 0 0 0 -1 32056.dat
1 0 -25 0 60 0 -1 0 -1 0 0 0 0 -1 32250.dat
1 14 -15 0 90 0 -1 0 -1 0 0 0 0 -1 32449.dat
1 71 0 -20 120 1 0 0 0 0 -1 0 1 0 32073.dat
1 14 0 -20 120 1 0 0 0 1 0 0 0 1 6536.dat
1 0 15 -20 120 0 -1 0 0 0 -1 1 0 0 41677.dat
1 0 -15 -20 120 0 -1 0 0 0 -1 1 0 0 41677.dat
1 71 0 -40 120 1 0 0 0 0 -1 0 1 0 32073.dat
1 71 0 0 80 1 0 0 0 0 -1 0 1 0 32073.dat
1 71 0 0 80 0 0 -1 -1 0 0 0 1 0 3713.dat
1 0 0 -20 80 1 0 0 0 0 1 0 -1 0 32184.dat
1 71 0 -20 60 1 0 0 0 0 1 0 -1 0 4519.dat
1 71 -15 -40 60 0 -1 0 0 0 1 -1 0 0 41677.dat
1 71 0 -40 60 -1 0 0 0 0 1 0 1 0 32073.dat
1 0 0 -40 60 -1 0 0 0 -1 0 0 0 1 6536.dat
1 71 15 -40 60 0 -1 0 0 0 1 -1 0 0 41677.dat
1 19 0 -30 80 0 -1 0 -1 0 0 0 0 -1 3749.dat
1 71 0 -50 80 0 -1 0 0 0 1 -1 0 0 6538.dat
1 14 -25 0 -120 0 -1 0 0 0 -1 1 0 0 32250.dat
1 0 -15 -20 -80 0 0 -1 0 -1 0 -1 0 0 6575.dat
1 71 0 0 -80 -1 0 0 0 -1 0 0 0 1 4519.dat
1 0 0 -40 -80 -1 0 0 0 -1 0 0 0 1 32062.dat
1 0 0 0 -80 0 0 1 0 -1 0 1 0 0 3713.dat
1 0 0 -40 -80 -1 0 0 0 0 1 0 1 0 6536.dat
1 0 15 -20 -80 0 0 -1 0 -1 0 -1 0 0 6575.dat
1 19 0 -50 -60 0 0.707 -0.707 -1 0 0 0 0.707 0.707 3749.dat
1 71 0 -70 -60 -0.707 0.707 0 0 0 1 0.707 0.707 0 6538.dat
1 14 -81 0 -120 0 0 -1 1 0 0 0 -1 0 32007.dat
1 0 -55 0 -120 1 0 0 0 0 1 0 -1 0 59426.dat
1 71 -60 0 -120 0 0 -1 1 0 0 0 -1 0 3713.dat
1 71 0 0 -120 0 0 1 0 1 0 -1 0 0 6538.dat
1 71 -30 -80 -120 1 0 0 0 1 0 0 0 1 4519.dat
1 71 0 -80 -120 0 0 1 0 1 0 -1 0 0 6538.dat
1 71 30 -80 -120 1 0 0 0 1 0 0 0 1 4519.dat
1 14 15 0 90 0 -1 0 -1 0 0 0 0 -1 32449.dat
1 14 25 0 120 0 -1 0 -1 0 0 0 0 -1 32056.dat
1 1 30 0 120 -1 0 0 0 1 0 0 0 -1 43093.dat
1 0 25 0 60 0 -1 0 -1 0 0 0 0 -1 32250.dat
1 14 25 0 -120 0 -1 0 0 0 -1 1 0 0 32250.dat
1 1 30 0 60 -1 0 0 0 1 0 0 0 -1 43093.dat
1 72 30 0 0 -1 0 0 0 1 0 0 0 -1 32002.dat
1 72 30 0 -100 -1 0 0 0 1 0 0 0 -1 32002.dat
1 0 40 0 0 0 -1 0 1 0 0 0 0 1 41239.dat
1 14 81 0 -120 0 0 1 1 0 0 0 1 0 32007.dat
1 0 55 0 -120 -1 0 0 0 0 1 0 1 0 59426.dat
1 71 60 0 -120 0 0 1 1 0 0 0 1 0 3713.dat
1 71 0 0 20 -1 0 0 0 -1 0 0 0 1 44294.dat
1 71 -70 0 20 0 0 1 0 1 0 -1 0 0 6538.dat
1 71 70 0 20 0 0 1 0 1 0 -1 0 0 6538.dat
1 71 100 0 20 0 1 0 1 0 0 0 0 -1 2825.dat
1 0 110 0 -20 -1 0 0 0 1 0 0 0 -1 2780.dat
1 0 95 0 0 0 1 0 1 0 0 0 0 -1 6632.dat
1 1 110 0 -40 -1 0 0 0 1 0 0 0 -1 43093.dat
1 0 90 0 20 -1 0 0 0 1 0 0 0 -1 32062.dat
1 71 -100 0 20 0 -1 0 -1 0 0 0 0 -1 2825.dat
1 0 -110 0 -20 1 0 0 0 -1 0 0 0 -1 2780.dat
1 0 -95 0 0 0 -1 0 -1 0 0 0 0 -1 6632.dat
1 1 -110 0 -40 1 0 0 0 -1 0 0 0 -1 43093.dat
1 0 -90 0 20 1 0 0 0 -1 0 0 0 -1 32062.dat
1 14 -40 -40 60 0 1 0 0 0 -1 -1 0 0 32140.dat
1 0 -67 -60 60 -1 0 0 0 0.105 -0.995 0 -0.995 -0.105 59426.dat
1 71 -55 -60 60 0 0 -1 0.995 0.105 0 0.105 -0.995 0 32123.dat
1 71 -63 -60 60 0 0 1 0.995 -0.105 0 0.105 0.995 0 32198.dat
1 71 -80 -60 60 0 0 1 0.995 -0.105 0 0.105 0.995 0 3713.dat
1 71 -100 -60 60 0 0 1 0.995 -0.105 0 0.105 0.995 0 32269.dat
1 14 -25 -80 60 0 -1 0 0 0 -1 1 0 0 32056.dat
1 0 -30 -100 60 1 0 0 0 0 -1 0 1 0 2780.dat
1 71 0 -120 60 1 0 0 0 0 -1 0 1 0 4519.dat
1 71 0 -80 60 1 0 0 0 0 -1 0 1 0 32073.dat
1 0 -15 -140 60 0 1 0 0 0 -1 -1 0 0 32065.dat
1 0 0 -120 60 1 0 0 0 0 -1 0 1 0 6536.dat
1 71 0 -80 60 0 0 -1 -1 0 0 0 1 0 3713.dat
1 0 0 -200 60 1 0 0 0 0 -1 0 1 0 6558.dat
1 0 0 -200 0 0 -1 0 1 0 0 0 0 1 32140.dat
1 0 15 -140 60 0 1 0 0 0 -1 -1 0 0 32065.dat
1 71 0 -200 40 -1 0 0 0 0 -1 0 -1 0 4519.dat
1 0 -15 -200 40 0 -1 0 -1 0 0 0 0 -1 6632.dat
1 0 -25 -200 80 0 -1 0 -1 0 0 0 0 -1 6632.dat
1 0 15 -200 40 0 -1 0 -1 0 0 0 0 -1 6632.dat
1 0 25 -200 80 0 -1 0 -1 0 0 0 0 -1 6632.dat
1 0 -25 -100 40 0 -1 0 0 0 -1 1 0 0 41677.dat
1 1 -30 -100 40 1 0 0 0 0 -1 0 1 0 43093.dat
1 0 0 -100 40 0 0 -1 -1 0 0 0 1 0 6538.dat
1 71 -30 -120 40 1 0 0 0 0 -1 0 1 0 4519.dat
1 0 0 -120 40 0 0 -1 -1 0 0 0 1 0 6538.dat
1 71 30 -120 40 1 0 0 0 0 -1 0 1 0 4519.dat
1 0 25 -100 40 0 -1 0 0 0 -1 1 0 0 41677.dat
1 1 30 -100 40 -1 0 0 0 0 1 0 1 0 43093.dat
1 0 0 -210 80 1 0 0 0 0 1 0 -1 0 6538.dat
1 71 0 -180 80 0 0 1 -1 0 0 0 -1 0 4519.dat
1 0 0 -150 80 -1 0 0 0 0 -1 0 -1 0 6538.dat
1 71 0 -100 80 0 0 -1 1 0 0 0 -1 0 32073.dat
1 0 0 -90 80 -1 0 0 0 0 1 0 1 0 4716.dat
1 14 25 -80 60 0 -1 0 0 0 -1 1 0 0 32056.dat
1 19 -30 -80 100 1 0 0 0 1 0 0 0 1 3749.dat
1 14 40 -40 60 0 1 0 0 0 -1 -1 0 0 32140.dat
1 0 67 -60 60 1 0 0 0 -0.105 -0.995 0 0.995 -0.105 59426.dat
1 71 55 -60 60 0 0 1 0.995 -0.105 0 0.105 0.995 0 32123.dat
1 71 63 -60 60 0 0 -1 0.995 0.105 0 0.105 -0.995 0 32198.dat
1 71 80 -60 60 0 0 -1 0.995 0.105 0 0.105 -0.995 0 3713.dat
1 71 100 -60 60 0 0 -1 0.995 0.105 0 0.105 -0.995 0 32269.dat
1 0 30 -100 60 1 0 0 0 0 -1 0 1 0 2780.dat
1 14 -40 -20 120 0 1 0 0 0 -1 -1 0 0 32140.dat
1 0 0 -110.8273 193.8087 1 0 0 0 -0.760025 -0.649733 0 0.649733 -0.760025 2950.dat
1 72 40 -110.8273 193.8087 1 0 0 0 -0.760025 -0.649733 0 0.649733 -0.760025 32002.dat
1 72 -40 -110.8273 193.8087 -1 0 0 0 -0.760025 0.649733 0 0.649733 0.760025 32002.dat
1 0 0 -150.7 190.7 1 0 0 0 -0.707 0.707 0 -0.707 -0.707 32062.dat
1 0 0 -136.56 176.56 1 0 0 0 -0.707 -0.707 0 0.707 -0.707 32184.dat
1 0 -20 -122.42 162.42 0 1 0 0.707 0 0.707 0.707 0 -0.707 2825.dat
1 71 0 -122.42 162.42 1 0 0 0 -0.707 -0.707 0 0.707 -0.707 4519.dat
1 71 0 -80 120 1 0 0 0 -0.707 0.707 0 -0.707 -0.707 32073.dat
1 71 0 -80 120 0 0 -1 0.707 -0.707 0 -0.707 -0.707 0 3648.dat
1 0 20 -122.42 162.42 0 -1 0 -0.707 0 0.707 -0.707 0 -0.707 2825.dat
1 14 25 -95.414 156.904 0 1 0 -0.922635 0 -0.385315 -0.385315 0 0.922635 32017.dat
1 14 -25 -95.414 156.904 0 1 0 -0.922635 0 -0.385315 -0.385315 0 0.922635 32017.dat
1 19 30 -80 100 -1 0 0 0 1 0 0 0 -1 3749.dat
1 14 40 -20 120 0 1 0 0 0 -1 -1 0 0 32140.dat
1 71 40 0 100 -1 0 0 0 0 -1 0 -1 0 32054.dat
1 71 80 0 100 -1 0 0 0 0 -1 0 -1 0 4519.dat
1 14 80 0 100 0 0 -1 1 0 0 0 -1 0 32007.dat
1 71 100 0 100 0 0 1 -1 0 0 0 -1 0 3713.dat
1 71 -40 0 100 1 0 0 0 0 1 0 -1 0 32054.dat
1 71 -80 0 100 1 0 0 0 0 1 0 -1 0 4519.dat
1 14 -80 0 100 0 0 1 -1 0 0 0 -1 0 32007.dat
1 71 -100 0 100 0 0 -1 1 0 0 0 -1 0 3713.dat
1 0 0 -120 0 1 0 0 0 0 1 0 -1 0 32184.dat
1 71 0 -120 -20 1 0 0 0 0 1 0 -1 0 32073.dat
1 0 -15 -120 -20 0 -1 0 1 0 0 0 0 1 6632.dat
1 0 15 -120 -20 0 -1 0 1 0 0 0 0 1 6632.dat
1 0 25 -120 20 0 1 0 0 0 -1 -1 0 0 32250.dat
1 0 -25 -120 20 0 1 0 0 0 -1 -1 0 0 32250.dat
1 71 0 -200 20 1 0 0 0 0 1 0 -1 0 4519.dat
1 14 -75 -120 -10 0 -1 0 1 0 0 0 0 1 32449.dat
1 0 -40 -120 20 -1 0 0 0 -1 0 0 0 1 3705.dat
1 0 0 -120 -40 -1 0 0 0 -1 0 0 0 1 3707.dat
1 72 -70 -120 -20 -1 0 0 0 -1 0 0 0 1 32002.dat
1 14 -60 -120 -20 0 1 0 -1 0 0 0 0 1 32524.dat
1 71 -50 -120 -60 1 0 0 0 1 0 0 0 1 3673.dat
1 14 -40 -120 -120 0 1 0 1 0 0 0 0 -1 32009.dat
1 72 -30 -60 -120 1 0 0 0 -1 0 0 0 -1 32002.dat
1 14 -20 -120 -40 1 0 0 0 -1 0 0 0 -1 6536.dat
1 0 0 -120 -40 0 0 1 0 -1 0 1 0 0 3713.dat
1 14 20 -120 -40 1 0 0 0 -1 0 0 0 -1 6536.dat
1 1 20 -140 -50 0 0 -1 0 -1 0 -1 0 0 43093.dat
1 1 -20 -140 -50 0 0 -1 0 -1 0 -1 0 0 43093.dat
1 0 0 -140 -60 0 1 0 0 0 -1 -1 0 0 32184.dat
1 0 0 -110 -60 -0.707 0.707 0 0 0 1 0.707 0.707 0 4716.dat
1 71 0 -120 -60 0 -0.707 -0.707 1 0 0 0 -0.707 0.707 32073.dat
1 0 0 -170 -60 -0.707 -0.707 0 0 0 -1 0.707 -0.707 0 6538.dat
1 71 -45 -82 -164 0 -1 0 0.8 0 -0.6 0.6 0 0.8 32449.dat
1 0 -30 -64 -188 -1 0 0 0 -0.6 0.8 0 0.8 0.6 32062.dat
1 71 0 -100 -140 -1 0 0 0 -0.6 0.8 0 0.8 0.6 32073.dat
1 71 -35 -70 -180 0 -1 0 0.8 0 -0.6 0.6 0 0.8 32063.dat
1 14 -20 -120 -80 0 1 0 1 0 0 0 0 -1 32140.dat
1 0 0 -64 -188 0 0 1 0.8 -0.6 0 0.6 0.8 0 32034.dat
1 71 0 -100 -140 0 0 -1 0.8 0.6 0 0.6 -0.8 0 3713.dat
1 71 0 -120 -80 -1 0 0 0 0 1 0 1 0 44294.dat
1 71 0 -120 -80 0 0 -1 -1 0 0 0 1 0 3647.dat
1 0 0 -40 -220 1 0 0 0 0 -1 0 1 0 3706.dat
1 0 -20 -40 -220 -1 0 0 0 0 -1 0 -1 0 6536.dat
1 0 20 -40 -220 -1 0 0 0 0 -1 0 -1 0 6536.dat
1 71 0 -40 -220 0 0 -1 1 0 0 0 -1 0 3713.dat
1 0 -50 -40 -220 0 0 -1 1 0 0 0 -1 0 3713.dat
1 0 30 -64 -188 -1 0 0 0 -0.6 0.8 0 0.8 0.6 32062.dat
1 14 20 -120 -80 0 1 0 1 0 0 0 0 -1 32140.dat
1 71 35 -70 -180 0 -1 0 0.8 0 -0.6 0.6 0 0.8 32063.dat
1 71 45 -82 -164 0 -1 0 0.8 0 -0.6 0.6 0 0.8 32449.dat
1 0 50 -40 -220 0 0 1 1 0 0 0 1 0 3713.dat
1 14 40 -120 -120 0 1 0 1 0 0 0 0 -1 32009.dat
1 71 50 -120 -60 -1 0 0 0 1 0 0 0 -1 3673.dat
1 72 30 -60 -120 -1 0 0 0 1 0 0 0 -1 32002.dat
1 71 -55 -80 -120 0 0 1 0 1 0 -1 0 0 32123.dat
1 71 55 -80 -120 0 0 1 0 1 0 -1 0 0 32123.dat
1 72 70 -120 -20 1 0 0 0 1 0 0 0 1 32002.dat
1 14 60 -120 -20 0 -1 0 1 0 0 0 0 1 32524.dat
1 14 75 -120 -10 0 -1 0 1 0 0 0 0 1 32449.dat
1 0 40 -120 20 -1 0 0 0 -1 0 0 0 1 3705.dat
1 256 80 0 -120 0 0 -1 0.588 -0.809 0 -0.809 -0.588 0 682.dat
1 256 80 0 -120 0 0 -1 0.951 -0.309 0 -0.309 -0.951 0 682.dat
1 256 80 0 -120 0 0 -1 0.951 0.309 0 0.309 -0.951 0 682.dat
1 256 80 0 -120 0 0 -1 0.588 0.809 0 0.809 -0.588 0 682.dat
1 256 80 0 -120 0 0 -1 0 1 0 1 0 0 681.dat
1 256 80 0 -100 0 0 -1 0 1 0 1 0 0 680.dat
1 256 80 0 -80 0 0 -1 0 1 0 1 0 0 680.dat
1 256 80 0 -60 0 0 -1 0 1 0 1 0 0 680.dat
1 256 80 0 -40 0 0 -1 0 1 0 1 0 0 680.dat
1 256 80 0 -20 0 0 -1 0 1 0 1 0 0 680.dat
1 256 80 0 0 0 0 -1 0 1 0 1 0 0 680.dat
1 256 80 0 20 0 0 -1 0 1 0 1 0 0 680.dat
1 256 80 0 40 0 0 -1 0 1 0 1 0 0 680.dat
1 256 80 0 60 0 0 -1 0 1 0 1 0 0 680.dat
1 256 80 0 80 0 0 -1 0 1 0 1 0 0 680.dat
1 256 80 0 100 0 0 1 0 1 0 -1 0 0 681.dat
1 256 80 0 100 0 0 -1 -0.588 0.809 0 0.809 0.588 0 682.dat
1 256 80 0 100 0 0 -1 -0.951 0.309 0 0.309 0.951 0 682.dat
1 256 80 0 100 0 0 -1 -0.951 -0.309 0 -0.309 0.951 0 682.dat
1 256 80 -3.04 -110.6 0 0 -1 0.306 -0.952 0 -0.952 -0.306 0 680.dat
1 256 80 -9.161 -91.571 0 0 -1 0.306 -0.951 0 -0.951 -0.306 0 680.dat
1 256 80 -15.282 -72.543 0 0 -1 0.306 -0.951 0 -0.951 -0.306 0 680.dat
1 256 80 -21.403 -53.514 0 0 -1 0.306 -0.951 0 -0.951 -0.306 0 680.dat
1 256 80 -27.524 -34.484 0 0 -1 0.306 -0.951 0 -0.951 -0.306 0 680.dat
1 256 80 -33.644 -15.455 0 0 -1 0.306 -0.951 0 -0.951 -0.306 0 680.dat
1 256 80 -39.765 3.573 0 0 -1 0.306 -0.951 0 -0.951 -0.306 0 680.dat
1 256 80 -45.887 22.603 0 0 -1 0.306 -0.951 0 -0.951 -0.306 0 680.dat
1 256 80 -52.008 41.632 0 0 -1 0.306 -0.951 0 -0.951 -0.306 0 680.dat
1 256 80 -58.128 60.66 0 0 -1 0.306 -0.951 0 -0.951 -0.306 0 681.dat
1 256 80 -58.128 59.34 0 0 -1 -0.347 -0.938 0 -0.938 0.347 0 682.dat
1 256 80 -58.128 59.34 0 0 1 0.832 -0.555 0 0.555 0.832 0 681.dat
1 256 80 -40.946 71.104 0 0 -1 -0.816 -0.578 0 -0.578 0.816 0 680.dat
1 256 80 -24.623 82.652 0 0 -1 -0.816 -0.578 0 -0.578 0.816 0 680.dat
1 256 80 -8.3 94.2 0 0 -1 -0.816 -0.578 0 -0.578 0.816 0 680.dat
1 256 -80 0 -120 0 0 -1 0.588 -0.809 0 -0.809 -0.588 0 682.dat
1 256 -80 0 -120 0 0 -1 0.951 -0.309 0 -0.309 -0.951 0 682.dat
1 256 -80 0 -120 0 0 -1 0.951 0.309 0 0.309 -0.951 0 682.dat
1 256 -80 0 -120 0 0 -1 0.588 0.809 0 0.809 -0.588 0 682.dat
1 256 -80 0 -120 0 0 -1 0 1 0 1 0 0 681.dat
1 256 -80 0 -100 0 0 -1 0 1 0 1 0 0 680.dat
1 256 -80 0 -80 0 0 -1 0 1 0 1 0 0 680.dat
1 256 -80 0 -60 0 0 -1 0 1 0 1 0 0 680.dat
1 256 -80 0 -40 0 0 -1 0 1 0 1 0 0 680.dat
1 256 -80 0 -20 0 0 -1 0 1 0 1 0 0 680.dat
1 256 -80 0 0 0 0 -1 0 1 0 1 0 0 680.dat
1 256 -80 0 20 0 0 -1 0 1 0 1 0 0 680.dat
1 256 -80 0 40 0 0 -1 0 1 0 1 0 0 680.dat
1 256 -80 0 60 0 0 -1 0 1 0 1 0 0 680.dat
1 256 -80 0 80 0 0 -1 0 1 0 1 0 0 680.dat
1 256 -80 0 100 0 0 1 0 1 0 -1 0 0 681.dat
1 256 -80 0 100 0 0 -1 -0.588 0.809 0 0.809 0.588 0 682.dat
1 256 -80 0 100 0 0 -1 -0.951 0.309 0 0.309 0.951 0 682.dat
1 256 -80 0 100 0 0 -1 -0.951 -0.309 0 -0.309 0.951 0 682.dat
1 256 -80 -3.04 -110.6 0 0 -1 0.306 -0.952 0 -0.952 -0.306 0 680.dat
1 256 -80 -9.161 -91.571 0 0 -1 0.306 -0.951 0 -0.951 -0.306 0 680.dat
1 256 -80 -15.282 -72.543 0 0 -1 0.306 -0.951 0 -0.951 -0.306 0 680.dat
1 256 -80 -21.403 -53.514 0 0 -1 0.306 -0.951 0 -0.951 -0.306 0 680.dat
1 256 -80 -27.524 -34.484 0 0 -1 0.306 -0.951 0 -0.951 -0.306 0 680.dat
1 256 -80 -33.644 -15.455 0 0 -1 0.306 -0.951 0 -0.951 -0.306 0 680.dat
1 256 -80 -39.765 3.573 0 0 -1 0.306 -0.951 0 -0.951 -0.306 0 680.dat
1 256 -80 -45.887 22.603 0 0 -1 0.306 -0.951 0 -0.951 -0.306 0 680.dat
1 256 -80 -52.008 41.632 0 0 -1 0.306 -0.951 0 -0.951 -0.306 0 680.dat
1 256 -80 -58.128 60.66 0 0 -1 0.306 -0.951 0 -0.951 -0.306 0 681.dat
1 256 -80 -58.128 59.34 0 0 -1 -0.347 -0.938 0 -0.938 0.347 0 682.dat
1 256 -80 -58.128 59.34 0 0 1 0.832 -0.555 0 0.555 0.832 0 681.dat
1 256 -80 -40.946 71.104 0 0 -1 -0.816 -0.578 0 -0.578 0.816 0 680.dat
1 256 -80 -24.623 82.652 0 0 -1 -0.816 -0.578 0 -0.578 0.816 0 680.dat
1 256 -80 -8.3 94.2 0 0 -1 -0.816 -0.578 0 -0.578 0.816 0 680.dat
1 14 120 0 -120 0 -1 0 1 0 0 0 0 1 32525.dat
1 71 100 0 -220 0 1 0 -1 0 0 0 0 1 33299.dat
1 71 100 0 -220 1 0 0 0 1 0 0 0 1 4519.dat
1 0 0 20 -240 0 0 1 0 1 0 -1 0 0 32525.dat
1 0 -80 10 -240 0 0 1 1 0 0 0 1 0 2780.dat
1 0 -60 10 -240 0 0 1 1 0 0 0 1 0 2780.dat
1 0 80 10 -240 0 0 1 1 0 0 0 1 0 2780.dat
1 0 60 10 -240 0 0 1 1 0 0 0 1 0 2780.dat
1 0 -80 0 -220 -1 0 0 0 0 -1 0 -1 0 6536.dat
1 0 80 0 -220 -1 0 0 0 0 -1 0 -1 0 6536.dat
1 0 0 0 -240 0 0 1 0 1 0 -1 0 0 32524.dat
1 0 -40 -20 -240 0 0 -1 -1 0 0 0 1 0 6558.dat
1 0 40 -20 -240 0 0 -1 -1 0 0 0 1 0 6558.dat
1 71 0 -20 -240 0 0 1 0 1 0 -1 0 0 32524.dat
1 1 -100 10 -240 0 0 1 -1 0 0 0 -1 0 43093.dat
1 1 100 10 -240 0 0 1 -1 0 0 0 -1 0 43093.dat
1 0 -100 -20 -240 0 0 1 -1 0 0 0 -1 0 32054.dat
1 0 100 -20 -240 0 0 1 -1 0 0 0 -1 0 32054.dat
1 0 -140 20 -300 1 0 0 0 1 0 0 0 1 32140.dat
1 0 -140 0 -260 0 1 0 -1 0 0 0 0 1 6558.dat
1 0 -140 10 -240 0 1 0 -1 0 0 0 0 1 2780.dat
1 0 -140 0 -300 1 0 0 0 1 0 0 0 1 32140.dat
1 0 -120 -20 -240 0 1 0 -1 0 0 0 0 1 6558.dat
1 0 -80 -20 -240 0 0 -1 0 -1 0 -1 0 0 32140.dat
1 0 140 20 -300 -1 0 0 0 -1 0 0 0 1 32140.dat
1 0 140 0 -260 0 1 0 -1 0 0 0 0 1 6558.dat
1 0 140 10 -240 0 1 0 -1 0 0 0 0 1 2780.dat
1 0 140 0 -300 -1 0 0 0 -1 0 0 0 1 32140.dat
1 0 120 -20 -240 0 1 0 -1 0 0 0 0 1 6558.dat
1 0 80 -20 -240 0 0 1 0 1 0 -1 0 0 32140.dat
1 0 -60 -40 -240 0 1 0 -1 0 0 0 0 1 6558.dat
1 0 -20 -40 -240 0 1 0 -1 0 0 0 0 1 6558.dat
1 0 20 -40 -240 0 1 0 -1 0 0 0 0 1 6558.dat
1 0 60 -40 -240 0 1 0 -1 0 0 0 0 1 6558.dat
1 71 -80 -40 -240 0 1 0 -1 0 0 0 0 1 4519.dat
1 71 80 -40 -240 0 1 0 -1 0 0 0 0 1 4519.dat
1 0 -80 -40 -240 0 0 -1 0 1 0 1 0 0 32316.dat
1 0 80 -35 -240 0 0 -1 0 1 0 1 0 0 32017.dat
1 0 80 -45 -240 0 0 -1 0 1 0 1 0 0 32017.dat
1 0 -140 -40 -260 0 0 -1 1 0 0 0 -1 0 32184.dat
1 1 -140 -30 -240 0 0 1 -1 0 0 0 -1 0 43093.dat
1 0 -140 -10 -280 0 0 1 -1 0 0 0 -1 0 3705.dat
1 0 -140 -20 -280 0 0 1 -1 0 0 0 -1 0 6536.dat
1 0 140 -40 -260 0 0 -1 1 0 0 0 -1 0 32184.dat
1 1 140 -30 -240 0 0 1 -1 0 0 0 -1 0 43093.dat
1 0 140 -10 -280 0 0 1 -1 0 0 0 -1 0 3705.dat
1 0 140 -20 -280 0 0 1 -1 0 0 0 -1 0 6536.dat
1 14 -120 0 -120 0 1 0 -1 0 0 0 0 1 32525.dat
1 71 -100 0 -220 0 -1 0 1 0 0 0 0 1 33299.dat
1 71 -100 0 -220 -1 0 0 0 -1 0 0 0 1 4519.dat
1 0 0 -60 -240 0 0 1 0 1 0 -1 0 0 32525.dat
