0 Main
0 Name: 8209-1 - F1 Racer.mpd
0 Author: LTRON
1 0 0 0 0 1 0 0 0 1 0 0 0 1 3705.dat
1 4 -35 0 -40 0 -1 0 1 0 0 0 0 1 6632.dat
1 71 -40 0 -20 -1 0 0 0 -1 0 0 0 1 3749.dat
1 0 0 0 -40 1 0 0 0 1 0 0 0 1 3705.dat
1 0 -25 0 -40 0 1 0 -1 0 0 0 0 1 32017.dat
1 71 -30 0 -80 -1 0 0 0 -1 0 0 0 1 4274.dat
1 4 -15 -40 0 0 1 0 0 0 1 1 0 0 32056.dat
1 4 -15 0 -100 0 1 0 -1 0 0 0 0 1 32056.dat
1 0 0 0 -100 1 0 0 0 1 0 0 0 1 3705.dat
1 71 0 0 -100 0 0 1 0 1 0 -1 0 0 3713.dat
1 16 0 -40 -100 0 0 1 0.928 0.371 0 -0.371 0.928 0 4255.dat
1 0 0 -0.0422 -0.0516 0 0 1 0.928 0.371 0 -0.371 0.928 0 4254.dat
1 0 0 -40 -100 1 0 0 0 0 -1 0 1 0 32062.dat
1 4 15 -40 0 0 1 0 0 0 1 1 0 0 32056.dat
1 4 15 0 -100 0 1 0 -1 0 0 0 0 1 32056.dat
1 0 0 0 -140 1 0 0 0 1 0 0 0 1 4519.dat
1 0 -25 0 -140 0 1 0 -1 0 0 0 0 1 6632.dat
1 71 -30 0 -120 -1 0 0 0 -1 0 0 0 1 4274.dat
1 4 -15 0 -170 0 -1 0 1 0 0 0 0 1 32063.dat
1 0 0 0 -220 1 0 0 0 0.944 -0.33 0 0.33 0.944 32073.dat
1 4 0 -6.6 -201.12 1 0 0 0 0.944 -0.33 0 0.33 0.944 32039.dat
1 0 0 -16.5 -172.8 0 0 1 0.33 0.944 0 -0.944 0.33 0 3705.dat
1 71 0 -27.39 -141.648 1 0 0 0 0.944 -0.33 0 0.33 0.944 6589.dat
1 0 0 0 -160 1 0 0 0 -0.305 -0.952 0 0.952 -0.305 32062.dat
1 4 0 0 -160 1 0 0 0 -0.952 0.305 0 -0.305 -0.952 6536.dat
1 0 0 -40 40 1 0 0 0 0 1 0 -1 0 32073.dat
1 0 0 -40 0 1 0 0 0 0 1 0 -1 0 32073.dat
1 4 15 0 -170 0 1 0 -1 0 0 0 0 1 32063.dat
1 0 25 0 -140 0 -1 0 1 0 0 0 0 1 6632.dat
1 71 30 0 -120 1 0 0 0 1 0 0 0 1 4274.dat
1 71 40 0 -20 1 0 0 0 1 0 0 0 1 3749.dat
1 4 35 0 -40 0 1 0 -1 0 0 0 0 1 6632.dat
1 0 25 0 -40 0 -1 0 1 0 0 0 0 1 32017.dat
1 71 30 0 -80 1 0 0 0 1 0 0 0 1 4274.dat
1 0 0 0 -180 1 0 0 0 1 0 0 0 1 3706.dat
1 71 30 0 -180 0 0 1 -1 0 0 0 -1 0 3713.dat
1 71 -30 0 -180 0 0 -1 -1 0 0 0 1 0 3713.dat
1 4 38 0 -100 0 -1 0 0 0 -1 1 0 0 32124.dat
1 4 62 0 -80 0 -1 0 1 0 0 0 0 1 4286.dat
1 4 -38 0 -100 0 1 0 0 0 1 1 0 0 32124.dat
1 4 -62 0 -80 0 1 0 -1 0 0 0 0 1 4286.dat
1 71 30 -40 0 0 0 1 -1 0 0 0 -1 0 3713.dat
1 71 -30 -40 0 0 0 -1 -1 0 0 0 1 0 3713.dat
1 4 -45 -40 0 0 -1 0 1 0 0 0 0 1 6632.dat
1 4 45 -40 0 0 -1 0 1 0 0 0 0 1 6632.dat
1 256 60 0 -20 0 0 -1 1 0 0 0 -1 0 32193.dat
1 256 -60 0 -20 0 0 1 1 0 0 0 1 0 32193.dat
1 256 -60 0 -180 0 0 1 1 0 0 0 1 0 32193.dat
1 256 60 0 -180 0 0 -1 1 0 0 0 -1 0 32193.dat
