0 Main
0 Name: 42075-1 - First Responder.mpd
0 Author: LTRON
1 71 0 -120 0 1 0 0 0 0.996 -0.087 0 0.087 0.996 64178.dat
1 1 -40 -128.7 99.6 1 0 0 0 0.996 -0.087 0 0.087 0.996 6558.dat
1 1 40 -128.7 99.6 -1 0 0 0 0.996 0.087 0 0.087 -0.996 6558.dat
1 1 -60 -123.48 39.84 -1 0 0 0 0.996 0.087 0 0.087 -0.996 6558.dat
1 1 60 -123.48 39.84 1 0 0 0 0.996 -0.087 0 0.087 0.996 6558.dat
1 0 50 -116.52 -39.84 1 0 0 0 0.996 -0.087 0 0.087 0.996 2780.dat
1 0 50 -111.3 -99.6 1 0 0 0 0.996 -0.087 0 0.087 0.996 2780.dat
1 0 50 -113.04 -79.68 1 0 0 0 0.996 -0.087 0 0.087 0.996 2780.dat
1 0 -50 -116.52 -39.84 1 0 0 0 0.996 -0.087 0 0.087 0.996 2780.dat
1 0 -50 -113.04 -79.68 1 0 0 0 0.996 -0.087 0 0.087 0.996 2780.dat
1 0 -50 -111.3 -99.6 1 0 0 0 0.996 -0.087 0 0.087 0.996 2780.dat
1 0 -20 -113.91 -69.72 0 0 1 0.087 0.996 0 -0.996 0.087 0 2780.dat
1 0 20 -113.91 -69.72 0 0 1 0.087 0.996 0 -0.996 0.087 0 2780.dat
1 0 30 -126.96 79.68 1 0 0 0 0.996 -0.087 0 0.087 0.996 2780.dat
1 0 -30 -126.96 79.68 1 0 0 0 0.996 -0.087 0 0.087 0.996 2780.dat
1 4 0 -152.88 -83.16 1 0 0 0 0.087 0.996 0 -0.996 0.087 60484.dat
1 71 -20 -188.46 94.38 0 -1 0 0.087 0 0.996 -0.996 0 0.087 32140.dat
1 71 20 -188.46 94.38 0 -1 0 0.087 0 0.996 -0.996 0 0.087 32140.dat
1 4 0 -112.17 -89.64 0 -1 0 0.087 0 0.996 -0.996 0 0.087 3706.dat
1 4 0 -111.3 -99.6 -0.191 0.982 0 0.978072 0.190236 0.087 0.085434 0.016617 -0.996 18946.dat
1 4 0 -109.56 -119.52 0 0 -1 -0.087 0.996 0 0.996 0.087 0 32034.dat
1 4 0 -106.08 -159.36 1 0 0 0 -0.996 0.087 0 -0.087 -0.996 26287.dat
1 70 0 -117.39 -29.88 1 0 0 0 -0.996 0.087 0 -0.087 -0.996 59443.dat
1 0 -20 -124.35 49.8 0 1 0 0.087 0 -0.996 -0.996 0 -0.087 2780.dat
1 0 20 -124.35 49.8 0 1 0 0.087 0 -0.996 -0.996 0 -0.087 2780.dat
1 4 0 -83.64 43.32 1 0 0 0 -0.087 -0.996 0 0.996 -0.087 60484.dat
1 0 0 -104.43 51.54 0 1 0 0.087 0 -0.996 -0.996 0 -0.087 2780.dat
1 1 0 -95.34 62.37 -1 0 0 0 0.087 -0.996 0 -0.996 -0.087 43857.dat
1 72 40 -109.56 -119.52 -1 0 0 0 0.996 0.087 0 0.087 -0.996 27940.dat
1 72 -40 -109.56 -119.52 -1 0 0 0 0.996 0.087 0 0.087 -0.996 27940.dat
1 4 60 -71.46 -96.12 0 1 0 0.087 0 -0.996 -0.996 0 -0.087 60484.dat
1 4 -60 -71.46 -96.12 0 1 0 0.087 0 -0.996 -0.996 0 -0.087 60484.dat
1 71 0 -123.48 39.84 0 1 0 0.087 0 -0.996 -0.996 0 -0.087 44294.dat
1 0 0 -121.74 19.92 0 1 0 0.996 0 0.087 0.087 0 -0.996 32270.dat
1 4 0 -100.08 1.74 1 0 0 0 0.087 0.996 0 -0.996 0.087 32523.dat
1 72 0 -83.031 36.348 0 -1 0 0.087 0 0.996 -0.996 0 0.087 32209.dat
1 19 0 -81.9 23.4 1 0 0 0 0.996 -0.087 0 0.087 0.996 18575.dat
1 1 -60 -71.46 -96.12 1 0 0 0 0.996 -0.087 0 0.087 0.996 6558.dat
1 1 60 -71.46 -96.12 -1 0 0 0 0.996 0.087 0 0.087 -0.996 6558.dat
1 14 0 -154.62 -63.24 0 0 1 0.087 0.996 0 -0.996 0.087 0 32073.dat
1 0 0 -158.1 -23.4 -1 0 0 0 0.996 0.087 0 0.087 -0.996 32270.dat
1 0 0 -155.49 -53.28 1 0 0 0 0.087 0.996 0 -0.996 0.087 87408.dat
1 4 0 -134.7 -61.5 0 1 0 -0.087 0 0.996 0.996 0 0.087 11214.dat
1 1 0 -144.66 -62.37 1 0 0 0 0.087 0.996 0 -0.996 0.087 43857.dat
1 72 0 -209.64 -7.83 0 0 -1 0.996 0.087 0 0.087 -0.996 0 55013.dat
1 19 0 -142.908 -2.001 -1 0 0 0 0.087 -0.996 0 -0.996 -0.087 6589.dat
1 4 0 -199.68 -6.96 -1 0 0 0 0.087 -0.996 0 -0.996 -0.087 3713.dat
1 4 0 -219.6 -8.7 0 0 1 -0.996 0.087 0 -0.087 -0.996 0 32034.dat
1 4 0 -239.52 -10.44 -1 0 0 0 0.087 -0.996 0 -0.996 -0.087 3713.dat
1 72 0 -259.44 -12.18 -1 0 0 0 -0.996 -0.087 0 -0.087 0.996 27940.dat
1 0 0 -279.36 -13.92 0 -1 0 -0.087 0 -0.996 0.996 0 -0.087 32270.dat
1 4 -40 -219.6 -8.7 1 0 0 0 0.087 0.996 0 -0.996 0.087 11214.dat
1 4 40 -219.6 -8.7 -1 0 0 0 -0.087 0.996 0 0.996 0.087 11214.dat
1 4 40 -259.44 -12.18 1 0 0 0 -0.996 0.087 0 -0.087 -0.996 25214.dat
1 4 -40 -259.44 -12.18 -1 0 0 0 0.996 0.087 0 0.087 -0.996 25214.dat
1 71 0 -151.14 -103.08 1 0 0 0 0.996 -0.087 0 0.087 0.996 94925.dat
1 71 60 -100.08 1.74 0 1 0 0.996 0 0.087 0.087 0 -0.996 14720.dat
1 1 60 -76.68 -36.36 -1 0 0 0 0.996 0.087 0 0.087 -0.996 6558.dat
1 0 70 -103.56 41.58 1 0 0 0 0.996 -0.087 0 0.087 0.996 2780.dat
1 0 70 -83.64 43.32 1 0 0 0 0.996 -0.087 0 0.087 0.996 2780.dat
1 71 -60 -100.08 1.74 0 -1 0 -0.996 0 0.087 -0.087 0 -0.996 14720.dat
1 1 -60 -76.68 -36.36 1 0 0 0 0.996 -0.087 0 0.087 0.996 6558.dat
1 0 -70 -103.56 41.58 1 0 0 0 0.996 -0.087 0 0.087 0.996 2780.dat
1 0 -70 -83.64 43.32 1 0 0 0 0.996 -0.087 0 0.087 0.996 2780.dat
1 71 0 -67.98 -135.96 1 0 0 0 0.996 -0.087 0 0.087 0.996 64178.dat
1 72 0 -67.11 -145.92 0 1 0 -0.087 0 0.996 0.996 0 0.087 55013.dat
1 71 0 -71.46 -96.12 1 0 0 0 0.996 -0.087 0 0.087 0.996 94925.dat
1 72 0 -69.72 -116.04 1 0 0 0 -0.087 -0.996 0 0.996 -0.087 18654.dat
1 0 0 -67.98 -135.96 0 1 0 0.996 0 0.087 0.087 0 -0.996 32270.dat
1 4 0 -65.37 -165.84 0 0 -1 -0.087 0.996 0 0.996 0.087 0 62462.dat
1 1 -40 -62.76 -195.72 0 0 -1 -0.996 -0.087 0 -0.087 0.996 0 6558.dat
1 1 40 -62.76 -195.72 0 0 -1 -0.996 -0.087 0 -0.087 0.996 0 6558.dat
1 4 0 -42.84 -193.98 0 0 -1 0.087 -0.996 0 -0.996 -0.087 0 40490.dat
1 0 60 -52.8 -194.85 0 0 -1 0.996 0.087 0 0.087 -0.996 0 2780.dat
1 0 -60 -52.8 -194.85 0 0 -1 0.996 0.087 0 0.087 -0.996 0 2780.dat
1 72 -60 -62.76 -195.72 0 0 -1 -0.087 0.996 0 0.996 0.087 0 18654.dat
1 72 60 -62.76 -195.72 0 0 -1 -0.087 0.996 0 0.996 0.087 0 18654.dat
1 71 -80 -64.5 -175.8 -1 0 0 0 -0.087 0.996 0 0.996 0.087 48989.dat
1 72 -110 -62.76 -195.72 1 0 0 0 -0.087 -0.996 0 0.996 -0.087 87083.dat
1 4 -100 -62.76 -195.72 0 0 -1 -0.996 -0.087 0 -0.087 0.996 0 3713.dat
1 1 -70 -66.24 -155.88 1 0 0 0 -0.087 -0.996 0 0.996 -0.087 4274.dat
1 57 -62 -66.24 -155.88 0 -1 0 -0.996 0 0.087 -0.087 0 -0.996 98138.dat
1 71 80 -64.5 -175.8 -1 0 0 0 -0.087 0.996 0 0.996 0.087 48989.dat
1 72 110 -62.76 -195.72 -1 0 0 0 -0.087 0.996 0 0.996 0.087 87083.dat
1 4 100 -62.76 -195.72 0 0 1 0.996 -0.087 0 0.087 0.996 0 3713.dat
1 1 70 -66.24 -155.88 -1 0 0 0 -0.087 0.996 0 0.996 0.087 4274.dat
1 57 62 -66.24 -155.88 0 1 0 0.996 0 0.087 0.087 0 -0.996 98138.dat
1 71 -60 -86.16 -157.62 0 -1 0 0.087 0 0.996 -0.996 0 0.087 42003.dat
1 71 60 -86.16 -157.62 0 1 0 -0.087 0 0.996 0.996 0 0.087 42003.dat
1 4 40 -87.03 -147.66 0 1 0 -0.087 0 0.996 0.996 0 0.087 32062.dat
1 4 -40 -87.03 -147.66 0 1 0 -0.087 0 0.996 0.996 0 0.087 32062.dat
1 1 40 -59.28 -235.56 -1 0 0 0 -0.087 0.996 0 0.996 0.087 6558.dat
1 1 40 -61.02 -215.64 -1 0 0 0 -0.087 0.996 0 0.996 0.087 6558.dat
1 1 -40 -59.28 -235.56 1 0 0 0 -0.087 -0.996 0 0.996 -0.087 6558.dat
1 1 -40 -61.02 -215.64 1 0 0 0 -0.087 -0.996 0 0.996 -0.087 6558.dat
1 0 0 -87.9 -137.7 -1 0 0 0 -0.996 -0.087 0 -0.087 0.996 87761.dat
1 4 0 -82.68 -197.46 0 0 -1 0.087 -0.996 0 -0.996 -0.087 0 40490.dat
1 0 -60 -92.64 -198.33 0 1 0 -0.996 0 -0.087 -0.087 0 0.996 2780.dat
1 0 60 -92.64 -198.33 0 1 0 -0.996 0 -0.087 -0.087 0 0.996 2780.dat
1 1 40 -79.68 -116.91 0 1 0 -0.996 0 -0.087 -0.087 0 0.996 43093.dat
1 1 -40 -79.68 -116.91 0 1 0 -0.996 0 -0.087 -0.087 0 0.996 43093.dat
1 71 -40 -109.56 -119.52 0 1 0 -0.996 0 -0.087 -0.087 0 0.996 32054.dat
1 71 40 -109.56 -119.52 0 1 0 -0.996 0 -0.087 -0.087 0 0.996 32054.dat
1 71 80 -80.16 3.48 0 -1 0 0.996 0 -0.087 0.087 0 0.996 32525.dat
1 19 80 -88.86 103.08 -1 0 0 0 -0.959853 0.280464 0 0.280464 0.959853 32556.dat
1 71 -80 -80.16 3.48 0 1 0 -0.996 0 -0.087 -0.087 0 0.996 32525.dat
1 19 -80 -88.86 103.08 1 0 0 0 0.996 -0.087 0 0.087 0.996 32556.dat
1 0 0 -60.8231 199.0474 -1 0 0 0 0.959853 -0.280464 0 -0.280464 -0.959853 64179.dat
1 0 -50 -72.0416 160.6533 -1 0 0 0 0.959853 -0.280464 0 -0.280464 -0.959853 2780.dat
1 0 50 -72.0416 160.6533 -1 0 0 0 0.959853 -0.280464 0 -0.280464 -0.959853 2780.dat
1 1 40 -55.2138 218.2445 0 1 0 0.959853 0 -0.280464 -0.280464 0 -0.959853 6558.dat
1 1 40 -66.4324 179.8504 0 1 0 0.959853 0 -0.280464 -0.280464 0 -0.959853 6558.dat
1 1 -40 -66.4324 179.8504 0 1 0 0.959853 0 -0.280464 -0.280464 0 -0.959853 6558.dat
1 1 -40 -55.2138 218.2445 0 1 0 0.959853 0 -0.280464 -0.280464 0 -0.959853 6558.dat
1 71 40 -60.8231 199.0474 1 0 0 0 -0.959853 -0.280464 0 0.280464 -0.959853 4519.dat
1 71 -40 -60.8231 199.0474 1 0 0 0 -0.959853 -0.280464 0 0.280464 -0.959853 4519.dat
1 72 0 -60.8231 199.0474 0 0 1 -0.959853 -0.280464 0 0.280464 -0.959853 0 62821.dat
1 19 -17 -60.8231 199.0474 0 0 1 -0.959853 -0.280464 0 0.280464 -0.959853 0 6589.dat
1 19 0 -56.0552 215.3649 -0.966 -0.259 0 -0.248602 0.927218 -0.280464 0.07264 -0.270928 -0.959853 6589.dat
1 19 17 -60.8231 199.0474 0 0 -1 0.959853 -0.280464 0 -0.280464 -0.959853 0 6589.dat
1 71 0 -77.6509 141.4562 0 0 1 0.280464 -0.959853 0 0.959853 0.280464 0 4519.dat
1 19 0 -72.0416 160.6533 -1 0 0 0 -0.959853 0.280464 0 0.280464 0.959853 18575.dat
1 71 0 -88.8695 103.0621 -1 0 0 0 -0.959853 0.280464 0 0.280464 0.959853 62520.dat
1 71 0 -88.8695 103.0621 0 1 0 0.996391 0 0.087034 0.087034 0 -0.996391 62520.dat
1 71 0 -88.8695 103.0621 -1 0 0 0 -0.996391 -0.087034 0 -0.087034 0.996391 62519.dat
1 70 -70 -60.8231 199.0474 0 0 1 0.959853 0.280464 0 -0.280464 0.959853 0 59443.dat
1 70 70 -60.8231 199.0474 0 0 1 0.959853 0.280464 0 -0.280464 0.959853 0 59443.dat
1 4 -60 -47.2353 174.2411 0 1 0 0.280464 0 0.959853 0.959853 0 -0.280464 6536.dat
1 4 -60 -36.0167 212.6352 0 1 0 0.280464 0 0.959853 0.959853 0 -0.280464 6536.dat
1 0 -60 -38.8214 203.0367 0 1 0 0.280464 0 0.959853 0.959853 0 -0.280464 3705.dat
1 71 -80 -41.626 193.4381 0 -1 0 0.280464 0 -0.959853 0.959853 0 0.280464 42003.dat
1 4 60 -47.2353 174.2411 0 -1 0 0.280464 0 -0.959853 0.959853 0 0.280464 6536.dat
1 4 60 -36.0167 212.6352 0 -1 0 0.280464 0 -0.959853 0.959853 0 0.280464 6536.dat
1 0 60 -38.8214 203.0367 0 -1 0 0.280464 0 -0.959853 0.959853 0 0.280464 3705.dat
1 71 80 -41.626 193.4381 0 1 0 0.280464 0 0.959853 0.959853 0 -0.280464 42003.dat
1 0 -110 -60.8231 199.0474 1 0 0 0 -0.959853 -0.280464 0 0.280464 -0.959853 3705.dat
1 0 110 -60.8231 199.0474 1 0 0 0 -0.959853 -0.280464 0 0.280464 -0.959853 3705.dat
1 71 -100 -60.8231 199.0474 0 -1 0 -0.959853 0 -0.280464 0.280464 0 -0.959853 87082.dat
1 71 100 -60.8231 199.0474 0 -1 0 -0.959853 0 -0.280464 0.280464 0 -0.959853 87082.dat
1 4 -60 -85.6294 185.4596 0 1 0 0.280464 0 0.959853 0.959853 0 -0.280464 6536.dat
1 4 -60 -74.4109 223.8537 0 1 0 0.280464 0 0.959853 0.959853 0 -0.280464 6536.dat
1 71 -80 -80.0201 204.6567 0 -1 0 0.280464 0 -0.959853 0.959853 0 0.280464 42003.dat
1 4 60 -85.6294 185.4596 0 -1 0 0.280464 0 -0.959853 0.959853 0 0.280464 6536.dat
1 4 60 -74.4109 223.8537 0 -1 0 0.280464 0 -0.959853 0.959853 0 0.280464 6536.dat
1 71 80 -80.0201 204.6567 0 1 0 0.280464 0 0.959853 0.959853 0 -0.280464 42003.dat
1 0 -60 -77.2155 214.2552 0 1 0 0.280464 0 0.959853 0.959853 0 -0.280464 3705.dat
1 0 60 -77.2155 214.2552 0 1 0 0.280464 0 0.959853 0.959853 0 -0.280464 3705.dat
1 14 60 -49.6045 237.4415 0 0 1 -0.280464 0.959853 0 -0.959853 -0.280464 0 32184.dat
1 14 -60 -49.6045 237.4415 0 0 1 -0.280464 0.959853 0 -0.959853 -0.280464 0 32184.dat
1 4 40 -77.6509 141.4562 0 1 0 -0.959853 0 0.280464 0.280464 0 0.959853 32062.dat
1 71 40 -83.2602 122.2592 0 0 -1 -0.959853 0.280464 0 0.280464 0.959853 0 92907.dat
1 0 50 -83.2602 122.2592 -1 0 0 0 0.959853 -0.280464 0 -0.280464 -0.959853 2780.dat
1 4 -40 -77.6509 141.4562 0 -1 0 0.959853 0 0.280464 -0.280464 0 0.959853 32062.dat
1 71 -40 -83.2602 122.2592 0 0 1 0.959853 0.280464 0 -0.280464 0.959853 0 92907.dat
1 0 -50 -83.2602 122.2592 1 0 0 0 -0.959853 -0.280464 0 0.280464 -0.959853 2780.dat
1 72 60 -94.4788 83.8651 0 1 0 -0.959853 0 0.280464 0.280464 0 0.959853 32526.dat
1 1 50 -94.4788 83.8651 -1 0 0 0 -0.959853 0.280464 0 0.280464 0.959853 4274.dat
1 71 0 -110.4358 171.8719 -1 0 0 0 -0.704407 0.709015 0 0.709015 0.704407 44294.dat
1 4 40 -110.4358 171.8719 0 0 1 -0.709015 0.704407 0 -0.704407 -0.709015 0 3713.dat
1 72 20 -110.4358 171.8719 0 1 0 -0.280464 0 -0.959853 -0.959853 0 0.280464 18654.dat
1 72 -20 -110.4358 171.8719 0 1 0 -0.280464 0 -0.959853 -0.959853 0 0.280464 18654.dat
1 4 -40 -110.4358 171.8719 0 0 1 -0.709015 0.704407 0 -0.704407 -0.709015 0 3713.dat
1 16 0 -188.4478 94.4065 0 0 1 0.704407 0.709015 0 -0.709015 0.704407 0 4255.dat
1 0 0 -110.4561 171.8913 0 0 1 0.704407 0.709015 0 -0.709015 0.704407 0 4254.dat
1 72 -60 -94.4788 83.8651 0 1 0 -0.959853 0 0.280464 0.280464 0 0.959853 32526.dat
1 1 -50 -94.4788 83.8651 1 0 0 0 0.959853 0.280464 0 -0.280464 0.959853 4274.dat
1 0 80 -89.6187 207.4613 0 1 0 0.959853 0 -0.280464 -0.280464 0 -0.959853 2780.dat
1 0 -80 -89.6187 207.4613 0 1 0 0.959853 0 -0.280464 -0.280464 0 -0.959853 2780.dat
1 4 80 -108.8157 213.0706 0 1 0 0.959853 0 -0.280464 -0.280464 0 -0.959853 62462.dat
1 4 -80 -108.8157 213.0706 0 -1 0 0.959853 0 0.280464 -0.280464 0 0.959853 62462.dat
1 71 0 -188.46 94.38 -1 0 0 0 0.996 0.087 0 0.087 -0.996 4519.dat
1 1 0 -102.6 -199.2 0 0 -1 0.996 0.087 0 0.087 -0.996 0 15100.dat
1 14 0 -100.86 -219.12 0 0 -1 -0.087 0.996 0 0.996 0.087 0 32073.dat
1 4 0 -100.86 -219.12 1 0 0 0 0.996 -0.087 0 0.087 0.996 3713.dat
1 19 0 -99.12 -239.04 -1 0 0 0 -0.996 -0.087 0 -0.087 0.996 18575.dat
1 71 -20 -233.52 150.66 0 -1 0 0.996 0 -0.087 0.087 0 0.996 32278.dat
1 71 -20 -221.34 11.22 -1 0 0 0 -0.996 -0.087 0 -0.087 0.996 32054.dat
1 4 20 -221.34 11.22 -1 0 0 0 -0.996 -0.087 0 -0.087 0.996 11214.dat
1 4 -40 -219.6 -8.7 0 1 0 -0.996 0 -0.087 -0.087 0 0.996 60484.dat
1 0 -30 -243.96 270.18 1 0 0 0 0.996 -0.087 0 0.087 0.996 2780.dat
1 0 -30 -242.22 250.26 1 0 0 0 0.996 -0.087 0 0.087 0.996 2780.dat
1 4 -40 -243.96 270.18 0 -1 0 0.996 0 -0.087 0.087 0 0.996 32523.dat
1 71 0 -245.7 290.1 -1 0 0 0 0.087 -0.996 0 -0.996 -0.087 87082.dat
1 4 0 -245.7 290.1 0 1 0 0.087 0 -0.996 -0.996 0 -0.087 11214.dat
1 70 0 -243.09 260.22 0 1 0 0.996 0 0.087 0.087 0 -0.996 59443.dat
1 72 0 -247.44 310.02 0 0 -1 0.996 0.087 0 0.087 -0.996 0 18654.dat
1 0 0 -234.39 160.62 0 0 -1 -0.087 0.996 0 0.996 0.087 0 3737.dat
1 4 0 -224.82 51.06 0 -1 0 -0.996 0 0.087 -0.087 0 -0.996 32013.dat
1 1 0 -234.78 50.19 0 -1 0 -0.996 0 0.087 -0.087 0 -0.996 43093.dat
1 0 0 -242.748 49.494 1 0 0 0 -0.996 0.087 0 -0.087 -0.996 4032.dat
1 47 0 -250.716 48.798 1 0 0 0 -0.996 0.087 0 -0.087 -0.996 2654.dat
1 71 20 -233.52 150.66 0 -1 0 0.996 0 -0.087 0.087 0 0.996 32278.dat
1 0 30 -242.22 250.26 1 0 0 0 0.996 -0.087 0 0.087 0.996 2780.dat
1 0 30 -243.96 270.18 1 0 0 0 0.996 -0.087 0 0.087 0.996 2780.dat
1 4 40 -243.96 270.18 0 -1 0 0.996 0 -0.087 0.087 0 0.996 32523.dat
1 4 40 -219.6 -8.7 0 -1 0 0.996 0 -0.087 0.087 0 0.996 60484.dat
1 1 60 -203.16 32.88 1 0 0 0 0.6672 0.7446 0 -0.7446 0.6672 6558.dat
1 71 60 -158.484 72.912 0 -1 0 0.6672 0 0.7446 -0.7446 0 0.6672 32524.dat
1 1 70 -113.808 112.944 1 0 0 0 0.6672 0.7446 0 -0.7446 0.6672 4274.dat
1 1 -60 -203.16 32.88 -1 0 0 0 0.6672 -0.7446 0 -0.7446 -0.6672 6558.dat
1 71 -60 -158.484 72.912 0 1 0 -0.6672 0 0.7446 0.7446 0 0.6672 32524.dat
1 1 -70 -113.808 112.944 -1 0 0 0 0.6672 -0.7446 0 -0.7446 -0.6672 4274.dat
1 1 60 -243 29.4 1 0 0 0 0.996 -0.087 0 0.087 0.996 6558.dat
1 1 -60 -243 29.4 -1 0 0 0 0.996 0.087 0 0.087 -0.996 6558.dat
1 1 40 -223.08 31.14 -1 0 0 0 0.996 0.087 0 0.087 -0.996 6558.dat
1 1 -40 -223.08 31.14 1 0 0 0 0.996 -0.087 0 0.087 0.996 6558.dat
1 71 60 -243 29.4 0 0 1 0.087 0.996 0 -0.996 0.087 0 42003.dat
1 0 60 -262.92 27.66 0 0 1 0.087 0.996 0 -0.996 0.087 0 18651.dat
1 0 -60 -262.92 27.66 0 0 1 0.087 0.996 0 -0.996 0.087 0 18651.dat
1 71 -60 -243 29.4 0 0 1 0.087 0.996 0 -0.996 0.087 0 42003.dat
1 71 -60 -260.31 -2.22 0 0 1 0.087 0.996 0 -0.996 0.087 0 41678.dat
1 71 60 -260.31 -2.22 0 0 -1 0.087 -0.996 0 -0.996 -0.087 0 41678.dat
1 1 -80 -271.14 6.87 0 0 -1 -0.996 -0.087 0 -0.087 0.996 0 4274.dat
1 1 -80 -269.4 -13.05 0 0 -1 -0.996 -0.087 0 -0.087 0.996 0 4274.dat
1 1 80 -269.4 -13.05 0 0 -1 -0.996 -0.087 0 -0.087 0.996 0 4274.dat
1 1 80 -271.14 6.87 0 0 -1 -0.996 -0.087 0 -0.087 0.996 0 4274.dat
1 4 80 -183.24 34.62 0 1 0 -0.087 0 0.996 0.996 0 0.087 40490.dat
1 0 90 -223.08 31.14 1 0 0 0 0.996 -0.087 0 0.087 0.996 2780.dat
1 0 90 -262.92 27.66 1 0 0 0 0.996 -0.087 0 0.087 0.996 2780.dat
1 0 -90 -262.92 27.66 -1 0 0 0 0.996 0.087 0 0.087 -0.996 2780.dat
1 0 -90 -223.08 31.14 -1 0 0 0 0.996 0.087 0 0.087 -0.996 2780.dat
1 4 -80 -183.24 34.62 0 -1 0 0.087 0 0.996 -0.996 0 0.087 40490.dat
1 0 90 -163.32 36.36 1 0 0 0 0.996 -0.087 0 0.087 0.996 2780.dat
1 4 100 -165.06 56.28 0 -1 0 0.996 0 -0.087 0.087 0 0.996 32523.dat
1 0 90 -165.06 56.28 1 0 0 0 0.996 -0.087 0 0.087 0.996 2780.dat
1 0 90 -166.8 76.2 1 0 0 0 0.996 -0.087 0 0.087 0.996 2780.dat
1 4 80 -175.5 175.8 0 -1 0 0.996 0 -0.087 0.087 0 0.996 41239.dat
1 71 60 -173.76 155.88 0 0 1 0.996 -0.087 0 0.087 0.996 0 48989.dat
1 71 100 -178.98 215.64 0 0 1 0.996 -0.087 0 0.087 0.996 0 48989.dat
1 1 60 -181.98 135.09 0 -1 0 -0.996 0 0.087 -0.087 0 -0.996 4274.dat
1 1 60 -185.46 174.93 0 -1 0 -0.996 0 0.087 -0.087 0 -0.996 4274.dat
1 4 100 -173.76 155.88 0 -1 0 -0.528 0 0.849 -0.849 0 -0.528 6629.dat
1 1 90 -173.76 155.88 1 0 0 0 -0.528 0.849 0 -0.849 -0.528 43093.dat
1 4 120 -173.76 155.88 0 -1 0 0.996 0 -0.087 0.087 0 0.996 6629.dat
1 1 100 -85.38 63.24 -1 0 0 0 0.996 0.087 0 0.087 -0.996 6558.dat
1 1 100 -73.2 -76.2 -1 0 0 0 0.996 0.087 0 0.087 -0.996 6558.dat
1 72 100 -73.2 -76.2 0 -1 0 -0.996 0 0.087 -0.087 0 -0.996 18654.dat
1 71 120 -80.16 3.48 0 -1 0 -0.996 0 0.087 -0.087 0 -0.996 32525.dat
1 1 60 -219.6 -8.7 -1 0 0 0 0.087 -0.996 0 -0.996 -0.087 24116.dat
1 1 -60 -219.6 -8.7 -1 0 0 0 0.087 -0.996 0 -0.996 -0.087 24116.dat
1 4 -100 -165.06 56.28 0 1 0 -0.996 0 -0.087 -0.087 0 0.996 32523.dat
1 0 -90 -163.32 36.36 1 0 0 0 0.996 -0.087 0 0.087 0.996 2780.dat
1 0 -90 -165.06 56.28 1 0 0 0 0.996 -0.087 0 0.087 0.996 2780.dat
1 0 -90 -166.8 76.2 1 0 0 0 0.996 -0.087 0 0.087 0.996 2780.dat
1 4 -80 -175.5 175.8 0 1 0 -0.996 0 -0.087 -0.087 0 0.996 41239.dat
1 71 -100 -178.98 215.64 0 0 -1 -0.996 -0.087 0 -0.087 0.996 0 48989.dat
1 0 -70 -170.28 116.04 1 0 0 0 0.996 -0.087 0 0.087 0.996 2780.dat
1 0 -60 -170.28 116.04 1 0 0 0 0.087 0.996 0 -0.996 0.087 10197.dat
1 4 -60 -173.76 155.88 1 0 0 0 -0.996 0.087 0 -0.087 -0.996 32034.dat
1 0 -60 -177.24 195.72 1 0 0 0 0.996 -0.087 0 0.087 0.996 10197.dat
1 4 -80 -173.76 155.88 -1 0 0 0 -0.849 0.528 0 0.528 0.849 11214.dat
1 0 20 -175.98 296.19 0 1 0 -0.996 0 -0.087 -0.087 0 0.996 2780.dat
1 0 -20 -175.98 296.19 0 1 0 -0.996 0 -0.087 -0.087 0 0.996 2780.dat
1 0 0 -167.76 316.98 1 0 0 0 0.087 0.996 0 -0.996 0.087 63869.dat
1 71 0 -167.76 316.98 1 0 0 0 0.087 0.996 0 -0.996 0.087 4519.dat
1 4 20 -167.76 316.98 0 0 1 -0.087 -0.996 0 0.996 -0.087 0 11947.dat
1 4 -20 -167.76 316.98 0 0 -1 0.087 -0.996 0 -0.996 -0.087 0 11946.dat
1 71 0 -187.68 315.24 0 0 -1 -0.996 -0.087 0 -0.087 0.996 0 32525.dat
1 4 -100 -173.76 155.88 0 -1 0 -0.528 0 0.849 -0.849 0 -0.528 6629.dat
1 4 -120 -173.76 155.88 0 -1 0 0.996 0 -0.087 0.087 0 0.996 6629.dat
1 71 -120 -80.16 3.48 0 1 0 0.996 0 0.087 0.087 0 -0.996 32525.dat
1 72 -100 -73.2 -76.2 0 1 0 0.996 0 0.087 0.087 0 -0.996 18654.dat
1 1 -100 -73.2 -76.2 1 0 0 0 -0.996 0.087 0 -0.087 -0.996 6558.dat
1 1 -100 -85.38 63.24 1 0 0 0 -0.996 0.087 0 -0.087 -0.996 6558.dat
1 25 -60 -227.052 111.081 -1 0 0 0 0.996 0.087 0 0.087 -0.996 3942.dat
1 25 -60 -235.008 190.674 -1 0 0 0 0.996 0.087 0 0.087 -0.996 3942.dat
1 1 -60 -245.7 290.1 1 0 0 0 -0.996 0.087 0 -0.087 -0.996 6558.dat
1 72 -80 -245.7 290.1 0 1 0 -0.996 0 -0.087 -0.087 0 0.996 18654.dat
1 4 -60 -275.1 167.1 0 1 0 -0.996 0 -0.087 -0.087 0 0.996 11954.dat
1 0 -60 -259.92 108.21 0 1 0 -0.996 0 -0.087 -0.087 0 0.996 2780.dat
1 0 -60 -266.88 187.89 0 1 0 -0.996 0 -0.087 -0.087 0 0.996 2780.dat
1 0 -100 -240 109.95 0 1 0 -0.996 0 -0.087 -0.087 0 0.996 2780.dat
1 0 -100 -250.44 229.47 0 1 0 -0.996 0 -0.087 -0.087 0 0.996 2780.dat
1 72 -100 -215.34 172.32 0 1 0 0.087 0 -0.996 -0.996 0 -0.087 15458.dat
1 1 -60 -290.28 225.99 0 0 -1 -0.996 -0.087 0 -0.087 0.996 0 4274.dat
1 15 -60 -298.248 225.294 0 0 -1 -0.087 0.996 0 0.996 0.087 0 6141.dat
1 33 -60 -306.216 224.598 0 0 -1 -0.087 0.996 0 0.996 0.087 0 98138.dat
1 0 -100 -245.61 59.28 0 1 0 0.087 0 -0.996 -0.996 0 -0.087 2780.dat
1 0 -100 -185.85 64.5 0 1 0 0.087 0 -0.996 -0.996 0 -0.087 2780.dat
1 72 -100 -184.98 54.54 1 0 0 0 -0.087 -0.996 0 0.996 -0.087 32526.dat
1 71 0 -129.48 -121.26 0 0 1 0.087 0.996 0 -0.996 0.087 0 32525.dat
1 4 -100 -129.48 -121.26 0 0 -1 -0.996 -0.087 0 -0.087 0.996 0 11214.dat
1 4 100 -129.48 -121.26 0 0 -1 -0.996 -0.087 0 -0.087 0.996 0 11214.dat
1 4 -100 -149.4 -123 0 1 0 0.996 0 0.087 0.087 0 -0.996 6536.dat
1 4 100 -149.4 -123 0 -1 0 0.996 0 -0.087 0.087 0 0.996 6536.dat
1 4 -80 -109.56 -119.52 0 -1 0 0.087 0 0.996 -0.996 0 0.087 6536.dat
1 4 80 -109.56 -119.52 0 1 0 -0.087 0 0.996 0.996 0 0.087 6536.dat
1 0 -80 -150.27 -113.04 0 1 0 -0.087 0 0.996 0.996 0 0.087 2780.dat
1 0 80 -150.27 -113.04 0 1 0 -0.087 0 0.996 0.996 0 0.087 2780.dat
1 1 80 -110.43 -109.56 0 1 0 0.087 0 -0.996 -0.996 0 -0.087 43093.dat
1 1 -80 -110.43 -109.56 0 1 0 0.087 0 -0.996 -0.996 0 -0.087 43093.dat
1 4 -100 -151.14 -103.08 -1 0 0 0 -0.996 -0.087 0 -0.087 0.996 64683.dat
1 4 100 -151.14 -103.08 -1 0 0 0 -0.996 -0.087 0 -0.087 0.996 64391.dat
1 0 -100 -168.06 -24.27 0 0 1 -0.996 0.087 0 -0.087 -0.996 0 2780.dat
1 0 -100 -164.58 -64.11 0 0 1 -0.996 0.087 0 -0.087 -0.996 0 2780.dat
1 0 100 -164.58 -64.11 0 0 1 -0.996 0.087 0 -0.087 -0.996 0 2780.dat
1 0 100 -168.06 -24.27 0 0 1 -0.996 0.087 0 -0.087 -0.996 0 2780.dat
1 4 -100 -178.02 -25.14 -1 0 0 0 -0.996 -0.087 0 -0.087 0.996 32524.dat
1 4 100 -178.02 -25.14 -1 0 0 0 -0.996 -0.087 0 -0.087 0.996 32524.dat
1 1 -60 -149.4 -123 0 1 0 -0.996 0 -0.087 -0.087 0 0.996 6558.dat
1 1 60 -149.4 -123 0 1 0 -0.996 0 -0.087 -0.087 0 0.996 6558.dat
1 72 -60 -149.4 -123 1 0 0 0 -0.996 0.087 0 -0.087 -0.996 18654.dat
1 0 20 -139.44 -122.13 0 1 0 -0.996 0 -0.087 -0.087 0 0.996 2780.dat
1 0 60 -149.4 -123 0 1 0 0.996 0 0.087 0.087 0 -0.996 10197.dat
1 4 20 -149.4 -123 0 0 -1 0.996 0.087 0 0.087 -0.996 0 32034.dat
1 25 60 -151.14 -103.08 1 0 0 0 -0.087 -0.996 0 0.996 -0.087 60483.dat
1 1 60 -171.93 -94.86 0 0 1 -0.087 -0.996 0 0.996 -0.087 0 43093.dat
1 71 60 -174.018 -70.956 1 0 0 0 0.087 0.996 0 -0.996 0.087 2819.dat
1 71 0 -117.3 -260.7 0 0 1 0.087 0.996 0 -0.996 0.087 0 48989.dat
1 4 -20 -137.22 -262.44 0 1 0 -0.087 0 0.996 0.996 0 0.087 32526.dat
1 4 -20 -57.54 -255.48 1 0 0 0 0.087 0.996 0 -0.996 0.087 11214.dat
1 71 20 -57.54 -255.48 1 0 0 0 0.087 0.996 0 -0.996 0.087 32054.dat
1 4 20 -137.22 -262.44 0 1 0 -0.087 0 0.996 0.996 0 0.087 32526.dat
1 0 30 -77.46 -257.22 1 0 0 0 0.087 0.996 0 -0.996 0.087 2780.dat
1 0 -30 -77.46 -257.22 1 0 0 0 0.087 0.996 0 -0.996 0.087 2780.dat
1 71 -40 -72.24 -316.98 0 -1 0 0.996 0 -0.087 0.087 0 0.996 32140.dat
1 71 -40 -73.98 -297.06 -1 0 0 0 -0.087 0.996 0 0.996 0.087 32054.dat
1 72 -60 -73.98 -297.06 0 1 0 -0.087 0 0.996 0.996 0 0.087 18654.dat
1 4 -30 -72.24 -316.98 1 0 0 0 0.087 0.996 0 -0.996 0.087 32062.dat
1 4 -20 -72.24 -316.98 1 0 0 0 -0.996 0.087 0 -0.087 -0.996 6536.dat
1 14 20 -73.98 -297.06 1 0 0 0 -0.996 0.087 0 -0.087 -0.996 32073.dat
1 71 0 -73.98 -297.06 1 0 0 0 -0.996 0.087 0 -0.087 -0.996 61510.dat
1 4 20 -73.98 -297.06 0 0 -1 0.087 -0.996 0 -0.996 -0.087 0 3713.dat
1 71 40 -72.24 -316.98 0 -1 0 0.996 0 -0.087 0.087 0 0.996 32140.dat
1 4 30 -72.24 -316.98 1 0 0 0 0.087 0.996 0 -0.996 0.087 32062.dat
1 4 20 -72.24 -316.98 1 0 0 0 -0.996 0.087 0 -0.087 -0.996 6536.dat
1 0 60 -73.98 -297.06 0 0 -1 0.087 -0.996 0 -0.996 -0.087 0 32270.dat
1 0 0 -91.29 -328.68 0 -1 0 -0.087 0 -0.996 0.996 0 -0.087 15461.dat
1 71 60 -120.78 -220.86 0 -1 0 0.087 0 0.996 -0.996 0 0.087 32140.dat
1 71 -60 -120.78 -220.86 0 -1 0 0.087 0 0.996 -0.996 0 0.087 32140.dat
1 71 60 -102.6 -199.2 -1 0 0 0 0.087 -0.996 0 -0.996 -0.087 92907.dat
1 71 -60 -102.6 -199.2 -1 0 0 0 0.087 -0.996 0 -0.996 -0.087 92907.dat
1 4 60 -100.86 -219.12 -1 0 0 0 0.087 -0.996 0 -0.996 -0.087 32062.dat
1 4 -60 -100.86 -219.12 -1 0 0 0 0.087 -0.996 0 -0.996 -0.087 32062.dat
1 14 0 -140.7 -222.6 0 1 0 0.996 0 0.087 0.087 0 -0.996 32184.dat
1 71 20 -140.7 -222.6 0 1 0 0.996 0 0.087 0.087 0 -0.996 4519.dat
1 71 -20 -140.7 -222.6 0 1 0 0.996 0 0.087 0.087 0 -0.996 4519.dat
1 4 20 -160.62 -224.34 0 1 0 0.996 0 0.087 0.087 0 -0.996 6536.dat
1 4 -20 -160.62 -224.34 0 -1 0 0.996 0 -0.087 0.087 0 0.996 6536.dat
1 0 40 -120.78 -220.86 0 0 1 0.996 -0.087 0 0.087 0.996 0 32039.dat
1 0 -40 -120.78 -220.86 0 0 -1 0.996 0.087 0 0.087 -0.996 0 32039.dat
1 71 -40 -160.62 -224.34 0 0 -1 -0.087 0.996 0 0.996 0.087 0 32054.dat
1 71 40 -160.62 -224.34 0 0 -1 -0.087 0.996 0 0.996 0.087 0 32054.dat
1 14 -10 -145.92 -162.84 -1 0 0 0 -0.996 -0.087 0 -0.087 0.996 2853.dat
1 14 0 -143.31 -192.72 1 0 0 0 0.996 -0.087 0 0.087 0.996 2853.dat
1 71 -10 -143.31 -192.72 0 -1 0 0.996 0 -0.087 0.087 0 0.996 2852.dat
1 71 -10 -143.31 -192.72 0 1 0 0.996 0 0.087 0.087 0 -0.996 2852.dat
1 14 30 -143.31 -192.72 0 -1 0 0.087 0 0.996 -0.996 0 0.087 2851.dat
1 14 -50 -143.31 -192.72 0 1 0 -0.087 0 0.996 0.996 0 0.087 2851.dat
1 71 0 -139.83 -232.56 0 -1 0 0.087 0 0.996 -0.996 0 0.087 4519.dat
1 0 0 -138.96 -242.52 0 -1 0 0.996 0 -0.087 0.087 0 0.996 32270.dat
1 0 -40 -164.97 -174.54 0 -1 0 0.087 0 0.996 -0.996 0 0.087 2780.dat
1 0 -40 -125.13 -171.06 0 -1 0 0.087 0 0.996 -0.996 0 0.087 2780.dat
1 0 40 -164.97 -174.54 0 -1 0 0.087 0 0.996 -0.996 0 0.087 2780.dat
1 0 40 -125.13 -171.06 0 -1 0 0.087 0 0.996 -0.996 0 0.087 2780.dat
1 4 20 -165.84 -164.58 0 1 0 0.996 0 0.087 0.087 0 -0.996 6536.dat
1 4 -20 -165.84 -164.58 0 -1 0 0.996 0 -0.087 0.087 0 0.996 6536.dat
1 4 -20 -126 -161.1 0 -1 0 0.996 0 -0.087 0.087 0 0.996 6536.dat
1 4 20 -126 -161.1 0 1 0 0.996 0 0.087 0.087 0 -0.996 6536.dat
1 14 0 -145.92 -162.84 0 1 0 0.996 0 0.087 0.087 0 -0.996 32184.dat
1 71 -20 -145.92 -162.84 0 1 0 0.996 0 0.087 0.087 0 -0.996 4519.dat
1 71 20 -145.92 -162.84 0 1 0 0.996 0 0.087 0.087 0 -0.996 4519.dat
1 4 50 -120.78 -220.86 -1 0 0 0 0.087 -0.996 0 -0.996 -0.087 32062.dat
1 4 -50 -120.78 -220.86 -1 0 0 0 0.087 -0.996 0 -0.996 -0.087 32062.dat
1 4 60 -169.32 -124.74 0 0 -1 0.996 0.087 0 0.087 -0.996 0 32034.dat
1 14 0 -169.32 -124.74 -1 0 0 0 0.087 -0.996 0 -0.996 -0.087 32073.dat
1 4 -60 -169.32 -124.74 0 0 -1 0.996 0.087 0 0.087 -0.996 0 32034.dat
1 1 -90 -169.32 -124.74 1 0 0 0 0.087 0.996 0 -0.996 0.087 43093.dat
1 1 90 -169.32 -124.74 -1 0 0 0 0.087 -0.996 0 -0.996 -0.087 43093.dat
1 4 0 -182.28 -206.16 0 1 0 0.996 0 0.087 0.087 0 -0.996 32526.dat
1 1 0 -175.32 -285.84 -1 0 0 0 0.996 0.087 0 0.087 -0.996 6558.dat
1 1 0 -178.8 -246 -1 0 0 0 0.996 0.087 0 0.087 -0.996 6558.dat
1 4 20 -180.54 -226.08 0 -1 0 -0.996 0 0.087 -0.087 0 -0.996 32524.dat
1 4 -20 -180.54 -226.08 0 -1 0 -0.996 0 0.087 -0.087 0 -0.996 32524.dat
1 71 0 -155.4 -284.1 1 0 0 0 -0.996 0.087 0 -0.087 -0.996 4519.dat
1 71 40 -155.4 -284.1 0 0 1 0.996 -0.087 0 0.087 0.996 0 32013.dat
1 71 -40 -155.4 -284.1 0 0 -1 0.996 0.087 0 0.087 -0.996 0 32013.dat
1 71 0 -135.48 -282.36 -1 0 0 0 0.087 -0.996 0 -0.996 -0.087 4519.dat
1 71 40 -135.48 -282.36 0 0 1 -0.996 0.087 0 -0.087 -0.996 0 32016.dat
1 71 -40 -135.48 -282.36 0 0 -1 0.996 0.087 0 0.087 -0.996 0 32016.dat
1 4 40 -135.48 -282.36 0 0 -1 0.996 0.087 0 0.087 -0.996 0 11214.dat
1 4 -40 -135.48 -282.36 0 0 -1 0.996 0.087 0 0.087 -0.996 0 11214.dat
1 4 40 -115.56 -280.62 0 0 1 0.996 -0.087 0 0.087 0.996 0 6536.dat
1 4 -40 -115.56 -280.62 0 0 1 0.996 -0.087 0 0.087 0.996 0 6536.dat
1 4 40 -117.3 -260.7 1 0 0 0 0.087 0.996 0 -0.996 0.087 11214.dat
1 4 -40 -117.3 -260.7 -1 0 0 0 -0.087 0.996 0 0.996 0.087 11214.dat
1 4 60 -117.3 -260.7 0 0 -1 -0.996 -0.087 0 -0.087 0.996 0 3713.dat
1 4 -60 -117.3 -260.7 0 0 1 -0.996 0.087 0 -0.087 -0.996 0 3713.dat
1 1 -40 -185.76 -166.32 -1 0 0 0 0.996 0.087 0 0.087 -0.996 6558.dat
1 1 -40 -182.28 -206.16 -1 0 0 0 0.996 0.087 0 0.087 -0.996 6558.dat
1 1 40 -185.76 -166.32 1 0 0 0 -0.996 0.087 0 -0.087 -0.996 6558.dat
1 1 40 -182.28 -206.16 1 0 0 0 -0.996 0.087 0 -0.087 -0.996 6558.dat
1 15 40 -182.28 -206.16 0 1 0 0.996 0 0.087 0.087 0 -0.996 32524.dat
1 15 -40 -182.28 -206.16 0 1 0 0.996 0 0.087 0.087 0 -0.996 32524.dat
1 4 -60 -187.5 -146.4 0 1 0 0.996 0 0.087 0.087 0 -0.996 64391.dat
1 4 60 -187.5 -146.4 0 -1 0 -0.996 0 0.087 -0.087 0 -0.996 64683.dat
1 0 60 -188.37 -136.44 0 -1 0 -0.087 0 -0.996 0.996 0 -0.087 2780.dat
1 0 -60 -188.37 -136.44 0 -1 0 -0.087 0 -0.996 0.996 0 -0.087 2780.dat
1 4 0 -189.24 -126.48 0 0 1 -0.996 0.087 0 -0.087 -0.996 0 32524.dat
1 71 76.955 -136.8117 -267.1142 0.924 0.383 0 -0.033321 0.080388 0.996 0.381468 -0.920304 0.087 4519.dat
1 4 113.91 -138.1435 -251.8675 0 0.383 0.924 -0.996 0.080388 -0.033321 -0.087 -0.920304 0.381468 32015.dat
1 4 113.91 -140.7535 -221.9875 0 -1 0 0.087 0 0.996 -0.996 0 0.087 32062.dat
1 4 113.91 -143.3635 -192.1075 -1 0 0 0 -0.996 -0.087 0 -0.087 0.996 26287.dat
1 0 76.955 -136.8117 -267.1142 -0.924 0 -0.383 0.033321 -0.996 -0.080388 -0.381468 -0.087 0.920304 63869.dat
1 71 62.304 -155.2621 -285.6786 0.383 0 -0.924 0.080388 -0.996 0.033321 -0.920304 -0.087 -0.381468 4274.dat
1 71 80.782 -155.928 -278.0553 0.383 0 -0.924 0.080388 -0.996 0.033321 -0.920304 -0.087 -0.381468 4274.dat
1 71 99.26 -156.5938 -270.4329 0.383 0 -0.924 0.080388 -0.996 0.033321 -0.920304 -0.087 -0.381468 4274.dat
1 47 65.366 -154.6191 -293.0401 0.354 -0.383 -0.854 -0.933006 -0.080388 -0.35067 0.065028 0.920304 -0.385905 98138.dat
1 47 83.843 -155.285 -285.4167 0.354 -0.383 -0.854 -0.933006 -0.080388 -0.35067 0.065028 0.920304 -0.385905 98138.dat
1 57 102.321 -155.9508 -277.7943 0.354 -0.383 -0.854 -0.933006 -0.080388 -0.35067 0.065028 0.920304 -0.385905 98138.dat
1 71 -76.955 -136.8117 -267.1142 0.924 -0.383 0 0.033321 0.080388 0.996 -0.381468 -0.920304 0.087 4519.dat
1 4 -113.91 -138.1435 -251.8675 0 -0.383 -0.924 0.996 0.080388 -0.033321 0.087 -0.920304 0.381468 32015.dat
1 4 -113.91 -140.7535 -221.9875 0 1 0 -0.087 0 0.996 0.996 0 0.087 32062.dat
1 4 -113.91 -143.3635 -192.1075 -1 0 0 0 -0.996 -0.087 0 -0.087 0.996 26287.dat
1 0 -76.955 -136.8117 -267.1142 -0.924 0 0.383 -0.033321 -0.996 -0.080388 0.381468 -0.087 0.920304 63869.dat
1 71 -62.304 -155.2621 -285.6786 -0.383 0 -0.924 0.080388 -0.996 -0.033321 -0.920304 -0.087 0.381468 4274.dat
1 71 -80.782 -155.928 -278.0553 -0.383 0 -0.924 0.080388 -0.996 -0.033321 -0.920304 -0.087 0.381468 4274.dat
1 71 -99.26 -156.5938 -270.4329 -0.383 0 -0.924 0.080388 -0.996 -0.033321 -0.920304 -0.087 0.381468 4274.dat
1 47 -65.366 -154.6191 -293.0401 0.354 0.383 0.854 0.933006 -0.080388 -0.35067 -0.065028 0.920304 -0.385905 98138.dat
1 47 -83.843 -155.285 -285.4167 0.354 0.383 0.854 0.933006 -0.080388 -0.35067 -0.065028 0.920304 -0.385905 98138.dat
1 57 -102.321 -155.9508 -277.7943 0.354 0.383 0.854 0.933006 -0.080388 -0.35067 -0.065028 0.920304 -0.385905 98138.dat
1 71 0 -254.22 -71.94 1 0 0 0 0.996 -0.087 0 0.087 0.996 4519.dat
1 4 0 -254.22 -71.94 0 0 1 0.996 -0.087 0 0.087 0.996 0 3713.dat
1 4 -40 -254.22 -71.94 0 0 1 -0.087 -0.996 0 0.996 -0.087 0 32034.dat
1 4 40 -254.22 -71.94 0 0 1 -0.087 -0.996 0 0.996 -0.087 0 32034.dat
1 28 -40 -255.96 -52.02 0 0 1 0.087 0.996 0 -0.996 0.087 0 6587.dat
1 28 40 -255.96 -52.02 0 0 1 0.087 0.996 0 -0.996 0.087 0 6587.dat
1 4 -40 -255.96 -52.02 0 1 0 0.996 0 0.087 0.087 0 -0.996 3713.dat
1 4 40 -255.96 -52.02 0 1 0 0.996 0 0.087 0.087 0 -0.996 3713.dat
1 4 -80 -254.22 -71.94 1 0 0 0 0.087 0.996 0 -0.996 0.087 11214.dat
1 4 80 -254.22 -71.94 -1 0 0 0 -0.087 0.996 0 0.996 0.087 11214.dat
1 4 -80 -255.96 -52.02 0 1 0 -0.996 0 -0.087 -0.087 0 0.996 32523.dat
1 4 80 -255.96 -52.02 0 1 0 -0.996 0 -0.087 -0.087 0 0.996 32523.dat
1 15 -40 -252.654 -89.868 1 0 0 0 -0.087 -0.996 0 0.996 -0.087 6141.dat
1 15 40 -252.654 -89.868 1 0 0 0 -0.087 -0.996 0 0.996 -0.087 6141.dat
1 33 -40 -251.958 -97.836 1 0 0 0 -0.087 -0.996 0 0.996 -0.087 98138.dat
1 33 40 -251.958 -97.836 1 0 0 0 -0.087 -0.996 0 0.996 -0.087 98138.dat
1 0 90 -255.96 -52.02 1 0 0 0 -0.087 -0.996 0 0.996 -0.087 2780.dat
1 0 90 -257.7 -32.1 1 0 0 0 -0.087 -0.996 0 0.996 -0.087 2780.dat
1 0 -90 -255.96 -52.02 1 0 0 0 -0.087 -0.996 0 0.996 -0.087 2780.dat
1 0 -90 -257.7 -32.1 1 0 0 0 -0.087 -0.996 0 0.996 -0.087 2780.dat
1 4 100 -254.22 -71.94 0 -1 0 0.849 0 0.528 -0.528 0 0.849 22961.dat
1 4 100 -220.26 -93.06 1 0 0 0 0.528 -0.849 0 0.849 0.528 26287.dat
1 4 100 -194.79 -108.9 0 0 1 0.849 0.528 0 -0.528 0.849 0 32062.dat
1 4 100 -169.32 -124.74 -1 0 0 0 0.528 0.849 0 0.849 -0.528 32013.dat
1 4 -100 -254.22 -71.94 0 -1 0 0.849 0 0.528 -0.528 0 0.849 22961.dat
1 4 -100 -220.26 -93.06 1 0 0 0 0.528 -0.849 0 0.849 0.528 26287.dat
1 4 -100 -194.79 -108.9 0 0 1 0.849 0.528 0 -0.528 0.849 0 32062.dat
1 4 -100 -169.32 -124.74 -1 0 0 0 0.528 0.849 0 0.849 -0.528 32013.dat
1 4 100 -255.96 -52.02 0 -1 0 0.996 0 -0.087 0.087 0 0.996 32526.dat
1 4 -100 -255.96 -52.02 0 -1 0 0.996 0 -0.087 0.087 0 0.996 32526.dat
1 15 -80 -278.238 -3.786 0 0 -1 -0.087 0.996 0 0.996 0.087 0 3710.dat
1 33 -80 -286.206 -4.482 0 0 -1 -0.087 0.996 0 0.996 0.087 0 3023.dat
1 33 -80 -294.174 -5.178 0 0 -1 -0.087 0.996 0 0.996 0.087 0 3069.dat
1 33 -80 -275.628 -33.666 1 0 0 0 0.996 -0.087 0 0.087 0.996 54200.dat
1 33 -80 -280.848 26.094 -1 0 0 0 0.996 0.087 0 0.087 -0.996 54200.dat
1 15 80 -278.238 -3.786 0 0 -1 -0.087 0.996 0 0.996 0.087 0 3710.dat
1 33 80 -286.206 -4.482 0 0 -1 -0.087 0.996 0 0.996 0.087 0 3023.dat
1 33 80 -294.174 -5.178 0 0 -1 -0.087 0.996 0 0.996 0.087 0 3069.dat
1 33 80 -275.628 -33.666 1 0 0 0 0.996 -0.087 0 0.087 0.996 54200.dat
1 33 80 -280.848 26.094 -1 0 0 0 0.996 0.087 0 0.087 -0.996 54200.dat
1 4 60 -199.908 133.524 0 0 -1 -0.996 -0.087 0 -0.087 0.996 0 62462.dat
1 1 60 -219.828 131.784 0 -1 0 -0.996 0 0.087 -0.087 0 -0.996 4274.dat
1 71 60 -243.732 129.696 -0.707 0 0.707 0.061509 0.996 0.061509 -0.704172 0.087 -0.704172 4599.dat
1 0 60 -205.38 173.19 0.799 0 -0.602 -0.052374 0.996 -0.069513 0.599592 0.087 0.795804 3835.dat
1 1 60 -245.7 290.1 -1 0 0 0 0.996 0.087 0 0.087 -0.996 6558.dat
1 72 80 -245.7 290.1 0 -1 0 -0.087 0 -0.996 0.996 0 -0.087 18654.dat
1 4 60 -275.1 167.1 0 -1 0 -0.996 0 0.087 -0.087 0 -0.996 11954.dat
1 0 60 -259.92 108.21 0 -1 0 0.996 0 -0.087 0.087 0 0.996 2780.dat
1 0 60 -266.88 187.89 0 -1 0 0.996 0 -0.087 0.087 0 0.996 2780.dat
1 0 100 -240 109.95 0 -1 0 0.996 0 -0.087 0.087 0 0.996 2780.dat
1 0 100 -250.44 229.47 0 -1 0 0.996 0 -0.087 0.087 0 0.996 2780.dat
1 72 100 -215.34 172.32 0 -1 0 -0.087 0 -0.996 0.996 0 -0.087 15458.dat
1 1 60 -290.28 225.99 0 0 -1 -0.996 -0.087 0 -0.087 0.996 0 4274.dat
1 15 60 -298.248 225.294 0 0 1 0.087 0.996 0 -0.996 0.087 0 6141.dat
1 33 60 -306.216 224.598 0 0 1 0.087 0.996 0 -0.996 0.087 0 98138.dat
1 0 100 -245.61 59.28 0 -1 0 -0.087 0 -0.996 0.996 0 -0.087 2780.dat
1 0 100 -185.85 64.5 0 -1 0 -0.087 0 -0.996 0.996 0 -0.087 2780.dat
1 72 100 -184.98 54.54 -1 0 0 0 0.087 -0.996 0 -0.996 -0.087 32526.dat
1 1 60 -285.54 286.62 0 0 1 0.087 0.996 0 -0.996 0.087 0 6558.dat
1 72 100 -205.86 293.58 -1 0 0 0 0.087 -0.996 0 -0.996 -0.087 32526.dat
1 0 100 -204.99 283.62 0 -1 0 -0.087 0 -0.996 0.996 0 -0.087 2780.dat
1 0 100 -264.75 278.4 0 -1 0 -0.087 0 -0.996 0.996 0 -0.087 2780.dat
1 71 100 -246.57 300.06 0 -1 0 -0.087 0 -0.996 0.996 0 -0.087 4274.dat
1 71 100 -226.65 301.8 0 -1 0 -0.087 0 -0.996 0.996 0 -0.087 4274.dat
1 36 100 -247.266 308.028 -1 0 0 0 0.087 -0.996 0 -0.996 -0.087 98138.dat
1 57 100 -227.346 309.768 -1 0 0 0 0.087 -0.996 0 -0.996 -0.087 98138.dat
1 1 -60 -285.54 286.62 0 0 1 0.087 0.996 0 -0.996 0.087 0 6558.dat
1 72 -100 -205.86 293.58 1 0 0 0 -0.087 -0.996 0 0.996 -0.087 32526.dat
1 0 -100 -204.99 283.62 0 1 0 0.087 0 -0.996 -0.996 0 -0.087 2780.dat
1 0 -100 -264.75 278.4 0 1 0 0.087 0 -0.996 -0.996 0 -0.087 2780.dat
1 71 -100 -246.57 300.06 0 1 0 -0.087 0 0.996 0.996 0 0.087 4274.dat
1 71 -100 -226.65 301.8 0 1 0 -0.087 0 0.996 0.996 0 0.087 4274.dat
1 36 -100 -247.266 308.028 -1 0 0 0 0.087 -0.996 0 -0.996 -0.087 98138.dat
1 57 -100 -227.346 309.768 -1 0 0 0 0.087 -0.996 0 -0.996 -0.087 98138.dat
1 4 60 -247.44 310.02 1 0 0 0 0.087 0.996 0 -0.996 0.087 32316.dat
1 4 -60 -247.44 310.02 1 0 0 0 0.087 0.996 0 -0.996 0.087 32316.dat
1 0 130 -62.76 -195.72 0 0 1 0.087 0.996 0 -0.996 0.087 0 56145.dat
1 256 130 -62.76 -195.72 0 0 1 0.087 0.996 0 -0.996 0.087 0 15413.dat
1 0 130 -60.8231 199.0474 0 0 1 -0.280464 0.959853 0 -0.959853 -0.280464 0 56145.dat
1 256 130 -60.8231 199.0474 0 0 1 -0.280464 0.959853 0 -0.959853 -0.280464 0 15413.dat
1 0 -130 -62.76 -195.72 0 0 -1 -0.087 0.996 0 0.996 0.087 0 56145.dat
1 256 -130 -62.76 -195.72 0 0 -1 -0.087 0.996 0 0.996 0.087 0 15413.dat
1 0 -130 -60.8231 199.0474 0 0 -1 0.280464 0.959853 0 0.959853 -0.280464 0 56145.dat
1 256 -130 -60.8231 199.0474 0 0 -1 0.280464 0.959853 0 0.959853 -0.280464 0 15413.dat
1 4 140 -62.76 -195.72 0 0 1 -0.087 -0.996 0 0.996 -0.087 0 3713.dat
1 4 140 -60.8231 199.0474 0 0 1 0.279468 -0.959766 0 0.959766 0.279468 0 3713.dat
1 4 -140 -62.76 -195.72 0 0 -1 0.087 -0.996 0 -0.996 -0.087 0 3713.dat
1 4 -140 -60.8231 199.0474 0 0 -1 -0.279468 -0.959766 0 -0.959766 0.279468 0 3713.dat
