0 Main
0 Name: 41999 - 4 x 4 Crawler Exclusive Edition.mpd
0 Author: LTRON
1 4 0 0 -10 0 0 -1 0 1 0 1 0 0 32062.dat
1 4 0 0 10 -1 0 0 0 1 0 0 0 -1 59443.dat
1 4 0 0 30 0 0 -1 0 1 0 1 0 0 32062.dat
1 4 0 0 50 -1 0 0 0 1 0 0 0 -1 59443.dat
1 1 40 0 -60 -1 0 0 0 1 0 0 0 -1 6558.dat
1 1 40 0 60 -1 0 0 0 1 0 0 0 -1 6558.dat
1 1 -40 0 -60 1 0 0 0 1 0 0 0 1 6558.dat
1 1 -40 0 60 1 0 0 0 1 0 0 0 1 6558.dat
1 71 0 0 120 1 0 0 0 1 0 0 0 1 92910.dat
1 71 0 0 -120 -1 0 0 0 1 0 0 0 -1 92910.dat
1 1 -60 0 -20 -1 0 0 0 1 0 0 0 -1 6558.dat
1 1 -60 0 20 -1 0 0 0 1 0 0 0 -1 6558.dat
1 1 60 0 -20 1 0 0 0 1 0 0 0 1 6558.dat
1 1 60 0 20 1 0 0 0 1 0 0 0 1 6558.dat
1 4 60 0 0 0 -1 0 1 0 0 0 0 1 40490.dat
1 4 -60 0 0 0 -1 0 1 0 0 0 0 1 40490.dat
1 0 70 0 -80 1 0 0 0 1 0 0 0 1 2780.dat
1 0 70 0 80 1 0 0 0 1 0 0 0 1 2780.dat
1 0 -70 0 80 1 0 0 0 1 0 0 0 1 2780.dat
1 0 -70 0 -80 1 0 0 0 1 0 0 0 1 2780.dat
1 71 80 -40 0 0 1 0 -1 0 0 0 0 1 64179.dat
1 71 -80 -40 0 0 1 0 -1 0 0 0 0 1 64179.dat
1 0 0 -40 -70 0 0 1 0 1 0 -1 0 0 2780.dat
1 0 80 -40 -70 0 0 1 0 1 0 -1 0 0 2780.dat
1 0 -80 -40 -70 0 0 1 0 1 0 -1 0 0 2780.dat
1 4 0 -40 -80 0 0 1 1 0 0 0 1 0 40490.dat
1 0 80 -40 70 0 0 1 0 1 0 -1 0 0 2780.dat
1 0 -80 -40 70 0 0 1 0 1 0 -1 0 0 2780.dat
1 4 0 -40 80 0 0 1 1 0 0 0 1 0 40490.dat
1 4 -80 -80 -140 0 -1 0 0.6 0 0.8 -0.8 0 0.6 32525.dat
1 4 -80 -80 140 0 -1 0 0.6 0 -0.8 0.8 0 0.6 32525.dat
1 71 0 -80 140 1 0 0 0 0.6 -0.8 0 0.8 0.6 4519.dat
1 71 -30 -80 140 0 0 1 0.8 0.6 0 -0.6 0.8 0 59443.dat
1 71 30 -80 140 0 0 1 0.8 0.6 0 -0.6 0.8 0 59443.dat
1 4 -50 -80 140 1 0 0 0 0.6 -0.8 0 0.8 0.6 32062.dat
1 4 50 -80 140 1 0 0 0 0.6 -0.8 0 0.8 0.6 32062.dat
1 71 80 -80 140 1 0 0 0 0.6 -0.8 0 0.8 0.6 32054.dat
1 71 -80 -80 140 -1 0 0 0 0.6 0.8 0 0.8 -0.6 32054.dat
1 71 0 -80 -140 1 0 0 0 0.6 0.8 0 -0.8 0.6 4519.dat
1 4 -30 -80 -140 0 0 1 -0.8 0.6 0 -0.6 -0.8 0 59443.dat
1 4 30 -80 -140 0 0 1 -0.8 0.6 0 -0.6 -0.8 0 59443.dat
1 4 -50 -80 -140 1 0 0 0 0.6 0.8 0 -0.8 0.6 32062.dat
1 4 50 -80 -140 1 0 0 0 0.6 0.8 0 -0.8 0.6 32062.dat
1 4 80 -80 -140 1 0 0 0 0.6 0.8 0 -0.8 0.6 32054.dat
1 4 -80 -80 -140 -1 0 0 0 0.6 -0.8 0 -0.8 -0.6 32054.dat
1 71 0 -160 200 1 0 0 0 0.6 -0.8 0 0.8 0.6 4519.dat
1 4 -30 -160 200 0 0 1 0.8 0.6 0 -0.6 0.8 0 59443.dat
1 4 30 -160 200 0 0 1 0.8 0.6 0 -0.6 0.8 0 59443.dat
1 0 90 -160 200 -1 0 0 0 0.6 0.8 0 0.8 -0.6 3706.dat
1 0 -90 -160 200 -1 0 0 0 0.6 0.8 0 0.8 -0.6 3706.dat
1 14 60 -213.88 173.66 0 -1 0 -0.439 0 -0.898 0.898 0 -0.439 32524.dat
1 14 -60 -213.88 173.66 0 -1 0 -0.439 0 -0.898 0.898 0 -0.439 32524.dat
1 4 80 -80 140 0 -1 0 0.6 0 -0.8 0.8 0 0.6 32525.dat
1 71 0 -160 -200 1 0 0 0 1 0 0 0 1 32073.dat
1 4 -50 -160 -200 0 0 1 0 1 0 -1 0 0 59443.dat
1 4 50 -160 -200 0 0 1 0 1 0 -1 0 0 59443.dat
1 0 110 -160 -200 -1 0 0 0 1 0 0 0 -1 3706.dat
1 0 -110 -160 -200 -1 0 0 0 1 0 0 0 -1 3706.dat
1 4 80 -80 -140 0 -1 0 0.6 0 0.8 -0.8 0 0.6 32525.dat
1 1 100 -80 -60 -1 0 0 0 1 0 0 0 -1 6558.dat
1 1 100 -80 60 -1 0 0 0 1 0 0 0 -1 6558.dat
1 4 100 -80 0 0 -1 0 1 0 0 0 0 1 32278.dat
1 0 90 -80 -80 1 0 0 0 1 0 0 0 1 2780.dat
1 0 90 -80 80 1 0 0 0 1 0 0 0 1 2780.dat
1 4 -100 -80 0 0 1 0 -1 0 0 0 0 1 32278.dat
1 0 -90 -80 -80 -1 0 0 0 -1 0 0 0 1 2780.dat
1 1 -100 -80 -60 1 0 0 0 -1 0 0 0 -1 6558.dat
1 1 -100 -80 60 1 0 0 0 -1 0 0 0 -1 6558.dat
1 0 -90 -80 80 -1 0 0 0 -1 0 0 0 1 2780.dat
1 71 0 0 -120 -1 0 0 0 -1 0 0 0 1 62520.dat
1 71 0 0 -80 0 0 1 0 -1 0 1 0 0 4519.dat
1 71 0 0 -120 -1 0 0 0 -1 0 0 0 1 62519.dat
1 71 0 0 -120 0 1 0 1 0 0 0 0 -1 62520.dat
1 19 0 0 -170 0 0 1 0 -1 0 1 0 0 99008.dat
1 71 0 0 120 1 0 0 0 -1 0 0 0 -1 62520.dat
1 71 0 0 80 0 0 -1 0 -1 0 -1 0 0 4519.dat
1 71 0 0 120 1 0 0 0 -1 0 0 0 -1 62519.dat
1 71 0 0 120 0 -1 0 1 0 0 0 0 1 62520.dat
1 19 0 0 170 0 0 -1 0 -1 0 -1 0 0 99008.dat
1 71 0 56.8 -254.14 1 0 0 0 0.993 -0.122 0 0.122 0.993 64178.dat
1 72 0 67.414 -340.531 0 0 1 0.122 0.993 0 -0.993 0.122 0 59426.dat
1 19 0 61.68 -293.86 -1 0 0 0 0.993 0.122 0 0.122 -0.993 32269.dat
1 71 0 66.56 -333.58 -1 0 0 0 0.993 0.122 0 0.122 -0.993 94925.dat
1 4 0 69 -353.44 1 0 0 0 0.993 -0.122 0 0.122 0.993 3713.dat
1 1 40 64.12 -313.72 0 -1 0 0.993 0 -0.122 0.122 0 0.993 6558.dat
1 1 40 59.24 -274 0 -1 0 0.993 0 -0.122 0.122 0 0.993 6558.dat
1 1 -40 59.24 -274 0 -1 0 0.993 0 -0.122 0.122 0 0.993 6558.dat
1 1 -40 64.12 -313.72 0 -1 0 0.993 0 -0.122 0.122 0 0.993 6558.dat
1 4 40 81.54 -291.42 1 0 0 0 0.993 -0.122 0 0.122 0.993 32316.dat
1 4 -40 81.54 -291.42 1 0 0 0 0.993 -0.122 0 0.122 0.993 32316.dat
1 1 -30 51.92 -214.42 1 0 0 0 0.993 -0.122 0 0.122 0.993 43093.dat
1 4 -20 51.92 -214.42 0 0 1 0.122 0.993 0 -0.993 0.122 0 3713.dat
1 19 50 56.8 -254.14 -1 0 0 0 0.993 0.122 0 0.122 -0.993 99008.dat
1 19 -50 56.8 -254.14 1 0 0 0 0.993 -0.122 0 0.122 0.993 99008.dat
1 72 0 56.8 -254.14 0 0 1 0.993 -0.122 0 0.122 0.993 0 62821.dat
1 19 17 56.8 -254.14 0 0 -1 0.993 0.122 0 0.122 -0.993 0 6589.dat
1 19 -17 56.8 -254.14 0 0 1 0.993 -0.122 0 0.122 0.993 0 6589.dat
1 19 0 58.874 -271.021 0 -1 0 0.993 0 -0.122 0.122 0 0.993 6589.dat
1 0 -60 56.8 -254.14 0 0 -1 0.993 0.122 0 0.122 -0.993 0 32270.dat
1 0 60 56.8 -254.14 0 0 -1 0.993 0.122 0 0.122 -0.993 0 32270.dat
1 4 -40 44.6 -154.84 1 0 0 0 0.993 -0.122 0 0.122 0.993 32054.dat
1 4 40 44.6 -154.84 -1 0 0 0 0.993 0.122 0 0.122 -0.993 32054.dat
1 71 40 47.04 -174.7 -1 0 0 0 0.993 0.122 0 0.122 -0.993 32054.dat
1 71 -40 47.04 -174.7 1 0 0 0 0.993 -0.122 0 0.122 0.993 32054.dat
1 4 40 41.82 -296.3 1 0 0 0 0.993 -0.122 0 0.122 0.993 32524.dat
1 4 -40 41.82 -296.3 1 0 0 0 0.993 -0.122 0 0.122 0.993 32524.dat
1 4 -20 -14.98 -162.16 0 -1 0 0.122 0 0.993 -0.993 0 0.122 32140.dat
1 4 20 -14.98 -162.16 0 -1 0 0.122 0 0.993 -0.993 0 0.122 32140.dat
1 1 0 24.74 -157.28 1 0 0 0 0.122 0.993 0 -0.993 0.122 6558.dat
1 0 0 -14.98 -162.16 1 0 0 0 0.122 0.993 0 -0.993 0.122 3737.dat
1 72 0 0 -120 0 1 0 0.993 0 0.122 0.122 0 -0.993 92911.dat
1 0 40 39.21 -357.1 0 -1 0 0.993 0 -0.122 0.122 0 0.993 2780.dat
1 0 40 36.77 -337.24 0 -1 0 0.993 0 -0.122 0.122 0 0.993 2780.dat
1 0 40 31.89 -297.52 0 -1 0 0.993 0 -0.122 0.122 0 0.993 2780.dat
1 0 -40 31.89 -297.52 0 -1 0 0.993 0 -0.122 0.122 0 0.993 2780.dat
1 0 -40 36.77 -337.24 0 -1 0 0.993 0 -0.122 0.122 0 0.993 2780.dat
1 0 -40 39.21 -357.1 0 -1 0 0.993 0 -0.122 0.122 0 0.993 2780.dat
1 71 -40 26.84 -338.46 1 0 0 0 0.122 0.993 0 -0.993 0.122 42003.dat
1 71 40 26.84 -338.46 1 0 0 0 0.122 0.993 0 -0.993 0.122 42003.dat
1 4 -30 24.4 -318.6 1 0 0 0 0.122 0.993 0 -0.993 0.122 32062.dat
1 4 30 24.4 -318.6 1 0 0 0 0.122 0.993 0 -0.993 0.122 32062.dat
1 71 0 24.4 -318.6 0 0 -1 0.122 -0.993 0 -0.993 -0.122 0 32034.dat
1 72 0 28.06 -348.39 0 0 1 -0.122 -0.993 0 0.993 -0.122 0 87083.dat
1 71 0 26.84 -338.46 1 0 0 0 -0.993 0.122 0 -0.122 -0.993 94925.dat
1 19 0 29.28 -358.32 1 0 0 0 -0.993 0.122 0 -0.122 -0.993 32269.dat
1 0 -40 91.47 -290.2 0 -1 0 0.993 0 -0.122 0.122 0 0.993 2780.dat
1 0 40 91.47 -290.2 0 -1 0 0.993 0 -0.122 0.122 0 0.993 2780.dat
1 4 0 101.4 -288.98 0 0 -1 -0.122 0.993 0 0.993 0.122 0 32525.dat
1 0 80 91.47 -290.2 0 -1 0 0.993 0 -0.122 0.122 0 0.993 2780.dat
1 0 -80 91.47 -290.2 0 -1 0 0.993 0 -0.122 0.122 0 0.993 2780.dat
1 19 -100 101.4 -288.98 0 -1 0 0.993 0 -0.122 0.122 0 0.993 32556.dat
1 19 100 101.4 -288.98 0 -1 0 0.993 0 -0.122 0.122 0 0.993 32556.dat
1 4 -80 74.22 -231.84 -1 0 0 0 0.993 0.122 0 0.122 -0.993 32140.dat
1 4 80 74.22 -231.84 1 0 0 0 -0.993 0.122 0 -0.122 -0.993 32140.dat
1 0 -80 86.59 -250.48 0 -1 0 0.993 0 -0.122 0.122 0 0.993 2780.dat
1 0 -40 86.59 -250.48 0 -1 0 0.993 0 -0.122 0.122 0 0.993 2780.dat
1 0 40 86.59 -250.48 0 -1 0 0.993 0 -0.122 0.122 0 0.993 2780.dat
1 0 80 86.59 -250.48 0 -1 0 0.993 0 -0.122 0.122 0 0.993 2780.dat
1 71 60 96.52 -249.26 0 0 -1 -0.122 0.993 0 0.993 0.122 0 32523.dat
1 71 -60 96.52 -249.26 0 0 -1 -0.122 0.993 0 0.993 0.122 0 32523.dat
0 !LEOCAD SYNTH BEGIN
0 !LEOCAD SYNTH CONTROL_POINT 0 0 30 1 0 0 0 1 0 0 0 1 1
1 71 100 61.68 -293.86 0 0 -1 -0.122 0.993 0 0.993 0.122 0 61903.dat
0 !LEOCAD SYNTH END
1 71 60 61.68 -293.86 1 0 0 0 0.993 -0.122 0 0.122 0.993 4519.dat
1 19 60 61.68 -293.86 0 0 1 0.122 0.993 0 -0.993 0.122 0 32269.dat
0 !LEOCAD SYNTH BEGIN
0 !LEOCAD SYNTH CONTROL_POINT 0 0 30 1 0 0 0 1 0 0 0 1 1
1 71 -100 61.68 -293.86 0 0 1 0.122 0.993 0 -0.993 0.122 0 61903.dat
0 !LEOCAD SYNTH END
1 71 -60 61.68 -293.86 -1 0 0 0 0.993 0.122 0 0.122 -0.993 4519.dat
1 19 -60 61.68 -293.86 0 0 -1 -0.122 0.993 0 0.993 0.122 0 32269.dat
1 71 80 54.36 -234.28 0 0 -1 0.993 0.122 0 0.122 -0.993 0 6536.dat
1 71 -80 54.36 -234.28 0 0 -1 0.993 0.122 0 0.122 -0.993 0 6536.dat
1 4 80 64.29 -233.06 0 0 -1 0.993 0.122 0 0.122 -0.993 0 32062.dat
1 4 -80 64.29 -233.06 0 0 -1 0.993 0.122 0 0.122 -0.993 0 32062.dat
1 71 -120 61.68 -293.86 0 0 1 0.122 0.993 0 -0.993 0.122 0 92908.dat
1 72 -190 101.4 -288.98 0 0 1 -0.993 0.122 0 -0.122 -0.993 0 92909.dat
1 72 -150 101.4 -288.98 1 0 0 0 0.122 0.993 0 -0.993 0.122 87083.dat
1 19 -140 101.4 -288.98 0 0 -1 0.993 0.122 0 0.122 -0.993 0 32269.dat
1 71 -140 61.68 -293.86 1 0 0 0 0.122 0.993 0 -0.993 0.122 4519.dat
1 0 -140 61.68 -293.86 0 0 -1 0.993 0.122 0 0.122 -0.993 0 32270.dat
1 4 -160 81.54 -291.42 0 0 -1 -0.122 0.993 0 0.993 0.122 0 32062.dat
1 0 -180 61.68 -293.86 0 1 0 0.122 0 -0.993 -0.993 0 -0.122 92907.dat
1 0 -100 41.82 -296.3 0 -1 0 0.122 0 0.993 -0.993 0 0.122 92907.dat
1 4 -120 41.82 -296.3 0 0 1 -0.122 -0.993 0 0.993 -0.122 0 32062.dat
1 71 -100 31.89 -297.52 0 -1 0 0.993 0 -0.122 0.122 0 0.993 3673.dat
1 0 -100 121.26 -286.54 0 -1 0 0.122 0 0.993 -0.993 0 0.122 92907.dat
1 71 120 120.04 -276.61 0 1 0 -0.122 0 0.993 0.993 0 0.122 4519.dat
1 71 120 61.68 -293.86 0 0 -1 -0.122 0.993 0 0.993 0.122 0 92908.dat
1 72 190 101.4 -288.98 0 0 -1 -0.993 -0.122 0 -0.122 0.993 0 92909.dat
1 72 150 101.4 -288.98 -1 0 0 0 -0.122 0.993 0 0.993 0.122 87083.dat
1 19 140 101.4 -288.98 0 0 1 0.993 -0.122 0 0.122 0.993 0 32269.dat
1 71 140 61.68 -293.86 -1 0 0 0 -0.122 0.993 0 0.993 0.122 4519.dat
1 0 140 61.68 -293.86 0 0 1 0.993 -0.122 0 0.122 0.993 0 32270.dat
1 4 160 81.54 -291.42 0 0 1 0.122 0.993 0 -0.993 0.122 0 32062.dat
1 0 180 61.68 -293.86 0 -1 0 -0.122 0 -0.993 0.993 0 -0.122 92907.dat
1 0 100 41.82 -296.3 0 1 0 -0.122 0 0.993 0.993 0 0.122 92907.dat
1 4 120 41.82 -296.3 0 0 -1 0.122 -0.993 0 -0.993 -0.122 0 32062.dat
1 71 100 31.89 -297.52 0 1 0 0.993 0 0.122 0.122 0 -0.993 3673.dat
1 0 100 121.26 -286.54 0 1 0 -0.122 0 0.993 0.993 0 0.122 92907.dat
1 71 -120 120.04 -276.61 0 1 0 -0.122 0 0.993 0.993 0 0.122 4519.dat
1 4 0 21.96 -298.74 0 0 -1 -0.122 0.993 0 0.993 0.122 0 32525.dat
1 71 0 56.8 254.14 -1 0 0 0 0.993 -0.122 0 -0.122 -0.993 64178.dat
1 72 0 67.414 340.531 0 0 -1 0.122 0.993 0 0.993 -0.122 0 59426.dat
1 19 0 61.68 293.86 1 0 0 0 0.993 0.122 0 -0.122 0.993 32269.dat
1 71 0 66.56 333.58 1 0 0 0 0.993 0.122 0 -0.122 0.993 94925.dat
1 4 0 69 353.44 -1 0 0 0 0.993 -0.122 0 -0.122 -0.993 3713.dat
1 1 40 64.12 313.72 0 -1 0 0.993 0 0.122 -0.122 0 0.993 6558.dat
1 1 40 59.24 274 0 -1 0 0.993 0 0.122 -0.122 0 0.993 6558.dat
1 1 -40 59.24 274 0 -1 0 0.993 0 0.122 -0.122 0 0.993 6558.dat
1 1 -40 64.12 313.72 0 -1 0 0.993 0 0.122 -0.122 0 0.993 6558.dat
1 4 40 81.54 291.42 -1 0 0 0 0.993 -0.122 0 -0.122 -0.993 32316.dat
1 4 -40 81.54 291.42 -1 0 0 0 0.993 -0.122 0 -0.122 -0.993 32316.dat
1 1 -30 51.92 214.42 1 0 0 0 0.993 0.122 0 -0.122 0.993 43093.dat
1 4 -20 51.92 214.42 0 0 1 -0.122 0.993 0 -0.993 -0.122 0 3713.dat
1 19 50 56.8 254.14 -1 0 0 0 0.993 -0.122 0 -0.122 -0.993 99008.dat
1 19 -50 56.8 254.14 1 0 0 0 0.993 0.122 0 -0.122 0.993 99008.dat
1 72 0 56.8 254.14 0 0 1 0.993 0.122 0 -0.122 0.993 0 62821.dat
1 19 17 56.8 254.14 0 0 -1 -0.993 0.122 0 0.122 0.993 0 6589.dat
1 19 -17 56.8 254.14 0 0 1 -0.993 -0.122 0 0.122 -0.993 0 6589.dat
1 19 0 54.726 237.259 0 1 0 -0.993 0 0.122 0.122 0 0.993 6589.dat
1 0 -60 56.8 254.14 0 0 -1 -0.993 0.122 0 0.122 0.993 0 32270.dat
1 0 60 56.8 254.14 0 0 -1 -0.993 0.122 0 0.122 0.993 0 32270.dat
1 4 -40 44.6 154.84 1 0 0 0 0.993 0.122 0 -0.122 0.993 32054.dat
1 4 40 44.6 154.84 -1 0 0 0 0.993 -0.122 0 -0.122 -0.993 32054.dat
1 71 40 47.04 174.7 -1 0 0 0 0.993 -0.122 0 -0.122 -0.993 32054.dat
1 71 -40 47.04 174.7 1 0 0 0 0.993 0.122 0 -0.122 0.993 32054.dat
1 4 40 41.82 296.3 -1 0 0 0 0.993 -0.122 0 -0.122 -0.993 32524.dat
1 4 -40 41.82 296.3 -1 0 0 0 0.993 -0.122 0 -0.122 -0.993 32524.dat
1 4 -20 -14.98 162.16 0 1 0 0.122 0 0.993 0.993 0 -0.122 32140.dat
1 4 20 -14.98 162.16 0 1 0 0.122 0 0.993 0.993 0 -0.122 32140.dat
1 1 0 24.74 157.28 1 0 0 0 0.122 -0.993 0 0.993 0.122 6558.dat
1 0 0 -14.98 162.16 -1 0 0 0 0.122 0.993 0 0.993 -0.122 3737.dat
1 72 0 0 120 0 1 0 -0.993 0 0.122 0.122 0 0.993 92911.dat
1 0 40 39.21 357.1 0 -1 0 -0.993 0 -0.122 0.122 0 -0.993 2780.dat
1 0 40 36.77 337.24 0 -1 0 -0.993 0 -0.122 0.122 0 -0.993 2780.dat
1 0 40 31.89 297.52 0 -1 0 -0.993 0 -0.122 0.122 0 -0.993 2780.dat
1 0 -40 31.89 297.52 0 -1 0 -0.993 0 -0.122 0.122 0 -0.993 2780.dat
1 0 -40 36.77 337.24 0 -1 0 -0.993 0 -0.122 0.122 0 -0.993 2780.dat
1 0 -40 39.21 357.1 0 -1 0 -0.993 0 -0.122 0.122 0 -0.993 2780.dat
1 71 -40 26.84 338.46 -1 0 0 0 0.122 0.993 0 0.993 -0.122 42003.dat
1 71 40 26.84 338.46 -1 0 0 0 0.122 0.993 0 0.993 -0.122 42003.dat
1 4 -30 24.4 318.6 -1 0 0 0 0.122 0.993 0 0.993 -0.122 32062.dat
1 4 30 24.4 318.6 -1 0 0 0 0.122 0.993 0 0.993 -0.122 32062.dat
1 71 0 24.4 318.6 0 0 -1 -0.122 -0.993 0 -0.993 0.122 0 32034.dat
1 72 0 28.06 348.39 0 0 -1 -0.122 -0.993 0 -0.993 0.122 0 87083.dat
1 71 0 26.84 338.46 -1 0 0 0 -0.993 0.122 0 0.122 0.993 94925.dat
1 19 0 29.28 358.32 -1 0 0 0 -0.993 0.122 0 0.122 0.993 32269.dat
1 0 -40 91.47 290.2 0 -1 0 -0.993 0 -0.122 0.122 0 -0.993 2780.dat
1 0 40 91.47 290.2 0 -1 0 -0.993 0 -0.122 0.122 0 -0.993 2780.dat
1 4 0 101.4 288.98 0 0 -1 0.122 0.993 0 0.993 -0.122 0 32525.dat
1 0 80 91.47 290.2 0 -1 0 -0.993 0 -0.122 0.122 0 -0.993 2780.dat
1 0 -80 91.47 290.2 0 -1 0 -0.993 0 -0.122 0.122 0 -0.993 2780.dat
1 19 -100 101.4 288.98 0 -1 0 0.993 0 0.122 -0.122 0 0.993 32556.dat
1 19 100 101.4 288.98 0 -1 0 0.993 0 0.122 -0.122 0 0.993 32556.dat
1 4 -80 74.22 231.84 -1 0 0 0 -0.993 0.122 0 0.122 0.993 32140.dat
1 4 80 74.22 231.84 1 0 0 0 0.993 0.122 0 -0.122 0.993 32140.dat
1 0 -80 86.59 250.48 0 -1 0 -0.993 0 -0.122 0.122 0 -0.993 2780.dat
1 0 -40 86.59 250.48 0 -1 0 -0.993 0 -0.122 0.122 0 -0.993 2780.dat
1 0 40 86.59 250.48 0 -1 0 -0.993 0 -0.122 0.122 0 -0.993 2780.dat
1 0 80 86.59 250.48 0 -1 0 -0.993 0 -0.122 0.122 0 -0.993 2780.dat
1 71 60 96.52 249.26 0 0 -1 0.122 0.993 0 0.993 -0.122 0 32523.dat
1 71 -60 96.52 249.26 0 0 -1 0.122 0.993 0 0.993 -0.122 0 32523.dat
0 !LEOCAD SYNTH BEGIN
0 !LEOCAD SYNTH CONTROL_POINT 0 0 30 1 0 0 0 1 0 0 0 1 1
1 71 100 61.68 293.86 0 0 -1 0.122 0.993 0 0.993 -0.122 0 61903.dat
0 !LEOCAD SYNTH END
1 71 60 61.68 293.86 1 0 0 0 0.993 0.122 0 -0.122 0.993 4519.dat
1 19 60 61.68 293.86 0 0 1 -0.122 0.993 0 -0.993 -0.122 0 32269.dat
0 !LEOCAD SYNTH BEGIN
0 !LEOCAD SYNTH CONTROL_POINT 0 0 30 1 0 0 0 1 0 0 0 1 1
1 71 -100 61.68 293.86 0 0 1 -0.122 0.993 0 -0.993 -0.122 0 61903.dat
0 !LEOCAD SYNTH END
1 71 -60 61.68 293.86 -1 0 0 0 0.993 -0.122 0 -0.122 -0.993 4519.dat
1 19 -60 61.68 293.86 0 0 -1 0.122 0.993 0 0.993 -0.122 0 32269.dat
1 71 80 54.36 234.28 0 0 -1 -0.993 0.122 0 0.122 0.993 0 6536.dat
1 71 -80 54.36 234.28 0 0 -1 -0.993 0.122 0 0.122 0.993 0 6536.dat
1 4 80 64.29 233.06 0 0 -1 -0.993 0.122 0 0.122 0.993 0 32062.dat
1 4 -80 64.29 233.06 0 0 -1 -0.993 0.122 0 0.122 0.993 0 32062.dat
1 71 -120 61.68 293.86 0 0 1 -0.122 0.993 0 -0.993 -0.122 0 92908.dat
1 72 -190 101.4 288.98 0 0 1 -0.993 -0.122 0 0.122 -0.993 0 92909.dat
1 72 -150 101.4 288.98 1 0 0 0 -0.122 0.993 0 -0.993 -0.122 87083.dat
1 19 -140 101.4 288.98 0 0 -1 0.993 -0.122 0 -0.122 -0.993 0 32269.dat
1 71 -140 61.68 293.86 1 0 0 0 -0.122 0.993 0 -0.993 -0.122 4519.dat
1 0 -140 61.68 293.86 0 0 -1 0.993 -0.122 0 -0.122 -0.993 0 32270.dat
1 4 -160 81.54 291.42 0 0 -1 0.122 0.993 0 0.993 -0.122 0 32062.dat
1 0 -180 61.68 293.86 0 1 0 -0.122 0 -0.993 -0.993 0 0.122 92907.dat
1 0 -100 41.82 296.3 0 -1 0 -0.122 0 0.993 -0.993 0 -0.122 92907.dat
1 4 -120 41.82 296.3 0 0 1 0.122 -0.993 0 0.993 0.122 0 32062.dat
1 71 -100 31.89 297.52 0 -1 0 0.993 0 0.122 -0.122 0 0.993 3673.dat
1 0 -100 121.26 286.54 0 -1 0 -0.122 0 0.993 -0.993 0 -0.122 92907.dat
1 71 120 120.04 276.61 0 1 0 0.122 0 0.993 0.993 0 -0.122 4519.dat
1 71 120 61.68 293.86 0 0 -1 0.122 0.993 0 0.993 -0.122 0 92908.dat
1 72 190 101.4 288.98 0 0 -1 -0.993 0.122 0 0.122 0.993 0 92909.dat
1 72 150 101.4 288.98 -1 0 0 0 0.122 0.993 0 0.993 -0.122 87083.dat
1 19 140 101.4 288.98 0 0 1 0.993 0.122 0 -0.122 0.993 0 32269.dat
1 71 140 61.68 293.86 -1 0 0 0 0.122 0.993 0 0.993 -0.122 4519.dat
1 0 140 61.68 293.86 0 0 1 0.993 0.122 0 -0.122 0.993 0 32270.dat
1 4 160 81.54 291.42 0 0 1 -0.122 0.993 0 -0.993 -0.122 0 32062.dat
1 0 180 61.68 293.86 0 -1 0 0.122 0 -0.993 0.993 0 0.122 92907.dat
1 0 100 41.82 296.3 0 1 0 0.122 0 0.993 0.993 0 -0.122 92907.dat
1 4 120 41.82 296.3 0 0 -1 -0.122 -0.993 0 -0.993 0.122 0 32062.dat
1 71 100 31.89 297.52 0 1 0 0.993 0 -0.122 -0.122 0 -0.993 3673.dat
1 0 100 121.26 286.54 0 1 0 0.122 0 0.993 0.993 0 -0.122 92907.dat
1 71 -120 120.04 276.61 0 1 0 0.122 0 0.993 0.993 0 -0.122 4519.dat
1 4 0 21.96 298.74 0 0 -1 0.122 0.993 0 0.993 -0.122 0 32525.dat
1 72 120 18.069 266.893 0 0 1 -0.122 0.993 0 -0.993 -0.122 0 55013.dat
1 71 120 9.163 194.404 -1 0 0 0 0.993 -0.122 0 -0.122 -0.993 32123.dat
1 71 120 10.993 209.299 0 -1 0 0.122 0 -0.993 0.993 0 0.122 6536.dat
1 0 120 14.653 239.089 0 0 -1 0.122 0.993 0 0.993 -0.122 0 62462.dat
1 71 120 18.313 268.879 1 0 0 0 0.993 0.122 0 -0.122 0.993 3713.dat
1 72 -120 18.069 266.893 0 0 -1 -0.122 -0.993 0 -0.993 0.122 0 55013.dat
1 71 -120 9.163 194.404 1 0 0 0 -0.993 -0.122 0 0.122 -0.993 32123.dat
1 71 -120 10.993 209.299 0 1 0 0.122 0 0.993 0.993 0 -0.122 6536.dat
1 0 -120 14.653 239.089 0 0 1 0.122 -0.993 0 0.993 0.122 0 62462.dat
1 71 -120 18.313 268.879 -1 0 0 0 -0.993 0.122 0 0.122 0.993 3713.dat
1 72 120 18.069 -266.893 0 0 1 -0.122 -0.993 0 0.993 -0.122 0 55013.dat
1 71 120 9.163 -194.404 -1 0 0 0 -0.993 -0.122 0 -0.122 0.993 32123.dat
1 71 120 10.993 -209.299 0 -1 0 0.122 0 0.993 -0.993 0 0.122 6536.dat
1 0 120 14.653 -239.089 0 0 -1 0.122 -0.993 0 -0.993 -0.122 0 62462.dat
1 71 120 18.313 -268.879 1 0 0 0 -0.993 0.122 0 -0.122 -0.993 3713.dat
1 72 -120 18.069 -266.893 0 0 -1 -0.122 0.993 0 0.993 0.122 0 55013.dat
1 71 -120 9.163 -194.404 1 0 0 0 0.993 -0.122 0 0.122 0.993 32123.dat
1 71 -120 10.993 -209.299 0 1 0 0.122 0 -0.993 -0.993 0 -0.122 6536.dat
1 0 -120 14.653 -239.089 0 0 1 0.122 0.993 0 -0.993 0.122 0 62462.dat
1 71 -120 18.313 -268.879 -1 0 0 0 0.993 0.122 0 0.122 -0.993 3713.dat
1 71 120 25.028 -323.466 1 0 0 0 0.993 -0.122 0 0.122 0.993 32123.dat
1 71 -120 25.028 -323.466 1 0 0 0 0.993 -0.122 0 0.122 0.993 32123.dat
1 71 120 25.028 323.466 1 0 0 0 0.993 0.122 0 -0.122 0.993 32123.dat
1 71 -120 25.028 323.466 1 0 0 0 0.993 0.122 0 -0.122 0.993 32123.dat
1 0 0 27.176 -177.109 1 0 0 0 0.993 -0.122 0 0.122 0.993 87761.dat
1 4 -40 28.396 -187.039 0 0 1 0.122 0.993 0 -0.993 0.122 0 32062.dat
1 4 40 28.396 -187.039 0 0 1 0.122 0.993 0 -0.993 0.122 0 32062.dat
1 71 -80 29.616 -196.969 0 -1 0 0.122 0 0.993 -0.993 0 0.122 98989.dat
1 71 80 29.616 -196.969 0 1 0 0.122 0 -0.993 -0.993 0 -0.122 98989.dat
1 71 100 30.838 -206.885 0 0 1 -0.993 0.122 0 -0.122 -0.993 0 32054.dat
1 1 100 60.628 -203.225 0 0 1 -0.993 0.122 0 -0.122 -0.993 0 43093.dat
1 71 -100 30.838 -206.885 0 1 0 -0.993 0 -0.122 -0.122 0 0.993 32054.dat
1 1 -100 60.628 -203.225 0 1 0 -0.993 0 -0.122 -0.122 0 0.993 43093.dat
1 0 0 7.325 -179.551 -1 0 0 0 0.993 0.122 0 0.122 -0.993 32270.dat
1 71 0 9.767 -199.402 0 0 -1 -0.122 0.993 0 0.993 0.122 0 32034.dat
1 1 -30 9.767 -199.402 1 0 0 0 0.993 -0.122 0 0.122 0.993 43093.dat
1 1 30 9.767 -199.402 -1 0 0 0 0.993 0.122 0 0.122 -0.993 43093.dat
1 71 40 12.207 -219.262 0 0 -1 -0.993 -0.122 0 -0.122 0.993 0 42003.dat
1 71 -40 12.207 -219.262 0 0 -1 -0.993 -0.122 0 -0.122 0.993 0 42003.dat
1 4 -40 24.577 -237.902 0 0 -1 -0.993 -0.122 0 -0.122 0.993 0 32062.dat
1 4 40 24.577 -237.902 0 0 -1 -0.993 -0.122 0 -0.122 0.993 0 32062.dat
1 0 0 27.176 177.109 -1 0 0 0 0.993 -0.122 0 -0.122 -0.993 87761.dat
1 4 40 28.396 187.039 0 0 -1 0.122 0.993 0 0.993 -0.122 0 32062.dat
1 4 -40 28.396 187.039 0 0 -1 0.122 0.993 0 0.993 -0.122 0 32062.dat
1 71 80 29.616 196.969 0 1 0 0.122 0 0.993 0.993 0 -0.122 98989.dat
1 71 -80 29.616 196.969 0 -1 0 0.122 0 -0.993 0.993 0 0.122 98989.dat
1 71 100 30.838 206.885 0 0 1 -0.993 -0.122 0 0.122 -0.993 0 32054.dat
1 1 100 60.628 203.225 0 0 1 -0.993 -0.122 0 0.122 -0.993 0 43093.dat
1 71 -100 30.838 206.885 0 1 0 -0.993 0 0.122 0.122 0 0.993 32054.dat
1 1 -100 60.628 203.225 0 1 0 -0.993 0 0.122 0.122 0 0.993 43093.dat
1 0 0 7.325 179.551 -1 0 0 0 0.993 -0.122 0 -0.122 -0.993 32270.dat
1 71 0 9.767 199.402 0 0 1 -0.122 0.993 0 -0.993 -0.122 0 32034.dat
1 1 30 9.767 199.402 -1 0 0 0 0.993 -0.122 0 -0.122 -0.993 43093.dat
1 1 -30 9.767 199.402 1 0 0 0 0.993 0.122 0 -0.122 0.993 43093.dat
1 71 -40 12.207 219.262 0 0 1 -0.993 -0.122 0 0.122 -0.993 0 42003.dat
1 71 40 12.207 219.262 0 0 1 -0.993 -0.122 0 0.122 -0.993 0 42003.dat
1 4 40 24.577 237.902 0 0 1 -0.993 -0.122 0 0.122 -0.993 0 32062.dat
1 4 -40 24.577 237.902 0 0 1 -0.993 -0.122 0 0.122 -0.993 0 32062.dat
1 4 0 70.539 202.001 0 0 -1 0.122 0.993 0 0.993 -0.122 0 32525.dat
1 4 0 70.539 -202.001 0 0 -1 -0.122 0.993 0 0.993 0.122 0 32525.dat
1 0 -90 0 -60 1 0 0 0 1 0 0 0 1 6628.dat
1 0 -90 0 60 1 0 0 0 1 0 0 0 1 6628.dat
1 0 90 0 -60 -1 0 0 0 1 0 0 0 -1 6628.dat
1 0 90 0 60 -1 0 0 0 1 0 0 0 -1 6628.dat
1 4 40 -2.758 -261.394 0 -1 0 0.993 0 -0.122 0.122 0 0.993 41239.dat
1 1 30 -17.398 -142.234 -1 0 0 0 -0.993 -0.122 0 -0.122 0.993 4274.dat
1 71 40 -10.078 -201.814 -1 0 0 0 -0.993 -0.122 0 -0.122 0.993 32054.dat
1 71 40 4.562 -320.974 -1 0 0 0 -0.993 -0.122 0 -0.122 0.993 32054.dat
1 1 50 -5.198 -241.534 1 0 0 0 -0.993 0.122 0 -0.122 -0.993 43093.dat
1 71 60 -5.198 -241.534 0 0 -1 0.122 -0.993 0 -0.993 -0.122 0 3713.dat
1 71 60 -0.318 -281.254 1 0 0 0 0.008066 -1.000916 0 1.000916 0.008066 87082.dat
1 71 80 2.122 -301.114 0 0 1 0.993 -0.122 0 0.122 0.993 0 6536.dat
1 1 80 12.052 -299.894 0 -1 0 -0.993 0 0.122 -0.122 0 -0.993 43093.dat
1 4 -40 -2.758 -261.394 0 1 0 -0.993 0 -0.122 -0.122 0 0.993 41239.dat
1 1 -30 -17.398 -142.234 1 0 0 0 -0.993 0.122 0 -0.122 -0.993 4274.dat
1 71 -40 -10.078 -201.814 1 0 0 0 -0.993 0.122 0 -0.122 -0.993 32054.dat
1 71 -40 4.562 -320.974 1 0 0 0 -0.993 0.122 0 -0.122 -0.993 32054.dat
1 1 -50 -5.198 -241.534 -1 0 0 0 -0.993 -0.122 0 -0.122 0.993 43093.dat
1 71 -60 -5.198 -241.534 0 0 1 -0.122 -0.993 0 0.993 -0.122 0 3713.dat
1 71 -60 -0.318 -281.254 1 0 0 0 0.008066 -1.000916 0 1.000916 0.008066 87082.dat
1 71 -80 2.122 -301.114 0 0 -1 -0.993 -0.122 0 -0.122 0.993 0 6536.dat
1 1 -80 12.052 -299.894 0 1 0 -0.993 0 -0.122 -0.122 0 0.993 43093.dat
1 71 60 -14.967 -162.143 1 0 0 0 -0.993 0.122 0 -0.122 -0.993 6536.dat
1 71 -60 -14.967 -162.143 1 0 0 0 -0.993 0.122 0 -0.122 -0.993 6536.dat
1 0 -60 -33.596 -174.51 0 0 1 0.122 0.993 0 -0.993 0.122 0 2780.dat
1 0 60 -33.596 -174.51 0 0 1 0.122 0.993 0 -0.993 0.122 0 2780.dat
1 4 0 -32.375 -184.435 0 0 1 0.993 -0.122 0 0.122 0.993 0 32524.dat
1 0 -20 -14.062 -333.313 0 0 1 0.122 0.993 0 -0.993 0.122 0 2780.dat
1 0 20 -14.062 -333.313 0 0 1 0.122 0.993 0 -0.993 0.122 0 2780.dat
1 71 0 -12.842 -343.243 0 0 1 0.993 -0.122 0 0.122 0.993 0 32523.dat
1 19 0 -11.622 -353.173 0 0 1 -0.122 -0.993 0 0.993 -0.122 0 99008.dat
1 0 0 -10.402 -363.103 1 0 0 0 -0.993 0.122 0 -0.122 -0.993 32270.dat
1 4 -120 117.565 -256.669 -1 0 0 0 0.993 0.122 0 0.122 -0.993 3713.dat
1 4 120 117.565 -256.669 -1 0 0 0 0.993 0.122 0 0.122 -0.993 3713.dat
1 4 -120 117.565 256.669 1 0 0 0 0.993 0.122 0 -0.122 0.993 3713.dat
1 4 120 117.565 256.669 1 0 0 0 0.993 0.122 0 -0.122 0.993 3713.dat
1 1 -70 47.026 -174.668 1 0 0 0 0.993 -0.122 0 0.122 0.993 43093.dat
1 1 -70 44.584 -154.817 1 0 0 0 0.993 -0.122 0 0.122 0.993 43093.dat
1 1 -70 44.584 154.817 1 0 0 0 0.993 0.122 0 -0.122 0.993 43093.dat
1 1 -70 47.026 174.668 1 0 0 0 0.993 0.122 0 -0.122 0.993 43093.dat
1 1 70 47.026 174.668 -1 0 0 0 0.993 -0.122 0 -0.122 -0.993 43093.dat
1 1 70 44.584 154.817 -1 0 0 0 0.993 -0.122 0 -0.122 -0.993 43093.dat
1 1 70 44.584 -154.817 -1 0 0 0 0.993 0.122 0 0.122 -0.993 43093.dat
1 1 70 47.026 -174.668 -1 0 0 0 0.993 0.122 0 0.122 -0.993 43093.dat
1 4 -80 -14.967 -162.143 0 -1 0 0.122 0 0.993 -0.993 0 0.122 32140.dat
1 0 -90 4.884 -159.701 1 0 0 0 0.122 0.993 0 -0.993 0.122 6628.dat
1 0 -100 0 -60 0 1 0 0.999 0 0.049 0.049 0 -0.999 2739.dat
1 4 80 -14.967 -162.143 0 -1 0 0.122 0 0.993 -0.993 0 0.122 32140.dat
1 0 90 4.884 -159.701 -1 0 0 0 0.122 -0.993 0 -0.993 -0.122 6628.dat
1 0 100 0 -60 0 -1 0 -0.999 0 0.049 -0.049 0 -0.999 2739.dat
1 71 0 51.599 -375.614 0 0 1 0.122 0.993 0 -0.993 0.122 0 48989.dat
1 4 -20 11.879 -380.494 0 1 0 -0.122 0 0.993 0.993 0 0.122 32140.dat
1 4 20 11.879 -380.494 0 1 0 -0.122 0 0.993 0.993 0 0.122 32140.dat
1 0 30 51.599 -375.614 -1 0 0 0 -0.122 0.993 0 0.993 0.122 2780.dat
1 0 -30 51.599 -375.614 -1 0 0 0 -0.122 0.993 0 0.993 0.122 2780.dat
1 1 40 69.002 -353.321 -1 0 0 0 0.993 0.122 0 0.122 -0.993 6558.dat
1 1 -40 69.002 -353.321 1 0 0 0 -0.993 0.122 0 -0.122 -0.993 6558.dat
1 71 40 31.743 -378.055 0 1 0 -0.122 0 0.993 0.993 0 0.122 32348.dat
1 0 50 71.463 -373.175 1 0 0 0 0.122 0.993 0 -0.993 0.122 2780.dat
1 71 0 121.215 -318.679 1 0 0 0 -0.4982 0.8676 0 -0.8676 -0.4982 32073.dat
1 71 25 121.215 -318.679 0 0 1 -0.4982 0.8676 0 -0.8676 -0.4982 0 32123.dat
1 71 -25 121.215 -318.679 0 0 1 -0.4982 0.8676 0 -0.8676 -0.4982 0 32123.dat
1 71 -40 31.743 -378.055 0 1 0 -0.122 0 0.993 0.993 0 0.122 32348.dat
1 0 0 121.215 -318.679 1 0 0 0 -0.993 0.122 0 -0.122 -0.993 62462.dat
1 0 -50 71.463 -373.175 1 0 0 0 0.122 0.993 0 -0.993 0.122 2780.dat
1 71 0 11.893 -380.497 0 1 0 -0.993 0 -0.122 -0.122 0 0.993 44809.dat
1 71 0 11.893 -380.497 1 0 0 0 0.993 -0.122 0 0.122 0.993 32073.dat
1 4 60 66.561 -333.471 0 1 0 0.122 0 -0.993 -0.993 0 -0.122 32140.dat
1 0 50 9.451 -360.646 1 0 0 0 0.993 -0.122 0 0.122 0.993 2780.dat
1 0 50 7.009 -340.796 1 0 0 0 0.993 -0.122 0 0.122 0.993 2780.dat
1 1 50 66.561 -333.471 1 0 0 0 0.993 -0.122 0 0.122 0.993 43093.dat
1 4 -60 66.561 -333.471 0 1 0 0.122 0 -0.993 -0.993 0 -0.122 32140.dat
1 0 -50 9.451 -360.646 1 0 0 0 0.993 -0.122 0 0.122 0.993 2780.dat
1 0 -50 7.009 -340.796 1 0 0 0 0.993 -0.122 0 0.122 0.993 2780.dat
1 1 -50 66.561 -333.471 -1 0 0 0 0.993 0.122 0 0.122 -0.993 43093.dat
1 4 -60 70.223 -363.246 0 1 0 0.993 0 0.122 0.122 0 -0.993 43857.dat
1 4 60 70.223 -363.246 0 1 0 0.993 0 0.122 0.122 0 -0.993 43857.dat
1 4 -40 -2.758 261.394 0 1 0 0.993 0 -0.122 -0.122 0 -0.993 41239.dat
1 1 -30 -17.398 142.234 1 0 0 0 -0.993 -0.122 0 0.122 -0.993 4274.dat
1 71 -40 -10.078 201.814 1 0 0 0 -0.993 -0.122 0 0.122 -0.993 32054.dat
1 71 -40 4.562 320.974 1 0 0 0 -0.993 -0.122 0 0.122 -0.993 32054.dat
1 1 -50 -5.198 241.534 -1 0 0 0 -0.993 0.122 0 0.122 0.993 43093.dat
1 71 -60 -5.198 241.534 0 0 1 0.122 -0.993 0 0.993 0.122 0 3713.dat
1 71 -60 -0.318 281.254 -1 0 0 0 0.008066 -1.000916 0 -1.000916 -0.008066 87082.dat
1 71 -80 2.122 301.114 0 0 -1 0.993 -0.122 0 -0.122 -0.993 0 6536.dat
1 1 -80 12.052 299.894 0 1 0 -0.993 0 0.122 0.122 0 0.993 43093.dat
1 4 40 -2.758 261.394 0 -1 0 -0.993 0 -0.122 0.122 0 -0.993 41239.dat
1 1 30 -17.398 142.234 -1 0 0 0 -0.993 0.122 0 0.122 0.993 4274.dat
1 71 40 -10.078 201.814 -1 0 0 0 -0.993 0.122 0 0.122 0.993 32054.dat
1 71 40 4.562 320.974 -1 0 0 0 -0.993 0.122 0 0.122 0.993 32054.dat
1 1 50 -5.198 241.534 1 0 0 0 -0.993 -0.122 0 0.122 -0.993 43093.dat
1 71 60 -5.198 241.534 0 0 -1 -0.122 -0.993 0 -0.993 0.122 0 3713.dat
1 71 60 -0.318 281.254 -1 0 0 0 0.008066 -1.000916 0 -1.000916 -0.008066 87082.dat
1 71 80 2.122 301.114 0 0 1 -0.993 -0.122 0 0.122 -0.993 0 6536.dat
1 1 80 12.052 299.894 0 -1 0 -0.993 0 -0.122 0.122 0 -0.993 43093.dat
1 71 60 -14.967 162.143 -1 0 0 0 -0.993 0.122 0 0.122 0.993 6536.dat
1 71 -60 -14.967 162.143 -1 0 0 0 -0.993 0.122 0 0.122 0.993 6536.dat
1 0 -60 -33.596 174.51 0 0 1 -0.122 0.993 0 -0.993 -0.122 0 2780.dat
1 0 60 -33.596 174.51 0 0 1 -0.122 0.993 0 -0.993 -0.122 0 2780.dat
1 4 0 -32.375 184.435 0 0 1 -0.993 -0.122 0 0.122 -0.993 0 32524.dat
1 0 20 -14.062 333.313 0 0 -1 0.122 0.993 0 0.993 -0.122 0 2780.dat
1 0 -20 -14.062 333.313 0 0 -1 0.122 0.993 0 0.993 -0.122 0 2780.dat
1 71 0 -12.842 343.243 0 0 -1 0.993 -0.122 0 -0.122 -0.993 0 32523.dat
1 19 0 -11.622 353.173 0 0 -1 -0.122 -0.993 0 -0.993 0.122 0 99008.dat
1 0 0 -10.402 363.103 -1 0 0 0 -0.993 0.122 0 0.122 0.993 32270.dat
1 4 80 -14.967 162.143 0 1 0 0.122 0 0.993 0.993 0 -0.122 32140.dat
1 0 90 4.884 159.701 -1 0 0 0 0.122 0.993 0 0.993 -0.122 6628.dat
1 0 100 0 60 0 -1 0 0.999 0 0.049 -0.049 0 0.999 2739.dat
1 4 -80 -14.967 162.143 0 1 0 0.122 0 0.993 0.993 0 -0.122 32140.dat
1 0 -90 4.884 159.701 1 0 0 0 0.122 -0.993 0 0.993 0.122 6628.dat
1 0 -100 0 60 0 1 0 -0.999 0 0.049 0.049 0 0.999 2739.dat
1 71 0 51.599 375.614 0 0 -1 0.122 0.993 0 0.993 -0.122 0 48989.dat
1 4 20 11.879 380.494 0 -1 0 -0.122 0 0.993 -0.993 0 -0.122 32140.dat
1 4 -20 11.879 380.494 0 -1 0 -0.122 0 0.993 -0.993 0 -0.122 32140.dat
1 0 -30 51.599 375.614 1 0 0 0 -0.122 0.993 0 -0.993 -0.122 2780.dat
1 0 30 51.599 375.614 1 0 0 0 -0.122 0.993 0 -0.993 -0.122 2780.dat
1 1 -40 69.002 353.321 1 0 0 0 0.993 0.122 0 -0.122 0.993 6558.dat
1 1 40 69.002 353.321 -1 0 0 0 -0.993 0.122 0 0.122 0.993 6558.dat
1 71 -40 31.743 378.055 0 -1 0 -0.122 0 0.993 -0.993 0 -0.122 32348.dat
1 0 -50 71.463 373.175 -1 0 0 0 0.122 0.993 0 0.993 -0.122 2780.dat
1 71 0 121.215 318.679 -1 0 0 0 -0.4982 0.8676 0 0.8676 0.4982 32073.dat
1 71 -25 121.215 318.679 0 0 -1 -0.4982 0.8676 0 0.8676 0.4982 0 32123.dat
1 71 25 121.215 318.679 0 0 -1 -0.4982 0.8676 0 0.8676 0.4982 0 32123.dat
1 71 40 31.743 378.055 0 -1 0 -0.122 0 0.993 -0.993 0 -0.122 32348.dat
1 0 0 121.215 318.679 -1 0 0 0 -0.993 0.122 0 0.122 0.993 62462.dat
1 0 50 71.463 373.175 -1 0 0 0 0.122 0.993 0 0.993 -0.122 2780.dat
1 71 0 11.893 380.497 0 -1 0 -0.993 0 -0.122 0.122 0 -0.993 44809.dat
1 71 0 11.893 380.497 1 0 0 0 0.993 0.122 0 -0.122 0.993 32073.dat
1 4 -60 66.561 333.471 0 -1 0 0.122 0 -0.993 0.993 0 0.122 32140.dat
1 0 -50 7.009 340.796 1 0 0 0 0.993 0.122 0 -0.122 0.993 2780.dat
1 0 -50 9.451 360.646 1 0 0 0 0.993 0.122 0 -0.122 0.993 2780.dat
1 1 -50 66.561 333.471 -1 0 0 0 0.993 -0.122 0 -0.122 -0.993 43093.dat
1 4 60 66.561 333.471 0 -1 0 0.122 0 -0.993 0.993 0 0.122 32140.dat
1 0 50 7.009 340.796 1 0 0 0 0.993 0.122 0 -0.122 0.993 2780.dat
1 0 50 9.451 360.646 1 0 0 0 0.993 0.122 0 -0.122 0.993 2780.dat
1 1 50 66.561 333.471 1 0 0 0 0.993 0.122 0 -0.122 0.993 43093.dat
1 4 60 70.223 363.246 0 -1 0 -0.993 0 -0.122 0.122 0 -0.993 43857.dat
1 4 -60 70.223 363.246 0 -1 0 -0.993 0 -0.122 0.122 0 -0.993 43857.dat
1 4 -120 -160 0 0 -1 0 1 0 0 0 0 1 41239.dat
1 1 -100 -160 120 1 0 0 0 1 0 0 0 1 6558.dat
1 1 -100 -160 80 1 0 0 0 1 0 0 0 1 6558.dat
1 1 -100 -160 -120 1 0 0 0 1 0 0 0 1 6558.dat
1 1 -100 -160 -80 1 0 0 0 1 0 0 0 1 6558.dat
1 0 -110 -160 -60 1 0 0 0 1 0 0 0 1 2780.dat
1 4 -100 -160 -200 0 -1 0 1 0 0 0 0 1 32278.dat
1 4 -100 -160 220 0 -1 0 1 0 0 0 0 1 32278.dat
1 1 -120 -160 260 -1 0 0 0 1 0 0 0 -1 6558.dat
1 0 -110 -160 180 1 0 0 0 1 0 0 0 1 2780.dat
1 0 -110 -160 -180 1 0 0 0 1 0 0 0 1 2780.dat
1 0 -110 -160 -260 1 0 0 0 1 0 0 0 1 2780.dat
1 71 -100 -160 -160 -1 0 0 0 1 0 0 0 -1 32054.dat
1 1 -110 -160 60 1 0 0 0 1 0 0 0 1 43093.dat
1 71 -105 -160 60 0 0 1 0 1 0 -1 0 0 32123.dat
1 71 -95 -160 60 0 0 1 0 1 0 -1 0 0 32123.dat
1 71 0 -160 -160 -1 0 0 0 1 0 0 0 -1 60485.dat
1 71 100 -160 -160 1 0 0 0 1 0 0 0 1 32054.dat
1 71 -120 -160 -200 0 0 1 1 0 0 0 1 0 42003.dat
1 1 -120 -150 -220 0 0 -1 -1 0 0 0 1 0 43093.dat
1 1 -120 -150 220 0 0 1 -1 0 0 0 -1 0 43093.dat
1 71 -120 -160 200 0 0 -1 1 0 0 0 -1 0 42003.dat
1 1 0 -160 -260 1 0 0 0 1 0 0 0 1 6558.dat
1 4 -20 -160 -240 0 -1 0 1 0 0 0 0 1 32316.dat
1 1 0 -160 -300 1 0 0 0 1 0 0 0 1 6558.dat
1 1 -20 -160 -240 1 0 0 0 1 0 0 0 1 6558.dat
1 71 0 -160 -280 0 -1 0 -1 0 0 0 0 -1 60483.dat
1 71 0 -160 -240 0 0 1 -1 0 0 0 -1 0 42003.dat
1 1 0 -150 -220 0 0 1 -1 0 0 0 -1 0 43093.dat
1 4 20 -160 -260 0 -1 0 1 0 0 0 0 1 32316.dat
1 0 30 -160 -240 1 0 0 0 1 0 0 0 1 2780.dat
1 71 0 -160 -280 1 0 0 0 1 0 0 0 1 60485.dat
1 0 50 -160 -240 1 0 0 0 -1 0 0 0 -1 62462.dat
1 0 -50 -160 -240 1 0 0 0 -1 0 0 0 -1 62462.dat
1 71 40 -160 -280 1 0 0 0 0 1 0 -1 0 6536.dat
1 71 -40 -160 -280 1 0 0 0 0 1 0 -1 0 6536.dat
1 71 60 -160 -280 0 -1 0 -1 0 0 0 0 -1 60483.dat
1 71 -60 -160 -280 0 -1 0 -1 0 0 0 0 -1 60483.dat
1 71 80 -160 -300 1 0 0 0 1 0 0 0 1 87082.dat
1 71 -80 -160 -300 1 0 0 0 1 0 0 0 1 87082.dat
1 71 100 -160 -280 1 0 0 0 1 0 0 0 1 32054.dat
1 71 -100 -160 -280 -1 0 0 0 1 0 0 0 -1 32054.dat
1 0 40 -150 -300 0 0 1 -1 0 0 0 -1 0 2780.dat
1 0 -40 -150 -300 0 0 1 -1 0 0 0 -1 0 2780.dat
1 71 80 -160 -240 1 0 0 0 0.008 -1 0 1 0.008 87082.dat
1 71 -80 -160 -240 1 0 0 0 0.008 -1 0 1 0.008 87082.dat
1 4 -20 -160 260 0 -1 0 1 0 0 0 0 1 32316.dat
1 1 0 -160 220 1 0 0 0 1 0 0 0 1 6558.dat
1 1 0 -160 260 1 0 0 0 1 0 0 0 1 6558.dat
1 1 0 -160 300 1 0 0 0 1 0 0 0 1 6558.dat
1 0 0 -200 240 0 -1 0 0 0 1 -1 0 0 60484.dat
1 71 0 -160 280 0 -1 0 1 0 0 0 0 1 60483.dat
1 1 0 -200 240 1 0 0 0 1 0 0 0 1 6558.dat
1 71 0 -180 240 1 0 0 0 1 0 0 0 1 4519.dat
1 4 -15 -220 240 0 -1 0 0 0 1 -1 0 0 6632.dat
1 4 -25 -220 240 0 -1 0 0 0 1 -1 0 0 6632.dat
1 71 0 -220 240 -1 0 0 0 -1 0 0 0 1 63869.dat
1 71 0 -220 240 1 0 0 0 1 0 0 0 1 4519.dat
1 0 -20 -240 230 0 0 1 0 -1 0 1 0 0 2780.dat
1 0 20 -240 230 0 0 1 0 -1 0 1 0 0 2780.dat
1 4 15 -220 240 0 -1 0 0 0 1 -1 0 0 6632.dat
1 4 25 -220 240 0 -1 0 0 0 1 -1 0 0 6632.dat
1 4 20 -160 260 0 -1 0 1 0 0 0 0 1 32316.dat
1 0 30 -160 240 1 0 0 0 1 0 0 0 1 2780.dat
1 0 -30 -160 240 1 0 0 0 1 0 0 0 1 2780.dat
1 71 0 -160 280 1 0 0 0 1 0 0 0 1 60485.dat
1 0 50 -160 240 1 0 0 0 -1 0 0 0 -1 62462.dat
1 0 -50 -160 240 1 0 0 0 -1 0 0 0 -1 62462.dat
1 71 40 -160 280 1 0 0 0 0 -1 0 1 0 6536.dat
1 71 -40 -160 280 1 0 0 0 0 -1 0 1 0 6536.dat
1 71 60 -160 280 0 -1 0 1 0 0 0 0 1 60483.dat
1 71 -60 -160 280 0 -1 0 1 0 0 0 0 1 60483.dat
1 71 100 -160 280 1 0 0 0 1 0 0 0 1 32054.dat
1 71 -100 -160 280 -1 0 0 0 1 0 0 0 -1 32054.dat
1 71 80 -160 300 -1 0 0 0 0 -1 0 -1 0 87082.dat
1 71 -80 -160 300 -1 0 0 0 0 -1 0 -1 0 87082.dat
1 0 40 -150 300 0 0 1 1 0 0 0 1 0 2780.dat
1 0 -40 -150 300 0 0 1 1 0 0 0 1 0 2780.dat
1 71 80 -160 240 -1 0 0 0 0.008 -1 0 -1 -0.008 87082.dat
1 71 -80 -160 240 -1 0 0 0 0.008 -1 0 -1 -0.008 87082.dat
1 1 -120 -150 300 0 0 1 -1 0 0 0 -1 0 43093.dat
1 71 -120 -160 280 0 0 -1 1 0 0 0 -1 0 42003.dat
1 1 -120 -150 -300 0 0 -1 -1 0 0 0 1 0 43093.dat
1 71 -120 -160 -280 0 0 1 1 0 0 0 1 0 42003.dat
1 4 100 -160 -200 0 -1 0 1 0 0 0 0 1 32278.dat
1 0 110 -160 -260 1 0 0 0 1 0 0 0 1 2780.dat
1 0 110 -160 -180 1 0 0 0 1 0 0 0 1 2780.dat
1 4 100 -160 220 0 -1 0 1 0 0 0 0 1 32278.dat
1 0 110 -160 180 1 0 0 0 1 0 0 0 1 2780.dat
1 1 120 -160 260 1 0 0 0 1 0 0 0 1 6558.dat
1 1 -80 -160 -300 0 -1 0 1 0 0 0 0 1 6558.dat
1 1 80 -160 -300 0 -1 0 1 0 0 0 0 1 6558.dat
1 1 100 -160 -80 -1 0 0 0 1 0 0 0 -1 6558.dat
1 1 100 -160 -120 -1 0 0 0 1 0 0 0 -1 6558.dat
1 1 100 -160 80 -1 0 0 0 1 0 0 0 -1 6558.dat
1 1 100 -160 120 -1 0 0 0 1 0 0 0 -1 6558.dat
1 0 110 -160 -60 1 0 0 0 1 0 0 0 1 2780.dat
1 4 120 -160 0 0 -1 0 1 0 0 0 0 1 41239.dat
1 1 120 -150 -300 0 0 -1 -1 0 0 0 1 0 43093.dat
1 71 120 -160 -280 0 0 1 1 0 0 0 1 0 42003.dat
1 1 120 -150 -220 0 0 -1 -1 0 0 0 1 0 43093.dat
1 71 120 -160 -200 0 0 1 1 0 0 0 1 0 42003.dat
1 71 120 -160 200 0 0 -1 1 0 0 0 -1 0 42003.dat
1 1 120 -150 220 0 0 1 -1 0 0 0 -1 0 43093.dat
1 71 120 -160 280 0 0 -1 1 0 0 0 -1 0 42003.dat
1 1 120 -150 300 0 0 1 -1 0 0 0 -1 0 43093.dat
1 4 0 -140 -300 0 0 1 0 1 0 -1 0 0 41239.dat
1 4 0 -140 -220 0 0 1 0 1 0 -1 0 0 41239.dat
1 4 0 -140 300 0 0 1 0 1 0 -1 0 0 41239.dat
1 4 0 -140 220 0 0 1 0 1 0 -1 0 0 41239.dat
1 4 -80 -80 -80 0 1 0 0 0 -1 -1 0 0 32526.dat
1 4 -80 -80 80 0 -1 0 0 0 -1 1 0 0 32526.dat
1 4 80 -80 80 0 -1 0 0 0 -1 1 0 0 32526.dat
1 4 80 -80 -80 0 1 0 0 0 -1 -1 0 0 32526.dat
1 0 70 -267.814 147.311 1 0 0 0 0.898 -0.439 0 0.439 0.898 2780.dat
1 0 -70 -267.814 147.311 1 0 0 0 0.898 -0.439 0 0.439 0.898 2780.dat
1 4 120 -160 -150 0 -1 0 1 0 0 0 0 1 43857.dat
1 1 120 -160 -140 -1 0 0 0 1 0 0 0 -1 6558.dat
1 1 -120 -160 -140 1 0 0 0 -1 0 0 0 -1 6558.dat
1 4 -120 -160 -150 0 1 0 -1 0 0 0 0 1 43857.dat
1 1 -100 -180 35 1 0 0 0 0 -1 0 1 0 41677.dat
1 28 -100 -180 12 0 -1 0 0 0 -1 1 0 0 6587.dat
1 1 -100 -160 25 1 0 0 0 0 -1 0 1 0 41677.dat
1 1 -100 -160 15 1 0 0 0 0 -1 0 1 0 41677.dat
1 0 -100 -180 -10 0 1 0 0 0 -1 -1 0 0 41678.dat
1 0 -110 -160 -20 1 0 0 0 1 0 0 0 1 2780.dat
1 0 -110 -160 0 1 0 0 0 1 0 0 0 1 2780.dat
1 0 110 -160 0 -1 0 0 0 1 0 0 0 -1 2780.dat
1 0 110 -160 -20 -1 0 0 0 1 0 0 0 -1 2780.dat
1 0 100 -180 -10 0 -1 0 0 0 -1 1 0 0 41678.dat
1 4 100 -180 -10 0 -1 0 0 0 -1 1 0 0 32062.dat
1 71 0 -110 0 0 -1 0 0 0 1 -1 0 0 58119.dat
1 0 -40 -130 -110 0 -1 0 0 0 1 -1 0 0 2780.dat
1 0 -40 -90 -110 0 -1 0 0 0 1 -1 0 0 2780.dat
1 0 40 -130 -110 0 -1 0 0 0 1 -1 0 0 2780.dat
1 0 40 -90 -110 0 -1 0 0 0 1 -1 0 0 2780.dat
1 0 -40 -130 110 0 -1 0 0 0 1 -1 0 0 2780.dat
1 0 -40 -90 110 0 -1 0 0 0 1 -1 0 0 2780.dat
1 0 40 -130 110 0 -1 0 0 0 1 -1 0 0 2780.dat
1 0 40 -90 110 0 -1 0 0 0 1 -1 0 0 2780.dat
1 4 -40 -110 -120 -1 0 0 0 0 1 0 1 0 32316.dat
1 4 40 -110 -120 -1 0 0 0 0 1 0 1 0 32316.dat
1 4 40 -110 120 -1 0 0 0 0 1 0 1 0 32316.dat
1 4 -40 -110 120 -1 0 0 0 0 1 0 1 0 32316.dat
1 4 -20 -150 -100 0 0 1 0 1 0 -1 0 0 32316.dat
1 1 -60 -170 -100 0 0 1 -1 0 0 0 -1 0 6558.dat
1 1 -20 -150 -100 0 0 -1 1 0 0 0 -1 0 6558.dat
1 1 20 -150 -100 0 0 -1 1 0 0 0 -1 0 6558.dat
1 4 20 -170 -100 0 0 -1 0 1 0 1 0 0 32526.dat
1 71 -60 -200 -90 0 0 1 -1 0 0 0 -1 0 2817.dat
1 72 -60 -200 -60 0 0 -1 1 0 0 0 -1 0 87083.dat
1 71 -60 -230 -60 0 0 1 1 0 0 0 1 0 6536.dat
1 1 -70 -230 -40 -1 0 0 0 0 1 0 1 0 43093.dat
1 4 -80 -230 -40 0 0 -1 -1 0 0 0 1 0 3713.dat
1 4 0 -180 10 0 0 1 1 0 0 0 1 0 40490.dat
1 1 -80 -180 -10 0 0 1 0 1 0 -1 0 0 6558.dat
1 1 -60 -180 -10 0 0 1 0 1 0 -1 0 0 6558.dat
1 1 80 -180 -10 0 0 1 0 1 0 -1 0 0 6558.dat
1 1 60 -180 -10 0 0 1 0 1 0 -1 0 0 6558.dat
1 0 -40 -180 0 0 0 1 0 1 0 -1 0 0 2780.dat
1 0 -20 -180 0 0 0 1 0 1 0 -1 0 0 2780.dat
1 0 20 -180 0 0 0 1 0 1 0 -1 0 0 2780.dat
1 0 40 -180 0 0 0 1 0 1 0 -1 0 0 2780.dat
1 1 0 -180 0 0 0 1 0 1 0 -1 0 0 43093.dat
1 71 0 -180 -10 0 0 -1 0 -1 0 -1 0 0 6553.dat
1 71 0 -220 -10 0 -1 0 0 0 1 -1 0 0 3713.dat
1 4 -30 -160 -10 -1 0 0 0 0 1 0 1 0 41678.dat
1 4 30 -160 -10 -1 0 0 0 0 1 0 1 0 41678.dat
1 4 -80 -180 -10 0 0 1 1 0 0 0 1 0 32523.dat
1 4 80 -180 -10 0 0 1 1 0 0 0 1 0 32523.dat
1 4 0 -180 -30 0 0 1 1 0 0 0 1 0 40490.dat
1 71 0 -120 -300 1 0 0 0 1 0 0 0 1 32073.dat
1 0 -60 -120 -300 0 0 1 -1 0 0 0 -1 0 32034.dat
1 0 60 -120 -300 0 0 1 -1 0 0 0 -1 0 32034.dat
1 0 -60 -130 -300 0 0 1 -1 0 0 0 -1 0 2780.dat
1 0 60 -130 -300 0 0 1 -1 0 0 0 -1 0 2780.dat
1 1 -90 -120 -300 1 0 0 0 1 0 0 0 1 43093.dat
1 1 90 -120 -300 -1 0 0 0 -1 0 0 0 1 43093.dat
1 0 30 -120 -340 1 0 0 0 0 -1 0 1 0 2780.dat
1 0 30 -160 -340 1 0 0 0 0 -1 0 1 0 2780.dat
1 19 50 -140 -340 -1 0 0 0 0 1 0 1 0 99008.dat
