0 Main
0 Name: 42000-1 - Grand Prix Racer.mpd
0 Author: LTRON
1 0 0 0 0 0 1 0 -1 0 0 0 0 1 32278.dat
1 1 0 0 -140 1 0 0 0 1 0 0 0 1 6558.dat
1 1 0 0 -100 1 0 0 0 1 0 0 0 1 6558.dat
1 1 0 0 -80 1 0 0 0 1 0 0 0 1 6558.dat
1 1 0 0 80 1 0 0 0 1 0 0 0 1 6558.dat
1 1 0 0 60 1 0 0 0 1 0 0 0 1 6558.dat
1 1 0 0 20 1 0 0 0 1 0 0 0 1 6558.dat
1 0 -20 0 -20 0 -1 0 1 0 0 0 0 1 32524.dat
1 0 20 0 -20 0 -1 0 1 0 0 0 0 1 32524.dat
1 0 20 -60 80 0 -1 0 0 0 1 -1 0 0 32140.dat
1 0 -20 -60 80 0 -1 0 0 0 1 -1 0 0 32140.dat
1 0 -20 -40 -120 0 -1 0 0 0 1 -1 0 0 60484.dat
1 1 0 -40 -120 1 0 0 0 1 0 0 0 1 6558.dat
1 1 0 -20 -120 1 0 0 0 1 0 0 0 1 6558.dat
1 0 0 -20 -120 0 -1 0 0 0 -1 1 0 0 60484.dat
1 1 0 -60 -100 -1 0 0 0 1 0 0 0 -1 6558.dat
1 1 0 -60 -140 -1 0 0 0 1 0 0 0 -1 6558.dat
1 0 20 -40 -120 0 -1 0 0 0 1 -1 0 0 60484.dat
1 71 0 -60 80 1 0 0 0 1 0 0 0 1 44294.dat
1 71 0 -60 80 0 0 -1 0 1 0 1 0 0 3713.dat
1 4 -20 0 220 0 1 0 -1 0 0 0 0 1 41239.dat
1 1 0 0 100 1 0 0 0 1 0 0 0 1 6558.dat
1 1 0 0 140 1 0 0 0 1 0 0 0 1 6558.dat
1 0 0 0 270 1 0 0 0 0 1 0 -1 0 32138.dat
1 71 0 0 240 1 0 0 0 1 0 0 0 1 32073.dat
1 71 0 0 240 0 0 -1 0 1 0 1 0 0 3713.dat
1 4 -60 0 240 -1 0 0 0 1 0 0 0 -1 32054.dat
1 4 0 -9 270 0 -1 0 -1 0 0 0 0 -1 32062.dat
1 4 0 -39 270 1 0 0 0 0 -1 0 1 0 32013.dat
1 4 20 0 220 0 1 0 -1 0 0 0 0 1 41239.dat
1 4 60 0 240 1 0 0 0 1 0 0 0 1 32054.dat
1 1 40 0 340 1 0 0 0 1 0 0 0 1 6558.dat
1 1 -40 0 340 -1 0 0 0 1 0 0 0 -1 6558.dat
1 71 0 0 420 -1 0 0 0 1 0 0 0 -1 4519.dat
1 4 40 0 420 1 0 0 0 1 0 0 0 1 32054.dat
1 4 -40 0 420 -1 0 0 0 1 0 0 0 -1 32054.dat
1 4 -40 0 560 0 1 0 -1 0 0 0 0 1 32278.dat
1 1 -60 0 500 -1 0 0 0 1 0 0 0 -1 6558.dat
1 4 -60 0 380 0 1 0 -1 0 0 0 0 1 32278.dat
1 1 -60 0 320 -1 0 0 0 1 0 0 0 -1 6558.dat
1 1 -60 0 300 -1 0 0 0 1 0 0 0 -1 6558.dat
1 4 -80 -20 310 0 0 -1 0 1 0 1 0 0 32557.dat
1 4 -40 -80 300 0 1 0 0 0 1 1 0 0 32526.dat
1 4 40 0 560 0 1 0 -1 0 0 0 0 1 32278.dat
1 1 60 0 500 1 0 0 0 1 0 0 0 1 6558.dat
1 4 40 -80 300 0 1 0 0 0 1 1 0 0 32526.dat
1 1 60 0 300 1 0 0 0 1 0 0 0 1 6558.dat
1 1 60 0 320 1 0 0 0 1 0 0 0 1 6558.dat
1 4 60 0 380 0 1 0 -1 0 0 0 0 1 32278.dat
1 4 80 -20 310 0 0 -1 0 1 0 1 0 0 32557.dat
1 1 60 -60 300 1 0 0 0 1 0 0 0 1 6558.dat
1 1 -60 -60 300 -1 0 0 0 1 0 0 0 -1 6558.dat
1 0 110 0 240 -1 0 0 0 1 0 0 0 -1 2780.dat
1 71 90 0 240 -1 0 0 0 -1 0 0 0 1 62462.dat
1 71 90 0 500 -1 0 0 0 -1 0 0 0 1 62462.dat
1 0 110 0 500 -1 0 0 0 1 0 0 0 -1 2780.dat
1 71 -90 0 500 1 0 0 0 -1 0 0 0 -1 62462.dat
1 0 -110 0 500 1 0 0 0 1 0 0 0 1 2780.dat
1 71 -90 0 240 1 0 0 0 -1 0 0 0 -1 62462.dat
1 0 -110 0 240 1 0 0 0 1 0 0 0 1 2780.dat
1 4 -20 -40 320 0 0 -1 0 1 0 1 0 0 32062.dat
1 0 0 -40 320 0 0 -1 -1 0 0 0 1 0 87408.dat
1 4 20 -40 320 0 0 -1 0 1 0 1 0 0 32062.dat
1 0 0 -40 320 0 0 1 -1 0 0 0 -1 0 87408.dat
1 0 0 -40 320 0 0 -1 0 1 0 1 0 0 3705.dat
1 0 0 -40 290 1 0 0 0 1 0 0 0 1 32270.dat
1 0 0 -40 350 1 0 0 0 1 0 0 0 1 32270.dat
1 0 -50 -40 410 0 -1 0 1 0 0 0 0 1 32524.dat
1 0 -40 -40 350 -1 0 0 0 1 0 0 0 -1 2780.dat
1 1 -40 -40 470 1 0 0 0 1 0 0 0 1 4274.dat
1 14 -35 -40 410 0 1 0 -1 0 0 0 0 1 32065.dat
1 0 -20 -40 370 1 0 0 0 1 0 0 0 1 3707.dat
1 14 -100 -40 370 0 0 -1 0 1 0 1 0 0 59443.dat
1 71 -70 -40 370 0 0 -1 0 1 0 1 0 0 94925.dat
1 19 -18 -40 370 0 0 1 0 1 0 -1 0 0 6589.dat
1 0 -20 -40 410 1 0 0 0 1 0 0 0 1 3707.dat
1 0 0 -15 453.301 0 0 -1 -0.866025 0.5 0 0.5 0.866025 0 87408.dat
1 71 0 -20 444.641 0 0 -1 0.5 0.866025 0 0.866025 -0.5 0 4519.dat
1 19 0 -26.5 433.383 -1 0 0 0 0.866025 -0.5 0 -0.5 -0.866025 6589.dat
1 19 17 -40 410 0 0 1 0 1 0 -1 0 0 32198.dat
1 71 0 0 479.282 -1 0 0 0 0.866025 -0.5 0 -0.5 -0.866025 62520.dat
1 71 0 0 479.282 0 1 0 -1 0 0 0 0 1 62520.dat
1 71 0 0 479.282 -1 0 0 0 1 0 0 0 -1 62519.dat
1 72 -70 -40 410 0 0 -1 0 1 0 1 0 0 6542.dat
1 14 -100 -40 410 0 0 -1 0 1 0 1 0 0 59443.dat
1 14 35 -40 410 0 1 0 -1 0 0 0 0 1 32065.dat
1 71 50 -40 410 0 0 -1 0 1 0 1 0 0 3713.dat
1 1 50 -40 350 -1 0 0 0 1 0 0 0 -1 6558.dat
1 71 50 -40 350 -1 0 0 0 0 -1 0 -1 0 98989.dat
1 1 60 -40 390 -1 0 0 0 1 0 0 0 -1 43093.dat
1 0 70 -40 410 0 -1 0 1 0 0 0 0 1 32524.dat
1 1 70 -40 470 1 0 0 0 1 0 0 0 1 6558.dat
1 71 50 -40 470 -1 0 0 0 0 1 0 1 0 98989.dat
1 28 68 -40 430 -1 0 0 0 1 0 0 0 -1 6587.dat
1 4 -40 -20 330 0 0 -1 0 1 0 1 0 0 32278.dat
1 1 60 -40 330 0 -1 0 -1 0 0 0 0 -1 6558.dat
1 1 40 -40 330 0 -1 0 -1 0 0 0 0 -1 6558.dat
1 0 80 -40 330 0 0 -1 -1 0 0 0 1 0 87082.dat
1 0 -80 -40 330 0 0 -1 -1 0 0 0 1 0 87082.dat
1 0 80 -40 320 0 0 -1 0 1 0 1 0 0 2780.dat
1 0 -80 -40 320 0 0 -1 0 1 0 1 0 0 2780.dat
1 4 60 -20 490 0 0 -1 0 1 0 1 0 0 32316.dat
1 1 60 -40 490 0 -1 0 -1 0 0 0 0 -1 6558.dat
1 1 40 -40 490 0 -1 0 -1 0 0 0 0 -1 6558.dat
1 1 20 -40 490 0 -1 0 -1 0 0 0 0 -1 6558.dat
1 71 0 0 600 1 0 0 0 1 0 0 0 1 92693.dat
1 25 0 0 630 1 0 0 0 1 0 0 0 1 92695.dat
1 72 0 0 740 1 0 0 0 1 0 0 0 1 92696.dat
1 71 0 0 600 -1 0 0 0 1 0 0 0 -1 62520.dat
1 71 0 0 600 0 1 0 -1 0 0 0 0 1 62520.dat
1 71 0 0 600 -1 0 0 0 1 0 0 0 -1 62519.dat
1 4 0 0 570 0 0 1 0 1 0 -1 0 0 32062.dat
1 14 0 0 550 -1 0 0 0 1 0 0 0 -1 59443.dat
1 71 0 0 520 0 0 1 0 1 0 -1 0 0 4519.dat
1 4 0 0 520 0 0 1 0 1 0 -1 0 0 32034.dat
1 0 50 0 520 -1 0 0 0 1 0 0 0 -1 3705.dat
1 4 100 0 520 0 0 1 -1 0 0 0 -1 0 32013.dat
1 0 -50 0 520 1 0 0 0 1 0 0 0 1 3705.dat
1 4 -100 0 520 0 0 -1 -1 0 0 0 1 0 32013.dat
1 4 40 0 600 -1 0 0 0 1 0 0 0 -1 32054.dat
1 4 -40 0 600 1 0 0 0 1 0 0 0 1 32054.dat
1 0 -180 0 80 0 1 0 -1 0 0 0 0 1 42003.dat
1 0 -160 0 90 0 0 -1 0 1 0 1 0 0 2780.dat
1 0 -180 0 90 0 0 -1 0 1 0 1 0 0 2780.dat
1 0 -120 0 100 0 0 -1 -1 0 0 0 1 0 40490.dat
1 0 -200 0 110 0 0 -1 0 1 0 1 0 0 2780.dat
1 0 -120 0 110 0 0 -1 0 1 0 1 0 0 2780.dat
1 0 -160 0 220 0 0 -1 0 1 0 1 0 0 64782.dat
1 0 -80 0 110 0 0 -1 0 1 0 1 0 0 2780.dat
1 0 -200 0 330 0 0 -1 0 1 0 1 0 0 2780.dat
1 0 -120 0 330 0 0 -1 0 1 0 1 0 0 2780.dat
1 0 -110 0 220 -1 0 0 0 1 0 0 0 -1 2780.dat
1 4 -100 -20 210 0 -1 0 0 0 -1 1 0 0 41678.dat
1 4 -100 -20 210 0 0 -1 0 1 0 1 0 0 32062.dat
1 14 -120 -20 210 0 0 -1 0 1 0 1 0 0 32039.dat
1 4 -130 -20 210 -1 0 0 0 1 0 0 0 -1 32062.dat
1 4 -100 0 200 -1 0 0 0 1 0 0 0 -1 32054.dat
1 0 -40 0 80 0 1 0 1 0 0 0 0 -1 64681.dat
1 0 -40 0 90 0 0 -1 0 1 0 1 0 0 2780.dat
1 0 -40 -20 90 0 0 -1 0 1 0 1 0 0 2780.dat
1 0 -30 0 40 -1 0 0 0 1 0 0 0 -1 2780.dat
1 0 -30 0 0 -1 0 0 0 1 0 0 0 -1 2780.dat
1 0 -160 0 440 0 0 -1 0 1 0 1 0 0 64782.dat
1 4 -100 -20 490 0 0 -1 0 1 0 1 0 0 40490.dat
1 1 -20 -40 490 0 -1 0 -1 0 0 0 0 -1 6558.dat
1 1 -60 -40 490 0 -1 0 -1 0 0 0 0 -1 6558.dat
1 0 -80 -30 490 0 1 0 1 0 0 0 0 -1 2780.dat
1 0 -120 -30 490 0 1 0 1 0 0 0 0 -1 2780.dat
1 4 -20 -40 490 0 0 -1 0 1 0 1 0 0 32316.dat
1 71 -130 -40 410 1 0 0 0 1 0 0 0 1 4519.dat
1 71 -130 -40 370 1 0 0 0 1 0 0 0 1 4519.dat
1 71 -130 -40 370 0 0 -1 0 1 0 1 0 0 3713.dat
1 71 -130 -40 410 0 0 -1 0 1 0 1 0 0 94925.dat
1 0 0 -40 450 -1 0 0 0 1 0 0 0 -1 3737.dat
1 19 -100 -40 450 0 0 1 0 1 0 -1 0 0 6538.dat
1 4 -100.25 -40 450 0 0 1 0 1 0 -1 0 0 6539.dat
1 72 -70 -40 450 0 0 -1 0 1 0 1 0 0 6542.dat
1 28 -232 -40 450 -1 0 0 0 1 0 0 0 -1 6587.dat
1 0 -250 -40 450 0 0 1 0 1 0 -1 0 0 32270.dat
1 71 -230 -40 450 0 1 0 -1 0 0 0 0 1 32523.dat
1 14 -200 -40 450 0 0 -1 0 1 0 1 0 0 59443.dat
1 1 -220 -40 430 1 0 0 0 1 0 0 0 1 43093.dat
1 0 -220 -40 470 1 0 0 0 1 0 0 0 1 2780.dat
1 14 -200 -40 430 0 0 -1 0 1 0 1 0 0 59443.dat
1 71 -200 -40 470 1 0 0 0 -1 0 0 0 -1 62462.dat
1 71 -170 -40 430 1 0 0 0 1 0 0 0 1 4519.dat
1 71 -170 -40 470 -1 0 0 0 0 1 0 1 0 98989.dat
1 1 -170 -40 470 -1 0 0 0 1 0 0 0 -1 6558.dat
1 0 -150 -40 410 0 1 0 1 0 0 0 0 -1 32524.dat
1 71 -150 -40 450 1 0 0 0 1 0 0 0 1 32073.dat
1 71 -170 -40 350 1 0 0 0 0 1 0 -1 0 98989.dat
1 1 -160 -40 390 -1 0 0 0 1 0 0 0 -1 43093.dat
1 0 -160 -40 350 -1 0 0 0 1 0 0 0 -1 2780.dat
1 1 -180 -40 490 0 -1 0 1 0 0 0 0 1 6558.dat
1 1 -160 -40 490 0 -1 0 1 0 0 0 0 1 6558.dat
1 1 -180 -40 330 0 -1 0 1 0 0 0 0 1 6558.dat
1 1 -160 -40 330 0 -1 0 1 0 0 0 0 1 6558.dat
1 72 -130 -40 450 0 0 1 0 1 0 -1 0 0 6542.dat
1 71 0 -40 270 1 0 0 0 1 0 0 0 1 32073.dat
1 14 50 -40 270 0 0 -1 0 1 0 1 0 0 59443.dat
1 19 -17 -40 270 0 0 1 0 1 0 -1 0 0 6589.dat
1 14 -50 -40 270 0 0 -1 0 1 0 1 0 0 59443.dat
1 4 -40 -60 330 0 0 -1 0 1 0 1 0 0 32278.dat
1 71 0 0 160 1 0 0 0 0.003687 1 0 -1 0.003687 32073.dat
1 0 0 -0.295 240 0 -1 0 0.003687 0 1 -1 0 0.003687 32009.dat
1 0 -40 -0.295 240 0 -1 0 0.003687 0 1 -1 0 0.003687 32009.dat
1 1 -40 -60.2946 239.779 -1 0 0 0 0.003687 -1 0 -1 -0.003687 6558.dat
1 1 -40 -80.295 239.705 -1 0 0 0 0.003687 -1 0 -1 -0.003687 6558.dat
1 0 -20 -80.5156 299.705 0 1 0 1 0 0.003687 0.003687 0 -1 32140.dat
1 0 40 -0.295 240 0 -1 0 0.003687 0 1 -1 0 0.003687 32009.dat
1 1 40 -60.2946 239.779 -1 0 0 0 0.003687 -1 0 -1 -0.003687 6558.dat
1 1 40 -80.295 239.705 -1 0 0 0 0.003687 -1 0 -1 -0.003687 6558.dat
1 0 20 -80.5156 299.705 0 1 0 1 0 0.003687 0.003687 0 -1 32140.dat
1 71 -20 0 200 1 0 0 0 1 0 0 0 1 44294.dat
1 0 180 0 80 0 -1 0 1 0 0 0 0 1 42003.dat
1 0 160 0 90 0 0 -1 0 1 0 1 0 0 2780.dat
1 0 180 0 90 0 0 -1 0 1 0 1 0 0 2780.dat
1 0 120 0 100 0 0 -1 -1 0 0 0 1 0 40490.dat
1 0 200 0 110 0 0 -1 0 1 0 1 0 0 2780.dat
1 0 120 0 110 0 0 -1 0 1 0 1 0 0 2780.dat
1 0 160 0 220 0 0 -1 0 1 0 1 0 0 64782.dat
1 0 80 0 110 0 0 -1 0 1 0 1 0 0 2780.dat
1 0 200 0 330 0 0 -1 0 1 0 1 0 0 2780.dat
1 0 120 0 330 0 0 -1 0 1 0 1 0 0 2780.dat
1 0 110 0 220 -1 0 0 0 1 0 0 0 -1 2780.dat
1 0 110 0 200 -1 0 0 0 1 0 0 0 -1 2780.dat
1 4 100 -20 210 0 1 0 0 0 -1 -1 0 0 41678.dat
1 4 100 -20 210 0 0 1 0 1 0 -1 0 0 32062.dat
1 14 120 -20 210 0 0 1 0 1 0 -1 0 0 32039.dat
1 4 130 -20 210 1 0 0 0 1 0 0 0 1 32062.dat
1 0 40 0 80 0 -1 0 -1 0 0 0 0 -1 64393.dat
1 0 40 0 90 0 0 -1 0 1 0 1 0 0 2780.dat
1 0 40 -20 90 0 0 -1 0 1 0 1 0 0 2780.dat
1 0 30 0 40 -1 0 0 0 1 0 0 0 -1 2780.dat
1 0 30 0 0 -1 0 0 0 1 0 0 0 -1 2780.dat
1 0 160 0 440 0 0 -1 0 1 0 1 0 0 64782.dat
1 0 0 -20 100 0 0 -1 -1 0 0 0 1 0 40490.dat
1 0 80 -10 120 -1 0 0 0 0 1 0 1 0 43857.dat
1 1 80 -20 100 0 0 1 0 1 0 -1 0 0 6558.dat
1 0 -80 -10 120 -1 0 0 0 0 1 0 1 0 43857.dat
1 1 -80 -20 100 0 0 1 0 1 0 -1 0 0 6558.dat
1 0 -200 -10 520 0 1 0 1 0 0 0 0 -1 2780.dat
1 0 -120 -10 520 0 1 0 1 0 0 0 0 -1 2780.dat
1 0 -100 -10 520 0 1 0 1 0 0 0 0 -1 2780.dat
1 0 200 -10 520 0 1 0 1 0 0 0 0 -1 2780.dat
1 0 100 -10 520 0 1 0 1 0 0 0 0 -1 2780.dat
1 1 120 -20 520 0 -1 0 -1 0 0 0 0 -1 6558.dat
1 0 120 -20 520 0 0 -1 0 1 0 1 0 0 40490.dat
1 0 -120 -20 520 0 0 -1 0 1 0 1 0 0 40490.dat
1 0 -60 -30 520 0 1 0 1 0 0 0 0 -1 2780.dat
1 0 -40 -30 520 0 1 0 1 0 0 0 0 -1 2780.dat
1 0 40 -30 520 0 1 0 1 0 0 0 0 -1 2780.dat
1 0 60 -30 520 0 1 0 1 0 0 0 0 -1 2780.dat
1 4 0 -40 520 0 0 -1 0 1 0 1 0 0 32524.dat
1 0 -180 -30 520 0 1 0 1 0 0 0 0 -1 2780.dat
1 0 -160 -30 520 0 1 0 1 0 0 0 0 -1 2780.dat
1 0 140 -30 520 0 1 0 1 0 0 0 0 -1 2780.dat
1 0 120 -40 520 0 1 0 0 0 -1 -1 0 0 42003.dat
1 0 100 -40 490 0 0 -1 -1 0 0 0 1 0 6553.dat
1 1 100 -30 490 0 0 -1 -1 0 0 0 1 0 43093.dat
1 1 -140 -30 490 0 0 -1 -1 0 0 0 1 0 43093.dat
1 0 -160 -40 520 0 -1 0 0 0 1 -1 0 0 42003.dat
1 0 -140 -40 490 0 0 -1 -1 0 0 0 1 0 6553.dat
1 4 -40 -60 490 0 0 -1 0 1 0 1 0 0 32278.dat
1 0 -140 -70 490 0 1 0 1 0 0 0 0 -1 2780.dat
1 0 -120 -70 490 0 1 0 1 0 0 0 0 -1 6628.dat
1 4 -100 -40 510 0 -1 0 1 0 0 0 0 1 6641.dat
1 0 -100 -50 490 0 1 0 1 0 0 0 0 -1 3705.dat
1 0 -100 -80 490 1 0 0 0 1 0 0 0 1 33299.dat
1 71 -120 -60 530 0 0 -1 0 1 0 1 0 0 32523.dat
1 0 -140 -70 530 0 1 0 1 0 0 0 0 -1 2780.dat
1 14 -220 -80 490 0 0 1 0 -1 0 1 0 0 32526.dat
1 0 -30 -40 740 1 0 0 0 1 0 0 0 1 3706.dat
1 14 30 -40 740 0 0 1 0 1 0 -1 0 0 59443.dat
1 1 50 -40 740 -1 0 0 0 1 0 0 0 -1 43093.dat
1 71 0 -40 740 0 0 -1 0 1 0 1 0 0 3713.dat
1 0 -20 -40 740 0 1 0 0 0 1 1 0 0 33299.dat
1 4 -60 0 740 0 -1 0 0 0 1 -1 0 0 32009.dat
1 71 -40 -40 740 0 0 -1 0 1 0 1 0 0 3713.dat
1 71 -100 -40 740 0 0 -1 1 0 0 0 -1 0 32014.dat
1 4 -100 -40 770 0 0 -1 0 1 0 1 0 0 32062.dat
1 4 -100 -40 780 0 0 -1 0 1 0 1 0 0 6536.dat
1 0 -110 -20 780 1 0 0 0 1 0 0 0 1 6628.dat
1 1 -50 0 660 -1 0 0 0 1 0 0 0 -1 43093.dat
1 0 -50 0 700 1 0 0 0 1 0 0 0 1 2780.dat
1 4 60 0 740 0 -1 0 0 0 1 -1 0 0 32009.dat
1 1 50 0 660 1 0 0 0 1 0 0 0 1 43093.dat
1 0 50 0 700 1 0 0 0 1 0 0 0 1 2780.dat
1 28 0 -60 578 0 0 1 0 1 0 -1 0 0 6587.dat
1 0 0 -60 560 1 0 0 0 1 0 0 0 1 32269.dat
1 71 0 -60 640 1 0 0 0 1 0 0 0 1 64178.dat
1 0 0 -60 600 1 0 0 0 1 0 0 0 1 32269.dat
1 72 60 -60 640 0 0 1 0 1 0 -1 0 0 92906.dat
1 72 -60 -60 640 0 0 -1 0 1 0 1 0 0 92906.dat
1 72 0 -60 640 0 0 -1 1 0 0 0 -1 0 62821.dat
1 19 17 -60 640 0 0 -1 1 0 0 0 -1 0 6589.dat
1 19 -17 -60 640 0 0 1 -1 0 0 0 -1 0 6589.dat
1 19 0 -60 657 0 -1 0 -1 0 0 0 0 -1 6589.dat
1 0 -140 -40 680 0 0 1 -1 0 0 0 -1 0 32294.dat
1 72 -60 -40 670 0 0 -1 0 1 0 1 0 0 87083.dat
1 71 -60 -40 680 0 1 0 0 0 1 1 0 0 63869.dat
1 1 -40 -60 700 0 1 0 -1 0 0 0 0 1 6558.dat
1 1 -40 -60 660 0 1 0 -1 0 0 0 0 1 6558.dat
1 71 -60 -60 660 0 0 1 0 1 0 -1 0 0 32184.dat
1 14 -60 -40 630 -1 0 0 0 1 0 0 0 -1 59443.dat
1 1 40 -60 660 0 1 0 -1 0 0 0 0 1 6558.dat
1 72 60 -40 670 0 0 -1 0 1 0 1 0 0 87083.dat
1 71 60 -40 680 0 -1 0 0 0 -1 1 0 0 63869.dat
1 1 40 -60 700 0 1 0 -1 0 0 0 0 1 6558.dat
1 71 60 -60 660 0 0 1 0 1 0 -1 0 0 32184.dat
1 14 60 -40 630 -1 0 0 0 1 0 0 0 -1 59443.dat
1 0 140 -40 680 0 0 -1 1 0 0 0 -1 0 32294.dat
1 71 -60 -80 680 0 1 0 0 0 1 1 0 0 63869.dat
1 71 60 -80 680 0 -1 0 0 0 -1 1 0 0 63869.dat
1 72 -60 -80 670 0 0 -1 0 1 0 1 0 0 87083.dat
1 0 -140 -80 680 0 0 1 -1 0 0 0 -1 0 32294.dat
1 72 60 -80 670 0 0 -1 0 1 0 1 0 0 87083.dat
1 0 140 -80 680 0 0 -1 1 0 0 0 -1 0 32294.dat
1 72 -60 -110 620 0 0 -1 1 0 0 0 -1 0 87083.dat
1 4 -60 -80 620 0 1 0 1 0 0 0 0 -1 32034.dat
1 0 -60 -100 620 0 0 1 0 -1 0 1 0 0 33299.dat
1 14 -60 -120 640 0 -1 0 1 0 0 0 0 1 32039.dat
1 71 -60 -120 650 0 0 1 0 1 0 -1 0 0 2736.dat
1 4 60 -80 620 0 1 0 1 0 0 0 0 -1 32034.dat
1 72 60 -110 620 0 0 -1 1 0 0 0 -1 0 87083.dat
1 0 60 -100 620 0 0 -1 0 -1 0 -1 0 0 33299.dat
1 14 60 -120 640 0 -1 0 1 0 0 0 0 1 32039.dat
1 71 60 -120 650 0 0 1 0 1 0 -1 0 0 2736.dat
1 71 -60 -40 600 0 1 0 0 0 1 1 0 0 63869.dat
1 1 -40 -60 580 0 1 0 -1 0 0 0 0 1 6558.dat
1 0 -40 -50 620 0 1 0 -1 0 0 0 0 1 2780.dat
1 0 40 -50 620 0 1 0 -1 0 0 0 0 1 2780.dat
1 71 60 -40 600 0 -1 0 0 0 -1 1 0 0 63869.dat
1 1 40 -60 580 0 1 0 -1 0 0 0 0 1 6558.dat
1 71 60 -80 580 0 0 1 0 1 0 -1 0 0 4519.dat
1 71 -60 -80 580 0 0 1 0 1 0 -1 0 0 4519.dat
1 0 -60 -40 590 0 0 1 0 1 0 -1 0 0 3705.dat
1 0 60 -40 590 0 0 1 0 1 0 -1 0 0 3705.dat
1 4 0 -80 580 0 0 1 0 1 0 -1 0 0 32316.dat
1 0 -200 -80 685 -1 0 0 0 0 1 0 1 0 6632.dat
1 71 -200 -40 640 0 0 1 0 1 0 -1 0 0 32073.dat
1 71 -200 -80 640 0 0 1 0 1 0 -1 0 0 32073.dat
1 71 -200 -20 670 1 0 0 0 0 -1 0 1 0 2825.dat
1 0 -200 -20 640 0 0 1 0 1 0 -1 0 0 3705.dat
1 71 200 -80 640 0 0 1 0 1 0 -1 0 0 32073.dat
1 0 200 -80 685 -1 0 0 0 0 1 0 1 0 6632.dat
1 71 200 -40 640 0 0 1 0 1 0 -1 0 0 32073.dat
1 71 200 -20 670 1 0 0 0 0 -1 0 1 0 2825.dat
1 0 200 -20 640 0 0 1 0 1 0 -1 0 0 3705.dat
1 71 200 -20 650 1 0 0 0 0 -1 0 1 0 60483.dat
1 71 -200 -20 650 1 0 0 0 0 -1 0 1 0 60483.dat
1 71 -200 -20 630 0 0 1 1 0 0 0 1 0 60483.dat
1 71 200 -20 630 0 0 -1 -1 0 0 0 1 0 60483.dat
1 0 180 -20 640 0 0 1 0 1 0 -1 0 0 6628.dat
1 0 -180 -20 640 0 0 1 0 1 0 -1 0 0 6628.dat
1 0 -60 -120 662 0.642938 0.049368 -0.764328 0.765894 -0.049367 0.641072 -0.006081 -0.998171 -0.069491 32293.dat
1 0 60 -120 662 0.649448 -0.059685 0.758062 -0.760406 -0.050975 0.647446 0 -0.997526 -0.078459 32293.dat
1 71 200 -40 630 1 0 0 0 1 0 0 0 1 3713.dat
1 71 -200 -40 630 1 0 0 0 1 0 0 0 1 3713.dat
1 71 -220 -60 680 0 0 -1 0 1 0 1 0 0 32184.dat
1 71 -220 -80 640 0 0 1 0 1 0 -1 0 0 32073.dat
1 71 -220 -40 640 0 0 1 0 1 0 -1 0 0 32073.dat
1 71 220 -40 640 0 0 1 0 1 0 -1 0 0 32073.dat
1 71 220 -60 680 0 0 -1 0 1 0 1 0 0 32184.dat
1 71 220 -80 640 0 0 1 0 1 0 -1 0 0 32073.dat
1 14 220 -80 655 1 0 0 0 1 0 0 0 1 32123.dat
1 14 220 -40 655 1 0 0 0 1 0 0 0 1 32123.dat
1 14 -220 -40 655 1 0 0 0 1 0 0 0 1 32123.dat
1 14 -220 -80 655 1 0 0 0 1 0 0 0 1 32123.dat
1 71 220 -60 640 0 0 -1 0 1 0 1 0 0 11950.dat
1 72 250 -60 640 0 0 -1 0 1 0 1 0 0 92909.dat
1 72 225 -60 640 0 0 -1 -1 0 0 0 1 0 32494.dat
1 0 140 -60 640 1 0 0 0 1 0 0 0 1 3706.dat
1 72 60 -60 640 0 0 1 0 1 0 -1 0 0 32494.dat
1 72 -60 -60 640 0 0 -1 0 1 0 1 0 0 32494.dat
1 0 -140 -60 640 -1 0 0 0 1 0 0 0 -1 3706.dat
1 72 -225 -60 640 0 0 1 -1 0 0 0 -1 0 32494.dat
1 71 -220 -60 640 0 0 1 0 1 0 -1 0 0 11950.dat
1 72 -250 -60 640 0 0 1 0 1 0 -1 0 0 92909.dat
1 14 -220 -80 625 1 0 0 0 1 0 0 0 1 32123.dat
1 14 -220 -40 625 1 0 0 0 1 0 0 0 1 32123.dat
1 14 220 -80 625 1 0 0 0 1 0 0 0 1 32123.dat
1 14 220 -40 625 1 0 0 0 1 0 0 0 1 32123.dat
1 0 -200 -80 640 0 0 -1 0 -1 0 -1 0 0 62462.dat
1 0 200 -80 640 0 0 -1 0 -1 0 -1 0 0 62462.dat
1 0 140 -80 600 0 0 -1 -1 0 0 0 1 0 32294.dat
1 0 140 -40 600 0 0 -1 -1 0 0 0 1 0 32294.dat
1 0 -140 -80 600 0 0 1 1 0 0 0 1 0 32294.dat
1 0 -140 -40 600 0 0 1 1 0 0 0 1 0 32294.dat
1 71 60 -60 560 0 0 1 0 1 0 -1 0 0 32184.dat
1 4 60 -60 560 -1 0 0 0 1 0 0 0 -1 32054.dat
1 4 -60 -60 560 1 0 0 0 1 0 0 0 1 32054.dat
1 71 -60 -60 560 0 0 -1 0 1 0 1 0 0 32184.dat
1 1 -40 -60 540 1 0 0 0 1 0 0 0 1 6558.dat
1 1 40 -60 540 -1 0 0 0 1 0 0 0 -1 6558.dat
1 71 -200 -20 610 -1 0 0 0 0 -1 0 -1 0 32006.dat
1 71 200 -20 610 -1 0 0 0 0 -1 0 -1 0 32006.dat
1 71 -220 -60 600 0 0 -1 0 1 0 1 0 0 32184.dat
1 71 220 -60 600 0 0 -1 0 1 0 1 0 0 32184.dat
1 0 200 -80 595 1 0 0 0 0 1 0 -1 0 6632.dat
1 0 -200 -80 595 1 0 0 0 0 1 0 -1 0 6632.dat
1 71 0 -150 500 -1 0 0 0 1 0 0 0 -1 32333.dat
1 1 20 -140 490 0 0 1 0 1 0 -1 0 0 4274.dat
1 1 -20 -140 490 0 0 1 0 1 0 -1 0 0 4274.dat
1 4 -44 -108 500 0 0 1 0 1 0 -1 0 0 32054.dat
1 71 -52.8008 -139.678 470 0.60189 0.798579 0 -0.798579 0.60189 0 0 0 1 32061.dat
1 0 -20 -140 450 0 0.798579 -0.60189 0 0.60189 0.798579 1 0 0 2780.dat
1 0 -44.0755 -108.057 450 0 0.798579 -0.60189 0 0.60189 0.798579 1 0 0 2780.dat
1 71 -52.8008 -139.678 430 0.60189 0.798579 0 -0.798579 0.60189 0 0 0 1 32061.dat
1 0 -20 -140 410 0 0.798579 -0.60189 0 0.60189 0.798579 1 0 0 2780.dat
1 0 -44.0756 -108.057 410 0 0.798579 -0.60189 0 0.60189 0.798579 1 0 0 2780.dat
1 71 -52.8009 -139.678 390 0.60189 0.798579 0 -0.798579 0.60189 0 0 0 1 32061.dat
1 0 -20 -140 370 0 0.798579 -0.60189 0 0.60189 0.798579 1 0 0 2780.dat
1 0 -44.0756 -108.057 370 0 0.798579 -0.60189 0 0.60189 0.798579 1 0 0 2780.dat
1 71 -52.8009 -139.678 350 0.60189 0.798579 0 -0.798579 0.60189 0 0 0 1 32061.dat
1 14 0 -100 470 1 0 0 0 -1 0 0 0 -1 2853.dat
1 71 -10 -100 470 -0.714511 0.699624 0 0.699624 0.714511 0 0 0 -1 2852.dat
1 71 -10 -100 470 0.473998 -0.880526 0 0.880526 0.473998 0 0 0 1 2852.dat
1 19 0 -100 450 1 0 0 0 -1 0 0 0 -1 2854.dat
1 4 10 -100 430 0 0 1 0 1 0 -1 0 0 32062.dat
1 71 10 -100 430 -0.473232 0.880938 0 0.880938 0.473232 0 0 0 -1 2852.dat
1 71 10 -100 430 0.712617 -0.701559 0 0.701559 0.712617 0 0 0 1 2852.dat
1 19 0 -100 410 1 0 0 0 1 0 0 0 1 2854.dat
1 71 -10 -100 390 -0.714511 0.699624 0 0.699624 0.714511 0 0 0 -1 2852.dat
1 71 -10 -100 390 0.473835 -0.880613 0 0.880613 0.473835 0 0 0 1 2852.dat
1 4 -10 -100 390 0 0 1 0 1 0 -1 0 0 32062.dat
1 19 0 -100 370 1 0 0 0 -1 0 0 0 -1 2854.dat
1 14 0 -100 350 -1 0 0 0 -1 0 0 0 1 2853.dat
1 71 10 -100 350 -0.472004 0.881596 0 0.881596 0.472004 0 0 0 -1 2852.dat
1 71 10 -100 350 0.714598 -0.699535 0 0.699535 0.714598 0 0 0 1 2852.dat
1 71 0 -100 530 0 0 1 0 1 0 -1 0 0 32073.dat
1 14 25.2211 -118.96 470 0.600121 -0.799909 0 0.799909 0.600121 0 0 0 1 2851.dat
1 14 38.0624 -128.505 430 0.600121 -0.799909 0 0.799909 0.600121 0 0 0 1 2851.dat
1 14 25.2245 -118.953 390 0.600121 -0.799909 0 0.799909 0.600121 0 0 0 1 2851.dat
1 14 37.9814 -128.584 350 0.600121 -0.799909 0 0.799909 0.600121 0 0 0 1 2851.dat
1 14 -25.2501 -118.913 350 -0.60189 0.798579 0 0.798579 0.60189 0 0 0 -1 2851.dat
1 14 -38.0184 -128.536 390 -0.60189 0.798579 0 0.798579 0.60189 0 0 0 -1 2851.dat
1 14 -25.2501 -118.913 430 -0.60189 0.798579 0 0.798579 0.60189 0 0 0 -1 2851.dat
1 14 -38.0184 -128.536 470 -0.60189 0.798579 0 0.798579 0.60189 0 0 0 -1 2851.dat
1 4 44 -108 500 0 0 1 0 1 0 -1 0 0 32054.dat
1 71 52.7952 -139.601 470 0.600121 -0.799909 0 0.799909 0.600121 0 0 0 1 32061.dat
1 0 19.9952 -139.996 450 0 -0.799909 -0.600121 0 0.600121 -0.799909 1 0 0 2780.dat
1 0 44 -108 450 0 -0.799909 -0.600121 0 0.600121 -0.799909 1 0 0 2780.dat
1 71 52.484 -140.016 430 0.600121 -0.799909 0 0.799909 0.600121 0 0 0 1 32061.dat
1 0 19.8499 -140.19 410 0 -0.799909 -0.600121 0 0.600121 -0.799909 1 0 0 2780.dat
1 0 43.8548 -108.194 410 0 -0.799909 -0.600121 0 0.600121 -0.799909 1 0 0 2780.dat
1 71 52.733 -139.684 390 0.600121 -0.799909 0 0.799909 0.600121 0 0 0 1 32061.dat
1 0 19.9744 -140.024 370 0 -0.799909 -0.600121 0 0.600121 -0.799909 1 0 0 2780.dat
1 0 43.9793 -108.028 370 0 -0.799909 -0.600121 0 0.600121 -0.799909 1 0 0 2780.dat
1 71 52.7952 -139.601 350 0.600121 -0.799909 0 0.799909 0.600121 0 0 0 1 32061.dat
1 0 -44.0756 -108.057 330 0 0 1 0 1 0 -1 0 0 2780.dat
1 0 -20 -140 330 0 0 1 0 1 0 -1 0 0 2780.dat
1 0 20.6927 -139.066 330 0 0 1 0 1 0 -1 0 0 2780.dat
1 0 44.6976 -107.07 330 0 0 1 0 1 0 -1 0 0 2780.dat
1 71 -0.0756 -150.057 320 -1 0 0 0 1 0 0 0 -1 32333.dat
1 4 0 -100 320 0 0 1 0 1 0 -1 0 0 32062.dat
1 0 -20.1762 -99.9237 310 0 0 1 0 1 0 -1 0 0 2780.dat
1 0 19.8238 -99.9237 310 0 0 1 0 1 0 -1 0 0 2780.dat
1 71 -0.0756 -80.0568 300 -1 0 0 0 -1 0 0 0 1 63869.dat
1 0 -0.1762 -139.924 300 0 -1 0 0 0 1 -1 0 0 87082.dat
1 71 -0.0756 -140.057 300 -1 0 0 0 1 0 0 0 -1 4519.dat
1 0 19.9244 -140.057 300 0 -1 0 -1 0 0 0 0 -1 32140.dat
1 0 -20.0756 -140.057 300 0 -1 0 -1 0 0 0 0 -1 32140.dat
1 71 0 -80 540 -1 0 0 0 1 0 0 0 -1 44294.dat
1 71 0 -80 540 -1 0 0 0 -1 0 0 0 1 63869.dat
1 71 -20 -80 540 0 1 0 0 0 1 1 0 0 60483.dat
1 71 20 -80 540 0 1 0 0 0 1 1 0 0 60483.dat
1 71 -40 -80 540 0 1 0 1 0 0 0 0 -1 60483.dat
1 71 40 -80 540 0 1 0 1 0 0 0 0 -1 60483.dat
1 0 50 -80 520 -1 0 0 0 1 0 0 0 -1 2780.dat
1 0 -50 -80 520 -1 0 0 0 1 0 0 0 -1 2780.dat
1 71 0 -100 520 0 1 0 1 0 0 0 0 -1 48989.dat
1 0 0 -100 560 -1 0 0 0 1 0 0 0 -1 32270.dat
1 4 60 -80 540 0 1 0 0 0 1 1 0 0 32526.dat
1 4 -60 -80 540 0 1 0 0 0 1 1 0 0 32526.dat
1 4 60 0 560 -1 0 0 0 1 0 0 0 -1 32054.dat
1 4 60 0 580 -1 0 0 0 1 0 0 0 -1 32054.dat
1 4 -60 0 580 1 0 0 0 1 0 0 0 1 32054.dat
1 4 -60 0 560 1 0 0 0 1 0 0 0 1 32054.dat
1 0 20 -120 620 -1 0 0 0 0 1 0 1 0 4254.dat
1 14 20.0591 -120.398 519.923 -1 0 0 0 0 1 0 1 0 4255.dat
1 494 20 -120 562 -1 0 0 0 0 1 0 1 0 22977.dat
1 1 20 -120 520 0 0 1 1 0 0 0 1 0 6558.dat
1 1 -20 -120 520 0 0 1 1 0 0 0 1 0 6558.dat
1 0 -20 -120 620 -1 0 0 0 0 1 0 1 0 4254.dat
1 494 -20 -120 562 -1 0 0 0 0 1 0 1 0 22977.dat
1 14 -20 -120 520 -1 0 0 0 0 1 0 1 0 4255.dat
1 1 40 -100 680 0 0 1 -1 0 0 0 -1 0 6558.dat
1 1 -40 -100 680 0 0 1 -1 0 0 0 -1 0 6558.dat
1 0 0 -100 680 0 0 1 0 1 0 -1 0 0 32524.dat
1 0 60 -110 680 0 0 1 1 0 0 0 1 0 2780.dat
1 0 -60 -110 680 0 0 1 1 0 0 0 1 0 2780.dat
1 71 0 -140 560 1 0 0 0 1 0 0 0 1 4519.dat
1 0 20 -140 540 1 0 0 0 0 1 0 -1 0 42003.dat
1 0 -20 -140 540 1 0 0 0 0 1 0 -1 0 42003.dat
1 0 0 -140 720 0 -1 0 1 0 0 0 0 1 32009.dat
1 71 0 -140 620 1 0 0 0 1 0 0 0 1 32073.dat
1 0 20 -140 620 0 -1 0 1 0 0 0 0 1 33299.dat
1 0 -20 -140 620 0 1 0 1 0 0 0 0 -1 33299.dat
1 0 -60 -140 620 0 0 -1 -1 0 0 0 1 0 32013.dat
1 0 60 -140 620 0 0 1 1 0 0 0 1 0 32013.dat
1 1 0 -80 720 -1 0 0 0 1 0 0 0 -1 6558.dat
1 0 20 -70 720 0 -1 0 0 0 1 -1 0 0 43857.dat
1 0 -20 -70 720 0 -1 0 0 0 1 -1 0 0 43857.dat
1 71 0 -60 720 1 0 0 0 1 0 0 0 1 32073.dat
1 4 60 -60 740 -1 0 0 0 1 0 0 0 -1 32054.dat
1 4 -60 -60 740 1 0 0 0 1 0 0 0 1 32054.dat
1 71 0 -80 300 1 0 0 0 1 0 0 0 1 44294.dat
1 71 0 -160.295 239.41 1 0 0 0 1 0 0 0 1 32073.dat
1 4 60 -80 380 0 -1 0 -1 0 0 0 0 -1 32278.dat
1 4 -60 -80 380 0 -1 0 -1 0 0 0 0 -1 32278.dat
1 1 40 -140.295 239.484 -1 0 0 0 1 0 0 0 -1 6558.dat
1 1 -40 -140.295 239.484 1 0 0 0 1 0 0 0 1 6558.dat
1 71 0 -100 -280 0 1 0 -1 0 0 0 0 1 64179.dat
1 1 0 -120 -220 0 0 1 0 1 0 -1 0 0 6558.dat
1 4 0 -80 -220 0 0 1 0 1 0 -1 0 0 32054.dat
1 0 0 -100 -270 0 0 1 0 1 0 -1 0 0 3708.dat
1 0 0 -100 -320 -1 0 0 0 1 0 0 0 -1 32270.dat
1 0 0 -80 -320 -1 0 0 0 1 0 0 0 -1 87761.dat
1 0 0 -80 -280 -1 0 0 0 0 -1 0 -1 0 60484.dat
1 1 0 -120 -280 0 0 1 0 1 0 -1 0 0 6558.dat
1 1 0 -80 -280 0 0 1 0 1 0 -1 0 0 6558.dat
1 0 0 -90 -300 1 0 0 0 0 1 0 -1 0 43857.dat
1 0 20 -120 -290 0 0 1 0 1 0 -1 0 0 2780.dat
1 0 -20 -120 -290 0 0 1 0 1 0 -1 0 0 2780.dat
1 0 0 -120 -300 0 0 1 -1 0 0 0 -1 0 32524.dat
1 0 0 -120 -250 0 0 1 0 1 0 -1 0 0 62462.dat
1 0 0 -80 -250 0 0 1 0 1 0 -1 0 0 62462.dat
1 1 0 -60 -220 -1 0 0 0 1 0 0 0 -1 6558.dat
1 1 0 -60 -340 -1 0 0 0 1 0 0 0 -1 6558.dat
1 1 0 -80 -190 0 0 1 0 1 0 -1 0 0 43093.dat
1 0 0 -80 -380 1 0 0 0 0 1 0 -1 0 32524.dat
1 0 0 -20 -370 0 1 0 0 0 1 1 0 0 2780.dat
1 0 0 -60 -370 0 1 0 0 0 1 1 0 0 2780.dat
1 0 0 -140 -370 0 1 0 0 0 1 1 0 0 2780.dat
1 1 0 -120 -360 0 1 0 0 0 1 1 0 0 6558.dat
1 0 0 -140 -360 1 0 0 0 0 1 0 -1 0 60484.dat
1 0 0 -60 -360 1 0 0 0 0 1 0 -1 0 60484.dat
1 0 0 -80 -360 0 1 0 0 0 1 1 0 0 87082.dat
1 19 20 -20 -340 0 0 1 0 1 0 -1 0 0 32556.dat
1 0 100 -20 -320 0 0 -1 -1 0 0 0 1 0 32294.dat
1 19 -20 -20 -340 0 0 1 0 1 0 -1 0 0 32556.dat
1 0 -100 -20 -320 0 0 1 1 0 0 0 1 0 32294.dat
1 71 0 -20 -280 0 0 1 -1 0 0 0 -1 0 32523.dat
1 1 -20 -20 -280 0 0 1 0 1 0 -1 0 0 6558.dat
1 1 20 -20 -280 0 0 1 0 1 0 -1 0 0 6558.dat
1 0 20 -20 -310 0 0 1 0 1 0 -1 0 0 62462.dat
1 0 -20 -20 -310 0 0 1 0 1 0 -1 0 0 62462.dat
1 0 -20 -20 -250 0 0 1 0 1 0 -1 0 0 62462.dat
1 0 20 -20 -250 0 0 1 0 1 0 -1 0 0 62462.dat
1 19 -20 -20 -220 0 0 -1 0 1 0 1 0 0 32556.dat
1 19 20 -20 -220 0 0 -1 0 1 0 1 0 0 32556.dat
1 72 180 -20 -270 0 0 1 0 1 0 -1 0 0 87083.dat
1 14 180 -20 -295 1 0 0 0 1 0 0 0 1 32123.dat
1 72 -180 -20 -270 0 0 1 0 1 0 -1 0 0 87083.dat
1 14 -180 -20 -295 1 0 0 0 1 0 0 0 1 32123.dat
1 0 200 -20 -280 0 1 0 0 0 1 1 0 0 42003.dat
1 71 220 -30 -280 0 1 0 1 0 0 0 0 -1 3673.dat
1 0 200 -30 -280 0 1 0 1 0 0 0 0 -1 6628.dat
1 0 -200 -20 -280 0 -1 0 0 0 1 -1 0 0 42003.dat
1 0 -200 -30 -280 0 -1 0 1 0 0 0 0 1 6628.dat
1 71 -220 -30 -280 0 -1 0 1 0 0 0 0 1 3673.dat
1 4 20 -60 -380 0 1 0 -1 0 0 0 0 1 32525.dat
1 0 30 -60 -280 1 0 0 0 1 0 0 0 1 2780.dat
1 71 40 -60 -300 0 -1 0 1 0 0 0 0 1 60483.dat
1 1 30 -60 -320 1 0 0 0 1 0 0 0 1 4274.dat
1 1 0 -60 -400 -1 0 0 0 1 0 0 0 -1 6558.dat
1 4 0 -100 -400 0 1 0 0 0 -1 -1 0 0 32316.dat
1 1 0 -140 -400 -1 0 0 0 1 0 0 0 -1 6558.dat
1 71 0 -60 -460 1 0 0 0 1 0 0 0 1 4519.dat
1 4 0 -60 -460 0 1 0 1 0 0 0 0 -1 32140.dat
1 1 0 -60 -480 -1 0 0 0 1 0 0 0 -1 6558.dat
1 4 -20 -60 -380 0 1 0 -1 0 0 0 0 1 32525.dat
1 0 -30 -60 -280 1 0 0 0 1 0 0 0 1 2780.dat
1 71 -40 -60 -300 0 -1 0 1 0 0 0 0 1 60483.dat
1 1 -30 -60 -320 -1 0 0 0 1 0 0 0 -1 4274.dat
1 71 0 -60 -300 -1 0 0 0 1 0 0 0 -1 44294.dat
1 0 -60 -70 -320 0 -1 0 -1 0 0 0 0 -1 6628.dat
1 0 60 -70 -320 0 -1 0 -1 0 0 0 0 -1 6628.dat
1 0 -60 -85 -260 0 0 1 0 1 0 -1 0 0 32056.dat
1 71 -60 -90 -300 0 0 1 1 0 0 0 1 0 2736.dat
1 0 -60 -75 -260 0 0 1 0 1 0 -1 0 0 32056.dat
1 0 -40 -90 -260 0 0 1 -1 0 0 0 -1 0 2780.dat
1 15 -40 -100 -260 0 0 1 0 1 0 -1 0 0 32523.dat
1 72 -20 -90 -260 0 0 1 -1 0 0 0 -1 0 87083.dat
1 0 -20 -120 -160 1 0 0 0 0 -1 0 1 0 4254.dat
1 14 -20 -120 -260 1 0 0 0 0 -1 0 1 0 4255.dat
1 494 -20 -120 -218 1 0 0 0 0 -1 0 1 0 22977.dat
1 71 -20 -60 -260 -1 0 0 0 0 -1 0 -1 0 3713.dat
1 72 -60 -90 -260 0 0 -1 1 0 0 0 -1 0 87083.dat
1 4 -60 -60 -280 1 0 0 0 0 -1 0 1 0 42003.dat
1 0 -60 -102 -300 0.112646 0.382683 -0.916993 -0.046659 0.923878 0.379831 0.993152 0 0.121869 32293.dat
1 4 60 -60 -280 1 0 0 0 0 -1 0 1 0 42003.dat
1 0 60 -85 -260 0 0 -1 0 -1 0 -1 0 0 32056.dat
1 71 60 -90 -300 0 0 1 1 0 0 0 1 0 2736.dat
1 0 60 -75 -260 0 0 -1 0 -1 0 -1 0 0 32056.dat
1 0 40 -90 -260 0 1 0 -1 0 0 0 0 1 2780.dat
1 71 20 -60 -260 -1 0 0 0 0 -1 0 -1 0 3713.dat
1 72 20 -90 -260 0 0 1 -1 0 0 0 -1 0 87083.dat
1 72 60 -90 -260 0 0 -1 1 0 0 0 -1 0 87083.dat
1 0 60 -102 -300 0.104635 -0.382683 0.917941 0.043341 0.923879 0.380223 -0.994178 0 0.113203 32293.dat
1 15 40 -100 -260 0 0 -1 0 1 0 1 0 0 32523.dat
1 14 20 -120 -260 1 0 0 0 0 -1 0 1 0 4255.dat
1 0 20 -120 -160 1 0 0 0 0 -1 0 1 0 4254.dat
1 494 20 -120 -218 1 0 0 0 0 -1 0 1 0 22977.dat
1 72 250 -60 -280 0 0 -1 0 1 0 1 0 0 92909.dat
1 71 220 -60 -280 0 0 -1 0 -1 0 -1 0 0 11949.dat
1 71 -220 -60 -280 0 0 1 0 -1 0 1 0 0 11949.dat
1 72 -250 -60 -280 0 0 1 0 1 0 -1 0 0 92909.dat
1 0 220 -60 -320 0 0 -1 0 -1 0 -1 0 0 32293.dat
1 0 -60 -60 -320 0 0 -1 0 -1 0 -1 0 0 32293.dat
1 0 -100 -100 -320 0 0 1 1 0 0 0 1 0 32294.dat
1 71 -20 -100 -350 0 0 1 0 1 0 -1 0 0 3673.dat
1 72 -180 -100 -270 0 0 1 0 1 0 -1 0 0 87083.dat
1 14 -180 -100 -295 1 0 0 0 1 0 0 0 1 32123.dat
1 0 -200 -100 -280 0 -1 0 0 0 -1 1 0 0 42003.dat
1 71 -220 -90 -280 0 0 -1 1 0 0 0 -1 0 3673.dat
1 0 -200 -90 -280 0 0 -1 1 0 0 0 -1 0 2780.dat
1 0 -200 -70 -280 0 0 -1 1 0 0 0 -1 0 62462.dat
1 71 20 -100 -350 0 0 1 0 1 0 -1 0 0 3673.dat
1 0 100 -100 -320 0 0 -1 -1 0 0 0 1 0 32294.dat
1 72 180 -100 -270 0 0 1 0 1 0 -1 0 0 87083.dat
1 14 180 -100 -295 1 0 0 0 1 0 0 0 1 32123.dat
1 0 200 -100 -280 0 1 0 0 0 -1 -1 0 0 42003.dat
1 0 200 -90 -280 0 0 1 1 0 0 0 1 0 2780.dat
1 71 220 -90 -280 0 0 1 1 0 0 0 1 0 3673.dat
1 0 200 -70 -280 0 0 1 1 0 0 0 1 0 62462.dat
1 0 180 -60 -265 1 0 0 0 0 1 0 -1 0 u9269.dat
1 0 -180 -60 -265 1 0 0 0 0 1 0 -1 0 u9269.dat
1 0 0 -140 -200 1 0 0 0 0 1 0 -1 0 60484.dat
1 71 -20 -100 -210 0 0 -1 0 1 0 1 0 0 3673.dat
1 71 20 -100 -210 0 0 -1 0 1 0 1 0 0 3673.dat
1 0 100 -100 -240 0 0 -1 1 0 0 0 -1 0 32294.dat
1 0 -100 -100 -240 0 0 1 -1 0 0 0 -1 0 32294.dat
1 0 100 -20 -240 0 0 -1 1 0 0 0 -1 0 32294.dat
1 0 -100 -20 -240 0 0 1 -1 0 0 0 -1 0 32294.dat
1 0 180 -60 -245 -1 0 0 0 0 -1 0 -1 0 u9269.dat
1 0 180 -60 -235 -1 0 0 0 0 -1 0 -1 0 u9269.dat
1 0 -180 -60 -245 -1 0 0 0 0 -1 0 -1 0 u9269.dat
1 0 -180 -60 -235 -1 0 0 0 0 -1 0 -1 0 u9269.dat
1 0 0 -80 -180 1 0 0 0 0 1 0 -1 0 32524.dat
1 0 0 -140 -190 0 0 -1 0 1 0 1 0 0 2780.dat
1 0 0 -20 -190 0 0 -1 0 1 0 1 0 0 2780.dat
1 0 0 -60 -190 0 0 -1 0 1 0 1 0 0 2780.dat
1 0 0 -60 -200 1 0 0 0 0 1 0 -1 0 60484.dat
1 14 0 -100 -150 -1 0 0 0 1 0 0 0 -1 59443.dat
1 71 0 -100 -20 0 1 0 -1 0 0 0 0 1 64179.dat
1 0 0 -120 -70 0 0 1 0 1 0 -1 0 0 2780.dat
1 0 0 -80 -70 0 0 1 0 1 0 -1 0 0 2780.dat
1 71 0 -100 -60 1 0 0 0 0 1 0 -1 0 32523.dat
1 71 0 -100 20 1 0 0 0 0 1 0 -1 0 32523.dat
1 1 0 -120 40 0 0 -1 0 1 0 1 0 0 6558.dat
1 1 0 -80 40 0 0 -1 0 1 0 1 0 0 6558.dat
1 71 0 -100 60 1 0 0 0 0 1 0 -1 0 32523.dat
1 72 0 -68 -20 0 0 -1 1 0 0 0 -1 0 87083.dat
1 71 0 -40 -20 -1 0 0 0 0 -1 0 -1 0 3713.dat
1 19 0 -73 -20 -1 0 0 0 0 -1 0 -1 0 6589.dat
1 14 0 -85 -20 -1 0 0 0 0 -1 0 -1 0 32123.dat
1 14 0 -110 -20 1 0 0 0 0 -1 0 1 0 59443.dat
1 0 0 -100 -70 0 0 1 0 1 0 -1 0 0 3705.dat
1 14 0 -100 -110 -1 0 0 0 1 0 0 0 -1 59443.dat
1 4 0 -100 -130 0 0 1 0 1 0 -1 0 0 32062.dat
1 0 0 -100 -40 1 0 0 0 1 0 0 0 1 32269.dat
1 0 0 -100 50 0 0 1 0 1 0 -1 0 0 3706.dat
1 0 0 -100 0 1 0 0 0 1 0 0 0 1 32269.dat
1 71 0 -100 80 -1 0 0 0 1 0 0 0 -1 3713.dat
1 71 0 -140 -20 0 -1 0 1 0 0 0 0 1 4519.dat
1 0 0 -160 -20 0 -1 0 0 0 1 -1 0 0 32270.dat
1 1 0 -60 40 -1 0 0 0 1 0 0 0 -1 6558.dat
1 1 0 -60 -80 -1 0 0 0 1 0 0 0 -1 6558.dat
1 1 0 -140 -80 -1 0 0 0 1 0 0 0 -1 6558.dat
1 15 40 -140 -200 0 1 0 -1 0 0 0 0 1 32278.dat
1 0 30 -140 -60 1 0 0 0 1 0 0 0 1 2780.dat
1 0 30 -140 -120 1 0 0 0 1 0 0 0 1 2780.dat
1 0 50 -140 -300 1 0 0 0 1 0 0 0 1 2780.dat
1 0 30 -140 -240 1 0 0 0 1 0 0 0 1 2780.dat
1 1 40 -140 -340 -1 0 0 0 1 0 0 0 -1 6558.dat
1 15 20 -140 -40 0 1 0 -1 0 0 0 0 1 40490.dat
1 15 20 -140 -320 0 1 0 -1 0 0 0 0 1 32525.dat
1 1 0 -140 -220 -1 0 0 0 1 0 0 0 -1 6558.dat
1 1 0 -140 -300 -1 0 0 0 1 0 0 0 -1 6558.dat
1 15 -40 -140 -200 0 1 0 -1 0 0 0 0 1 32278.dat
1 0 -50 -140 -300 1 0 0 0 1 0 0 0 1 2780.dat
1 0 -30 -140 -240 1 0 0 0 1 0 0 0 1 2780.dat
1 0 -30 -140 -60 1 0 0 0 1 0 0 0 1 2780.dat
1 1 -20 -140 -120 1 0 0 0 1 0 0 0 1 6558.dat
1 1 -40 -140 -340 1 0 0 0 1 0 0 0 1 6558.dat
1 15 -20 -140 -40 0 1 0 -1 0 0 0 0 1 40490.dat
1 15 -20 -140 -320 0 1 0 -1 0 0 0 0 1 32525.dat
1 71 0 -140 -140 1 0 0 0 1 0 0 0 1 32073.dat
1 15 5 -140 -140 0 1 0 -1 0 0 0 0 1 6632.dat
1 15 -5 -140 -140 0 1 0 -1 0 0 0 0 1 6632.dat
1 71 0 -140 -100 1 0 0 0 1 0 0 0 1 32073.dat
1 4 -20 -140 -140 1 0 0 0 0 1 0 -1 0 6536.dat
1 4 20 -140 -140 1 0 0 0 0 1 0 -1 0 6536.dat
1 0 -30 -140 -360 1 0 0 0 1 0 0 0 1 2780.dat
1 15 -40 -140 -380 0 1 0 -1 0 0 0 0 1 32523.dat
1 0 -30 -140 -380 1 0 0 0 1 0 0 0 1 2780.dat
1 0 30 -140 -360 1 0 0 0 1 0 0 0 1 2780.dat
1 15 40 -140 -380 0 1 0 -1 0 0 0 0 1 32523.dat
1 0 30 -140 -380 1 0 0 0 1 0 0 0 1 2780.dat
1 71 -60 -120 -320 0 0 -1 0 -1 0 -1 0 0 63869.dat
1 71 -60 -120 -300 0 0 1 0 1 0 -1 0 0 4519.dat
1 71 60 -120 -320 0 0 -1 0 -1 0 -1 0 0 63869.dat
1 71 60 -120 -300 0 0 1 0 1 0 -1 0 0 4519.dat
1 0 60 -120 -260 0 -1 0 1 0 0 0 0 1 32013.dat
1 0 -60 -120 -260 0 -1 0 1 0 0 0 0 1 32013.dat
1 4 20 -120 -160 0 0 1 -1 0 0 0 -1 0 32054.dat
1 1 20 -90 -160 0 0 1 -1 0 0 0 -1 0 43093.dat
1 4 -20 -120 -160 0 0 1 -1 0 0 0 -1 0 32054.dat
1 1 -20 -90 -160 0 0 1 -1 0 0 0 -1 0 43093.dat
1 71 0 -80 -160 0 0 -1 0 1 0 1 0 0 32523.dat
1 0 0 -70 -160 0 0 -1 1 0 0 0 -1 0 2780.dat
1 0 0 -60 -160 -1 0 0 0 1 0 0 0 -1 87082.dat
1 4 -40 -60 40 0 1 0 -1 0 0 0 0 1 32316.dat
1 1 -40 -60 60 -1 0 0 0 1 0 0 0 -1 6558.dat
1 0 -30 -60 0 1 0 0 0 1 0 0 0 1 2780.dat
1 0 -50 -60 20 1 0 0 0 1 0 0 0 1 2780.dat
1 4 -20 -60 -80 0 1 0 -1 0 0 0 0 1 32278.dat
1 4 20 -60 -80 0 -1 0 -1 0 0 0 0 -1 32278.dat
1 1 40 -60 60 1 0 0 0 1 0 0 0 1 6558.dat
1 0 30 -60 0 -1 0 0 0 1 0 0 0 -1 2780.dat
1 4 40 -60 40 0 -1 0 -1 0 0 0 0 -1 32316.dat
1 0 50 -60 20 -1 0 0 0 1 0 0 0 -1 2780.dat
1 4 60 -60 160 0 -1 0 -1 0 0 0 0 -1 32278.dat
1 4 -60 -60 160 0 -1 0 -1 0 0 0 0 -1 32278.dat
1 0 0 -100 101 -1 0 0 0 1 0 0 0 -1 32138.dat
1 0 20 -100 101 0 -1 0 0 0 1 -1 0 0 43857.dat
1 0 -20 -100 101 0 -1 0 0 0 1 -1 0 0 43857.dat
1 71 0 -140 0 1 0 0 0 1 0 0 0 1 44294.dat
1 71 0 -140 40 1 0 0 0 1 0 0 0 1 60485.dat
1 15 35 -140 0 0 1 0 -1 0 0 0 0 1 6632.dat
1 15 45 -140 0 0 1 0 -1 0 0 0 0 1 6632.dat
1 15 -35 -140 0 0 1 0 -1 0 0 0 0 1 6632.dat
1 15 -45 -140 0 0 1 0 -1 0 0 0 0 1 6632.dat
1 1 40 -140 20 -1 0 0 0 1 0 0 0 -1 6558.dat
1 1 -40 -140 20 1 0 0 0 1 0 0 0 1 6558.dat
1 15 60 -140 120 0 1 0 -1 0 0 0 0 1 41239.dat
1 15 -60 -140 120 0 1 0 -1 0 0 0 0 1 41239.dat
1 15 60 -140 -20 1 0 0 0 -1 0 0 0 -1 64392.dat
1 0 40 -120 -30 0 0 -1 0 1 0 1 0 0 2780.dat
1 0 40 -100 -30 0 0 -1 0 1 0 1 0 0 2780.dat
1 0 40 -120 -40 -1 0 0 0 1 0 0 0 -1 42003.dat
1 0 30 -60 -40 1 0 0 0 1 0 0 0 1 2780.dat
1 1 30 -140 -40 1 0 0 0 1 0 0 0 1 43093.dat
1 15 -60 -140 -20 1 0 0 0 -1 0 0 0 -1 64682.dat
1 0 -40 -120 -30 0 0 1 0 1 0 -1 0 0 2780.dat
1 0 -40 -100 -30 0 0 1 0 1 0 -1 0 0 2780.dat
1 0 -30 -60 -40 -1 0 0 0 1 0 0 0 -1 2780.dat
1 0 -40 -120 -40 -1 0 0 0 1 0 0 0 -1 42003.dat
1 1 -30 -140 -40 -1 0 0 0 1 0 0 0 -1 43093.dat
1 71 80 -100 440 0 0 -1 0 1 0 1 0 0 63869.dat
1 0 70 -80 420 1 0 0 0 1 0 0 0 1 2780.dat
1 0 70 -80 460 1 0 0 0 1 0 0 0 1 2780.dat
1 0 -70 -80 460 -1 0 0 0 1 0 0 0 -1 2780.dat
1 71 -80 -100 440 0 0 1 0 1 0 -1 0 0 63869.dat
1 0 -70 -80 420 -1 0 0 0 1 0 0 0 -1 2780.dat
1 0 80 -100 450 0 0 -1 0 1 0 1 0 0 3706.dat
1 71 80 -100 460 -1 0 0 0 1 0 0 0 -1 3713.dat
1 71 80 -100 480 -1 0 0 0 1 0 0 0 -1 3713.dat
1 71 80 -100 520 1 0 0 0 1 0 0 0 1 32016.dat
1 1 80 -111.48 547.716 0 0 1 0.38268 0.923881 0 -0.92388 0.38268 0 43093.dat
1 71 80 -119.134 566.194 0 1 0 0.38268 0 -0.923881 -0.92388 0 -0.38268 62462.dat
1 0 -80 -100 450 0 0 -1 0 1 0 1 0 0 3706.dat
1 71 -80 -100 460 -1 0 0 0 1 0 0 0 -1 3713.dat
1 71 -80 -100 480 -1 0 0 0 1 0 0 0 -1 3713.dat
1 71 -80 -100 520 1 0 0 0 1 0 0 0 1 32016.dat
1 1 -80 -111.48 547.716 0 0 1 0.38268 0.923881 0 -0.92388 0.38268 0 43093.dat
1 71 -80 -119.134 566.194 0 -1 0 0.38268 0 0.923881 -0.92388 0 0.38268 62462.dat
1 0 70 -80 400 1 0 0 0 1 0 0 0 1 2780.dat
1 0 -70 -80 400 1 0 0 0 1 0 0 0 1 2780.dat
1 80 72.4999 -59.9982 300.022 -0.0086 -1 0.0007 0 -0.0007 -1 1 -0.0086 0 79.dat
1 80 77.9994 -59.9923 300.119 -0.0286 0.9996 0.0015 0 0.0015 -1 0.9996 0.0286 0 80.dat
1 80 83.4989 -59.9852 300.338 -0.0534 0.9986 0.0005 0.0108 0.0011 -0.9999 0.9985 0.0534 0.0108 80.dat
1 80 88.9879 -59.9842 300.709 -0.0841 0.9965 -0.0028 0.0227 -0.0009 -0.9997 0.9962 0.0841 0.0225 80.dat
1 80 94.4624 -59.9989 301.267 -0.1221 0.9925 -0.0091 0.0355 -0.0048 -0.9994 0.9919 0.1223 0.0347 80.dat
1 80 99.9097 -60.0411 302.059 -0.1691 0.9854 -0.0193 0.0491 -0.0111 -0.9987 0.9844 0.1698 0.0465 80.dat
1 80 105.305 -60.1264 303.142 -0.2271 0.9732 -0.0346 0.063 -0.0207 -0.9978 0.9718 0.2288 0.0566 80.dat
1 80 110.616 -60.2748 304.585 -0.2984 0.9528 -0.0559 0.0767 -0.0344 -0.9965 0.9514 0.3016 0.0628 80.dat
1 80 115.778 -60.5107 306.466 -0.3845 0.9193 -0.0838 0.09 -0.053 -0.9945 0.9187 0.3899 0.0623 80.dat
1 80 120.708 -60.8633 308.871 -0.4849 0.8666 -0.1178 0.1028 -0.0772 -0.9917 0.8685 0.493 0.0517 80.dat
1 80 125.287 -61.3617 311.868 -0.5948 0.7888 -0.155 0.1163 -0.1064 -0.9875 0.7954 0.6054 0.0284 80.dat
1 80 129.372 -62.0273 315.477 -0.7032 0.6849 -0.1905 0.1314 -0.1382 -0.9817 0.6987 0.7154 -0.0072 80.dat
1 80 132.837 -62.8647 319.649 -0.7972 0.5627 -0.2188 0.1482 -0.1689 -0.9744 0.5853 0.8092 -0.0513 80.dat
1 80 135.62 -63.8609 324.279 -0.8682 0.4364 -0.2362 0.1648 -0.1953 -0.9668 0.468 0.8783 -0.0976 80.dat
1 80 137.728 -64.9873 329.223 -0.9162 0.3189 -0.2425 0.1789 -0.2161 -0.9599 0.3585 0.9228 -0.1409 80.dat
1 80 139.23 -66.2166 334.371 -0.9462 0.217 -0.24 0.1889 -0.2316 -0.9543 0.2627 0.9483 -0.1782 80.dat
1 80 140.212 -67.5201 339.621 -0.9639 0.132 -0.2314 0.1948 -0.2432 -0.9502 0.1817 0.961 -0.2087 80.dat
1 80 140.764 -68.8806 344.925 -0.9737 0.0621 -0.2193 0.1973 -0.2518 -0.9475 0.114 0.9658 -0.2329 80.dat
1 80 140.883 -70.2759 350.241 -0.9813 -0.0269 -0.1908 0.1913 -0.2557 -0.9476 0.0233 0.9664 -0.2561 80.dat
1 80 140.581 -71.6659 355.56 -0.9777 -0.0883 -0.1908 0.2071 -0.2483 -0.9463 -0.0362 0.9647 -0.261 80.dat
1 80 139.909 -73.0088 360.855 -0.9708 -0.1626 -0.1763 0.212 -0.2384 -0.9477 -0.1121 0.9574 -0.2659 80.dat
1 80 138.79 -74.2883 366.084 -0.9544 -0.2523 -0.1595 0.2182 -0.2253 -0.9495 -0.2036 0.9411 -0.2701 80.dat
1 80 137.135 -75.4861 371.193 -0.923 -0.3582 -0.1404 0.2254 -0.2078 -0.9519 -0.3118 0.9102 -0.2725 80.dat
1 80 134.864 -76.5733 376.079 -0.8705 -0.4774 -0.1191 0.2321 -0.1849 -0.955 -0.4339 0.859 -0.2717 80.dat
1 80 131.927 -77.52 380.615 -0.793 -0.6015 -0.0966 0.2357 -0.1568 -0.9591 -0.5617 0.7834 -0.2661 80.dat
1 80 128.328 -78.3045 384.682 -0.6932 -0.7169 -0.0744 0.2332 -0.1254 -0.9643 -0.682 0.6858 -0.2541 80.dat
1 80 124.147 -78.9166 388.182 -0.5816 -0.8117 -0.0543 0.2221 -0.0942 -0.9704 -0.7826 0.5764 -0.2351 80.dat
1 80 119.506 -79.3659 391.085 -0.4715 -0.881 -0.0381 0.2032 -0.0665 -0.9769 -0.8581 0.4684 -0.2104 80.dat
1 80 114.539 -79.676 393.421 -0.3728 -0.9275 -0.0264 0.1791 -0.044 -0.9828 -0.9105 0.3711 -0.1826 80.dat
1 80 109.352 -79.876 395.26 -0.2892 -0.9571 -0.0187 0.153 -0.0269 -0.9879 -0.945 0.2886 -0.1542 80.dat
1 80 104.036 -79.9935 396.679 -0.2208 -0.9752 -0.014 0.1274 -0.0146 -0.9917 -0.967 0.2207 -0.1275 80.dat
1 80 98.6381 -80.0525 397.757 -0.1655 -0.9861 -0.0113 0.1039 -0.0061 -0.9946 -0.9807 0.1658 -0.1034 80.dat
1 80 93.1975 -80.072 398.559 -0.1212 -0.9926 -0.0095 0.0829 -0.0005 -0.9966 -0.9892 0.1215 -0.0823 80.dat
