0 
0 Name: New Model.ldr
0 Author: 
1 16 355.4985 -92.832 -63.1557 -0.4995 0.026 0.866 0.052 0.999 0 -0.865134 0.045032 -0.5 3034.dat
1 16 355.2895 -100.822 -63.5177 -0.866 0.026 -0.4995 0 0.999 0.052 0.5 0.045032 -0.865134 3020.dat
1 16 380.255 -103.438 -20.2774 0.4995 0.026 -0.866 -0.052 0.999 0 0.865134 0.045032 0.5 3021.dat
1 16 340.31 -99.251 -89.4622 0.866 0.026 0.4995 0 0.999 -0.052 -0.5 0.045032 0.865134 3023.dat
1 16 325.3305 -97.681 -115.4067 0.866 0.026 0.4995 0 0.999 -0.052 -0.5 0.045032 0.865134 3068.dat
1 16 385.667 -87.984 -10.9038 0.866 0.026 0.4995 0 0.999 -0.052 -0.5 0.045032 0.865134 3022.dat
1 0 385.8765 -79.995 -10.541 0.866 0.026 0.4995 0 0.999 -0.052 -0.5 0.045032 0.865134 4600.dat
1 0 325.749 -81.703 -114.6818 0.866 0.026 0.4995 0 0.999 -0.052 -0.5 0.045032 0.865134 4600.dat
1 16 329.1 -108.811 -48.8805 -0.4995 0.026 0.866 0.052 0.999 0 -0.865134 0.045032 -0.5 3710.dat
1 16 381.06 -108.811 -78.8805 -0.4995 0.026 0.866 0.052 0.999 0 -0.865134 0.045032 -0.5 3710.dat
1 0 330.219 -102.199 -106.9398 0.866 -0.0085 0.5 0 1 0.017 -0.5 -0.014722 0.866 4518.dat
1 7 310.7455 -162.888 -140.6679 0.866 -0.0085 0.5 0 1 0.017 -0.5 -0.014722 0.866 4517.dat
1 16 336.434 -107.764 -76.1763 -0.4995 0.026 0.866 0.052 0.999 0 -0.865134 0.045032 -0.5 4276.dat
1 16 353.754 -107.764 -86.1763 -0.4995 0.026 0.866 0.052 0.999 0 -0.865134 0.045032 -0.5 4276.dat
1 16 384.8295 -119.94 -12.3544 -0.866 0.026 -0.4995 0 0.999 0.052 0.5 0.045032 -0.865134 3788.dat
1 16 313.4925 -131.208 -75.9127 0.866 0.026 0.4995 0 0.999 -0.052 -0.5 0.045032 0.865134 4070.dat
1 16 330.8125 -131.208 -85.9127 0.866 0.026 0.4995 0 0.999 -0.052 -0.5 0.045032 0.865134 4070.dat
1 16 348.1325 -131.208 -95.9127 0.866 0.026 0.4995 0 0.999 -0.052 -0.5 0.045032 0.865134 4070.dat
1 16 365.4525 -131.208 -105.9127 0.866 0.026 0.4995 0 0.999 -0.052 -0.5 0.045032 0.865134 4070.dat
1 15 379.8365 -119.416 -21.0023 0.866 0.026 0.4995 0 0.999 -0.052 -0.5 0.045032 0.865134 3023.dat
1 16 389.823 -120.463 -3.7057 -0.866 0.026 -0.4995 0 0.999 0.052 0.5 0.045032 -0.865134 2436.dat
1 16 379.2085 -143.383 -22.09 -0.866 0.026 -0.4995 0 0.999 0.052 0.5 0.045032 -0.865134 3010.dat
1 16 375.439 -132.254 -88.6161 0.866 0.026 0.4995 0 0.999 -0.052 -0.5 0.045032 0.865134 3822.dat
1 16 323.479 -132.254 -58.6161 0.866 0.026 0.4995 0 0.999 -0.052 -0.5 0.045032 0.865134 3821.dat
1 16 392.4095 -111.628 20.7733 0.026 -0.4995 -0.866 0.999 0.052 0 0.045032 -0.865134 0.5 2420.dat
1 16 409.7295 -111.628 10.7733 0.866 -0.4995 0.026 0 0.052 0.999 -0.5 -0.865134 0.045032 2420.dat
1 16 332.744 -120.489 -102.5665 -0.866 0.4995 0.026 0 -0.052 0.999 0.5 0.865134 0.045032 3666.dat
1 7 349.8775 -116.276 -72.8913 0.866 0.026 0.4995 0 0.999 -0.052 -0.5 0.045032 0.865134 3829.dat
1 41 348.203 -180.189 -75.7915 0.866 0.026 0.4995 0 0.999 -0.052 -0.5 0.045032 0.865134 3823.dat
1 15 322.0135 -188.178 -61.1544 -0.4995 0.026 0.866 0.052 0.999 0 -0.865134 0.045032 -0.5 4081.dat
1 15 373.9735 -188.178 -91.1544 0.4995 0.026 -0.866 -0.052 0.999 0 0.865134 0.045032 0.5 4081.dat
1 16 397.855 -144.43 -9.7934 0.4995 0.026 -0.866 -0.052 0.999 0 0.865134 0.045032 0.5 3046.dat
1 16 380.535 -144.43 0.2066 -0.866 0.026 -0.4995 0 0.999 0.052 0.5 0.045032 -0.865134 3046.dat
1 0 405.064 -112.047 22.6918 0.866 -0.4995 0.026 0 0.052 0.999 -0.5 -0.865134 0.045032 2412.dat
1 36 379.084 -112.047 37.6918 0.866 -0.4995 0.026 0 0.052 0.999 -0.5 -0.865134 0.045032 6141.dat
1 36 431.044 -112.047 7.6918 0.866 -0.4995 0.026 0 0.052 0.999 -0.5 -0.865134 0.045032 6141.dat
1 15 405.587 -92.074 23.5976 0.866 -0.4995 0.026 0 0.052 0.999 -0.5 -0.865134 0.045032 2431.dat
1 15 294.1095 -120.07 -89.485 -0.866 0.4995 0.026 0 -0.052 0.999 0.5 0.865134 0.045032 3069.dat
1 0 328.7495 -120.07 -109.485 -0.866 0.4995 0.026 0 -0.052 0.999 0.5 0.865134 0.045032 2412.dat
1 15 363.3895 -120.07 -129.485 -0.866 0.4995 0.026 0 -0.052 0.999 0.5 0.865134 0.045032 3069.dat
1 15 377.9525 -191.318 -24.2654 0.866 0.026 0.4995 0 0.999 -0.052 -0.5 0.045032 0.865134 4214.dat
1 15 362.7635 -197.737 -50.5727 0.866 0.026 0.4995 0 0.999 -0.052 -0.5 0.045032 0.865134 2349.dat
1 41 355.3785 -192.957 -63.3635 0.866 0.026 0.4995 0 0.999 -0.052 -0.5 0.045032 0.865134 2348.dat
1 15 347.9935 -188.178 -76.1544 0.866 0.026 0.4995 0 0.999 -0.052 -0.5 0.045032 0.865134 3023.dat
1 15 360.001 -76 4.64 -0.4995 0.026 0.866 0.052 0.999 0 -0.865134 0.045032 -0.5 6014.dat
1 0 355.671 -76 7.14 -0.4995 0.026 0.866 0.052 0.999 0 -0.865134 0.045032 -0.5 6015.dat
1 15 411.961 -76 -25.36 0.4995 0.026 -0.866 -0.052 0.999 0 0.865134 0.045032 0.5 6014.dat
1 0 416.2919 -76 -27.8605 0.4995 0.026 -0.866 -0.052 0.999 0 0.865134 0.045032 0.5 6015.dat
1 15 299.874 -77.709 -99.5 -0.4995 0.026 0.866 0.052 0.999 0 -0.865134 0.045032 -0.5 6014.dat
1 0 295.544 -77.709 -97 -0.4995 0.026 0.866 0.052 0.999 0 -0.865134 0.045032 -0.5 6015.dat
1 15 351.834 -77.709 -129.5 0.4995 0.026 -0.866 -0.052 0.999 0 0.865134 0.045032 0.5 6014.dat
1 0 356.1649 -77.709 -132.0005 0.4995 0.026 -0.866 -0.052 0.999 0 0.865134 0.045032 0.5 6015.dat
1 46 298.281 -184.501 -62.2608 -0.026 0.4995 -0.866 -0.999 -0.052 0 -0.045032 0.865134 0.5 6141.dat
1 46 384.881 -184.501 -112.2608 -0.026 0.4995 -0.866 -0.999 -0.052 0 -0.045032 0.865134 0.5 6141.dat
