0 Main
0 Name: 42079-1 - Heavy-Duty Forklift.mpd
0 Author: LTRON
1 71 0 0 20 -1 0 0 0 1 0 0 0 -1 44294.dat
1 14 0 20 20 -1 0 0 0 1 0 0 0 -1 42003.dat
1 71 15 20 20 0 -1 0 0 0 -1 1 0 0 41677.dat
1 71 25 20 20 0 -1 0 0 0 -1 1 0 0 41677.dat
1 71 -15 20 20 0 -1 0 0 0 -1 1 0 0 41677.dat
1 71 -25 20 20 0 -1 0 0 0 -1 1 0 0 41677.dat
1 71 -40 20 20 1 0 0 0 0 -1 0 1 0 4519.dat
1 71 40 20 20 1 0 0 0 0 -1 0 1 0 4519.dat
1 0 40 20 20 0 1 0 1 0 0 0 0 -1 32140.dat
1 0 60 20 20 0 1 0 0 0 1 1 0 0 32140.dat
1 0 60 20 -40 0 1 0 0 0 1 1 0 0 32140.dat
1 0 50 40 -40 1 0 0 0 1 0 0 0 1 2780.dat
1 1 50 20 -40 1 0 0 0 0 -1 0 1 0 43093.dat
1 0 20 -123.6099 -34.7722 0 1 0 0.234896 0 0.973227 0.973227 0 -0.234896 6629.dat
1 1 30 20.0418 -20.0398 -1 0 0 0 -0.771853 -0.637644 0 -0.637644 0.771853 43093.dat
1 71 0 19.9977 -20.0282 -1 0 0 0 0.637644 -0.771853 0 -0.771853 -0.637644 62520.dat
1 71 0 19.9977 -20.0282 0 1 0 -1.000501 0 0 0 0 1.000501 62520.dat
1 71 0 19.9977 -20.0282 -1 0 0 0 1.000501 0 0 0 -1.000501 62519.dat
1 4 0 -3.1545 -39.1155 0 0 -1 0.771853 0.637644 0 0.637644 -0.771853 0 32062.dat
1 71 0 -26.3098 -58.2723 1 0 0 0 0.637644 0.771853 0 -0.771853 0.637644 62520.dat
1 71 0 -26.3098 -58.2723 0 -1 0 0.234896 0 -0.973227 0.973227 0 0.234896 62520.dat
1 71 0 -26.3098 -58.2723 1 0 0 0 -0.234722 0.972242 0 -0.972242 -0.234722 62519.dat
1 71 0 -65.2628 -48.8448 0 0 1 -0.973227 -0.234896 0 0.234896 -0.973227 0 4519.dat
1 71 0 -65.23 -48.8719 -1 0 0 0 0.973227 -0.234896 0 -0.234896 -0.973227 87082.dat
1 0 0 -94.4202 -41.8221 0 1 0 -0.234896 0 -0.973227 -0.973227 0 0.234896 59443.dat
1 19 0 20 30 0 0 1 0 1 0 -1 0 0 99008.dat
1 72 0 20 40 -1 0 0 0 1 0 0 0 -1 10928.dat
1 72 0 -123.61 -34.772 -1 0 0 0 0.973 -0.235 0 -0.235 -0.973 27940.dat
1 14 0 -143.07 -30.072 0 1 0 0.973 0 -0.235 -0.235 0 -0.973 32073.dat
1 0 0 -191.72 -18.322 1 0 0 0 -0.235 0.973 0 -0.973 -0.235 59443.dat
1 0 -20 -123.61 -34.772 0 1 0 0.235 0 0.973 0.973 0 -0.235 6629.dat
1 1 -30 19.998 -20.028 1 0 0 0 0.771 -0.638 0 0.638 0.771 43093.dat
1 0 -40 20 20 0 1 0 1 0 0 0 0 -1 32140.dat
1 0 -60 20 -40 0 1 0 0 0 1 1 0 0 32140.dat
1 0 -50 40 -40 -1 0 0 0 1 0 0 0 -1 2780.dat
1 1 -50 20 -40 -1 0 0 0 0 -1 0 -1 0 43093.dat
1 0 -60 20 20 0 1 0 0 0 1 1 0 0 32140.dat
1 72 -40 0 20 0 1 0 -1 0 0 0 0 1 60483.dat
1 72 40 0 20 0 1 0 -1 0 0 0 0 1 60483.dat
1 0 -30 -45.777 -53.576 -1 0 0 0 -0.235 -0.973 0 -0.973 0.235 2780.dat
1 0 -30 -26.31 -58.272 -1 0 0 0 -0.235 -0.973 0 -0.973 0.235 2780.dat
1 0 30 -26.31 -58.272 -1 0 0 0 -0.235 -0.973 0 -0.973 0.235 2780.dat
1 0 30 -45.77 -53.572 -1 0 0 0 -0.235 -0.973 0 -0.973 0.235 2780.dat
1 72 -40 32.093 -72.356 0 -1 0 0.235 0 -0.973 0.973 0 0.235 32526.dat
1 72 40 32.07 -72.372 0 -1 0 0.235 0 -0.973 0.973 0 0.235 32526.dat
1 1 -60 80 40 1 0 0 0 0 -1 0 1 0 6558.dat
1 1 -60 80 -40 1 0 0 0 0 -1 0 1 0 6558.dat
1 1 60 80 40 -1 0 0 0 0 -1 0 -1 0 6558.dat
1 1 60 80 -40 -1 0 0 0 0 -1 0 -1 0 6558.dat
1 4 0 80 170 0 0 1 0 -1 0 1 0 0 3707.dat
1 0 0 80 90 -1 0 0 0 -1 0 0 0 1 59443.dat
1 71 0 80 60 0 0 -1 0 -1 0 -1 0 0 4519.dat
1 0 0 80 0 1 0 0 0 -1 0 0 0 -1 64179.dat
1 19 0 80 40 1 0 0 0 -1 0 0 0 -1 18575.dat
1 72 0 79.998 0.004 0 0 1 -0.33 0.944 0 -0.944 -0.33 0 62821.dat
1 19 -17 79.998 0.004 0 0 1 -0.33 0.944 0 -0.944 -0.33 0 6589.dat
1 19 17 79.998 0.004 0 0 -1 0.33 0.944 0 0.944 -0.33 0 6589.dat
1 19 0 63.95 5.614 -0.259 0.966 0 0.31878 0.08547 0.944 0.911904 0.244496 -0.33 6589.dat
1 71 80 80 0 1 0 0 0 -0.944 -0.33 0 0.33 -0.944 44294.dat
1 71 -80 80 0 1 0 0 0 -0.944 -0.33 0 0.33 -0.944 44294.dat
1 14 55 80 0 0 0 1 0.33 -0.944 0 0.944 0.33 0 32123.dat
1 14 65 80 0 0 0 1 0.33 -0.944 0 0.944 0.33 0 32123.dat
1 14 -55 80 0 0 0 1 0.33 -0.944 0 0.944 0.33 0 32123.dat
1 14 -65 80 0 0 0 1 0.33 -0.944 0 0.944 0.33 0 32123.dat
1 14 0 80 300 0 0 1 1 0 0 0 1 0 32523.dat
1 1 -20 80 300 0 0 1 0 1 0 -1 0 0 6558.dat
1 1 20 80 300 0 0 1 0 1 0 -1 0 0 6558.dat
1 71 0 40 320 -1 0 0 0 0 1 0 1 0 60484.dat
1 71 0 80 340 -1 0 0 0 1 0 0 0 -1 64178.dat
1 14 0 80 340 0 0 1 0 1 0 -1 0 0 60485.dat
1 0 0 80 250 -1 0 0 0 1 0 0 0 -1 59443.dat
1 71 0 80 340 -1 0 0 0 1 0 0 0 -1 94925.dat
1 4 0 80 370 0 0 1 0 -1 0 1 0 0 62462.dat
1 4 0 40 340 0.981 -0.195 0 -0.195 -0.981 0 0 0 -1 18946.dat
1 71 0 40 330 0 -0.195 0.981 0 -0.981 -0.195 1 0 0 3673.dat
1 72 0 100 400 0 0 -1 0 1 0 1 0 0 40490.dat
1 71 -80 80 380 1 0 0 0 0 -1 0 1 0 48989.dat
1 71 80 80 380 1 0 0 0 0 -1 0 1 0 48989.dat
1 72 -110 80 400 1 0 0 0 0 -1 0 1 0 87083.dat
1 72 110 80 400 -1 0 0 0 0 -1 0 -1 0 87083.dat
1 14 -95 80 400 0 0 -1 1 0 0 0 -1 0 32123.dat
1 14 95 80 400 0 0 -1 1 0 0 0 -1 0 32123.dat
1 0 -60 90 400 0 0 -1 1 0 0 0 -1 0 6628.dat
1 0 60 90 400 0 0 -1 1 0 0 0 -1 0 6628.dat
1 1 -40 80 400 0 0 1 -1 0 0 0 -1 0 6558.dat
1 1 40 80 400 0 0 1 -1 0 0 0 -1 0 6558.dat
1 72 0 60 400 0 0 -1 0 1 0 1 0 0 40490.dat
1 72 0 60 360 0 0 -1 0 1 0 1 0 0 40490.dat
1 0 0 40 400 0 0 -1 -1 0 0 0 1 0 18651.dat
1 0 0 10 400 1 0 0 0 0 -1 0 1 0 59443.dat
1 1 -60 40 400 0 0 1 1 0 0 0 1 0 15100.dat
1 1 60 40 400 0 0 1 1 0 0 0 1 0 15100.dat
1 14 20 40 415 0 0 1 1 0 0 0 1 0 99773.dat
1 1 20 80 410 0 0 1 0 -1 0 1 0 0 43093.dat
1 14 20 40 425 0 0 1 1 0 0 0 1 0 99773.dat
1 0 60 40 410 0 1 0 0 0 1 1 0 0 2780.dat
1 1 -20 80 410 0 0 1 0 -1 0 1 0 0 43093.dat
1 14 -20 40 415 0 0 -1 1 0 0 0 -1 0 99773.dat
1 14 -20 40 425 0 0 -1 1 0 0 0 -1 0 99773.dat
1 0 -60 40 410 0 -1 0 0 0 1 -1 0 0 2780.dat
1 1 -60 80 240 -1 0 0 0 1 0 0 0 -1 32556.dat
1 1 60 80 240 1 0 0 0 1 0 0 0 1 32556.dat
1 0 -50 80 260 1 0 0 0 1 0 0 0 1 2780.dat
1 0 50 80 260 1 0 0 0 1 0 0 0 1 2780.dat
1 72 -60 0 260 0 -1 0 0 0 1 -1 0 0 32526.dat
1 72 60 0 260 0 -1 0 0 0 1 -1 0 0 32526.dat
1 0 -80 80 100 0 1 0 1 0 0 0 0 -1 32278.dat
1 0 80 80 100 0 1 0 1 0 0 0 0 -1 32278.dat
1 14 -100 80 0 0 -1 0 -1 0 0 0 0 -1 32523.dat
1 1 -80 80 -20 1 0 0 0 -1 0 0 0 -1 6558.dat
1 1 -80 80 20 1 0 0 0 -1 0 0 0 -1 6558.dat
1 14 100 80 0 0 1 0 -1 0 0 0 0 1 32523.dat
1 1 80 80 20 -1 0 0 0 -1 0 0 0 1 6558.dat
1 1 80 80 -20 -1 0 0 0 -1 0 0 0 1 6558.dat
1 1 80 80 220 -1 0 0 0 -1 0 0 0 1 6558.dat
1 1 -80 80 220 1 0 0 0 -1 0 0 0 -1 6558.dat
1 1 -80 80 160 1 0 0 0 -1 0 0 0 -1 6558.dat
1 1 80 80 160 -1 0 0 0 -1 0 0 0 1 6558.dat
1 14 0 60 195 1 0 0 0 0 -1 0 1 0 99773.dat
1 4 40 60 130 0 -1 0 0 0 -1 1 0 0 3707.dat
1 4 -40 60 130 0 -1 0 0 0 -1 1 0 0 3707.dat
1 14 0 60 205 1 0 0 0 0 -1 0 1 0 99773.dat
1 71 40 60 180 0 0 1 0 1 0 -1 0 0 6536.dat
1 71 -40 60 180 0 0 1 0 1 0 -1 0 0 6536.dat
1 71 -40 60 160 0 0 -1 0 -1 0 -1 0 0 6536.dat
1 71 40 60 160 0 0 -1 0 -1 0 -1 0 0 6536.dat
1 71 40 60 140 0 1 0 -1 0 0 0 0 1 3713.dat
1 71 -40 60 140 0 1 0 -1 0 0 0 0 1 3713.dat
1 71 -40 60 120 0 1 0 -1 0 0 0 0 1 3713.dat
1 71 40 60 120 0 1 0 -1 0 0 0 0 1 3713.dat
1 14 -40 40 100 0 0 1 0 -1 0 1 0 0 42003.dat
1 14 40 40 100 0 0 1 0 -1 0 1 0 0 42003.dat
1 71 -40 60 80 0 1 0 -1 0 0 0 0 1 3713.dat
1 71 40 60 80 0 1 0 -1 0 0 0 0 1 3713.dat
1 19 0 20 190 0 0 1 0 1 0 -1 0 0 32002.dat
1 0 50 80 180 -1 0 0 0 0 -1 0 -1 0 2780.dat
1 0 50 40 160 -1 0 0 0 0 -1 0 -1 0 2780.dat
1 0 50 40 100 -1 0 0 0 0 -1 0 -1 0 2780.dat
1 0 -50 40 100 -1 0 0 0 0 -1 0 -1 0 2780.dat
1 0 -50 80 180 -1 0 0 0 0 -1 0 -1 0 2780.dat
1 0 -50 40 160 -1 0 0 0 0 -1 0 -1 0 2780.dat
1 72 60 80 180 0 -1 0 -1 0 0 0 0 -1 32526.dat
1 72 -60 80 180 0 -1 0 -1 0 0 0 0 -1 32526.dat
1 19 0 -10 160 0 -0.924 -0.383 1 0 0 0 -0.383 0.924 99008.dat
1 0 0 20 160 0.383 -0.923 0 0 0 1 -0.923 -0.383 0 32270.dat
1 0 0 -10 160 1 0 0 0 -1 0 0 0 -1 87408.dat
1 19 0 40 177 0.924 0.383 0 0.383 -0.924 0 0 0 -1 6589.dat
1 14 0 40 160 0 0.383 0.924 0 -0.924 0.383 1 0 0 32073.dat
1 71 0 40 100 -0.924 0.383 0 -0.383 -0.924 0 0 0 1 26287.dat
1 14 0 60 55 1 0 0 0 0 -1 0 1 0 99773.dat
1 14 0 60 65 1 0 0 0 0 -1 0 1 0 99773.dat
1 19 0 40 50 0 -0.383 -0.924 0 0.924 -0.383 1 0 0 99008.dat
1 72 0 40 40 0.924 -0.383 0 0.383 0.924 0 0 0 1 10928.dat
1 14 0 20 100 1 0 0 0 1 0 0 0 1 60485.dat
1 71 60 20 100 0 0 -1 0 1 0 1 0 0 3713.dat
1 71 -60 20 100 0 0 -1 0 1 0 1 0 0 3713.dat
1 14 -100 80 180 0 1 0 1 0 0 0 0 -1 32524.dat
1 0 -110 80 200 1 0 0 0 -1 0 0 0 -1 2780.dat
1 0 -110 80 140 1 0 0 0 -1 0 0 0 -1 2780.dat
1 14 100 80 180 0 -1 0 -1 0 0 0 0 -1 32524.dat
1 0 110 80 200 -1 0 0 0 1 0 0 0 -1 2780.dat
1 0 110 80 140 -1 0 0 0 1 0 0 0 -1 2780.dat
1 71 -120 80 180 0 -1 0 -1 0 0 0 0 -1 32316.dat
1 71 120 80 180 0 -1 0 -1 0 0 0 0 -1 32316.dat
1 0 -20 20 420 0 0 -1 0 -1 0 -1 0 0 32054.dat
1 0 20 20 420 0 0 -1 0 -1 0 -1 0 0 32054.dat
1 71 0 0 380 1 0 0 0 1 0 0 0 1 44294.dat
1 0 0 0 380 1 0 0 0 -1 0 0 0 -1 63869.dat
1 71 -15 0 380 0 1 0 1 0 0 0 0 -1 41677.dat
1 71 -25 0 380 0 1 0 1 0 0 0 0 -1 41677.dat
1 72 0 0 360 -1 0 0 0 0 1 0 1 0 27940.dat
1 71 15 0 380 0 1 0 1 0 0 0 0 -1 41677.dat
1 71 25 0 380 0 1 0 1 0 0 0 0 -1 41677.dat
1 71 -60 0 360 1 0 0 0 0 -1 0 1 0 32184.dat
1 1 -50 0 340 -1 0 0 0 0 -1 0 -1 0 43093.dat
1 0 -40 0 240 0 -1 0 -1 0 0 0 0 -1 32278.dat
1 72 67 0 100 1 0 0 0 -0.894 -0.448 0 0.448 -0.894 59426.dat
1 71 25 8.975 117.879 0 1 0 0.894 0 -0.448 -0.448 0 -0.894 41677.dat
1 71 15 8.975 117.879 0 1 0 0.894 0 -0.448 -0.448 0 -0.894 41677.dat
1 71 0 8.975 117.879 -1 0 0 0 0.894 -0.448 0 -0.448 -0.894 4519.dat
1 72 0 -16.909 42.144 0 -1 0 -0.947 0 -0.324 0.324 0 -0.947 40490.dat
1 71 -15 8.975 117.879 0 1 0 0.894 0 -0.448 -0.448 0 -0.894 41677.dat
1 71 -25 8.975 117.879 0 1 0 0.894 0 -0.448 -0.448 0 -0.894 41677.dat
1 72 -67 0 100 -1 0 0 0 -0.894 0.448 0 0.448 0.894 59426.dat
1 1 0 -42.794 -33.591 1 0 0 0 -0.988 -0.154 0 0.154 -0.988 6558.dat
1 1 0 -29.851 4.276 1 0 0 0 -0.988 -0.154 0 0.154 -0.988 6558.dat
1 14 -20 -36.322 -14.658 0 1 0 0.947 0 -0.324 -0.324 0 -0.947 32523.dat
1 14 20 -36.322 -14.658 0 1 0 0.947 0 -0.324 -0.324 0 -0.947 32523.dat
1 71 60 0 360 -1 0 0 0 0 1 0 1 0 32184.dat
1 1 50 0 340 1 0 0 0 0 1 0 -1 0 43093.dat
1 0 40 0 240 0 1 0 1 0 0 0 0 -1 32278.dat
1 1 -60 0 120 -1 0 0 0 -1 0 0 0 1 6558.dat
1 1 60 0 120 1 0 0 0 -1 0 0 0 -1 6558.dat
1 1 50 0 140 1 0 0 0 -1 0 0 0 -1 43093.dat
1 1 50 0 160 1 0 0 0 -1 0 0 0 -1 43093.dat
1 1 -50 0 140 -1 0 0 0 -1 0 0 0 1 43093.dat
1 1 -50 0 160 -1 0 0 0 -1 0 0 0 1 43093.dat
1 1 -20 -20 400 0 0 1 0 -1 0 1 0 0 6558.dat
1 1 20 -20 400 0 0 1 0 -1 0 1 0 0 6558.dat
1 71 0 -20 400 0 0 1 0 -1 0 1 0 0 87082.dat
1 272 -100 -20 400 0 0 1 1 0 0 0 1 0 32526.dat
1 272 100 -20 400 0 0 -1 1 0 0 0 -1 0 32526.dat
1 272 0 -20 420 0 0 -1 1 0 0 0 -1 0 32525.dat
1 1 -60 -20 420 0 0 -1 0 -1 0 -1 0 0 6558.dat
1 1 60 -20 420 0 0 -1 0 -1 0 -1 0 0 6558.dat
1 0 60 0 80 0 1 0 1 0 0 0 0 -1 32524.dat
1 1 60 0 260 -1 0 0 0 0 1 0 1 0 6558.dat
1 1 -60 0 260 1 0 0 0 0 1 0 -1 0 6558.dat
1 0 -40 -36.37 -14.652 1 0 0 0 -0.961 -0.276 0 0.276 -0.961 32054.dat
1 0 40 -36.37 -14.652 -1 0 0 0 -0.973 0.235 0 0.235 0.973 32054.dat
1 72 25 -30 28.038 0 -1 0 0.5 0 -0.866 0.866 0 0.5 6632.dat
1 72 15 -30 28.038 0 -1 0 0.5 0 -0.866 0.866 0 0.5 6632.dat
1 4 40 -30 28.038 -1 0 0 0 0.866 -0.5 0 -0.5 -0.866 11214.dat
1 0 30 -47.32 38.038 -1 0 0 0 0.866 -0.5 0 -0.5 -0.866 2780.dat
1 72 0 -64.64 48.038 -1 0 0 0 0.866 -0.5 0 -0.5 -0.866 27940.dat
1 0 40 0 79.998 0 -1 0 -0.866 0 -0.5 0.5 0 -0.866 32140.dat
1 1 50 0 79.998 -1 0 0 0 -0.5 -0.866 0 -0.866 0.5 43093.dat
1 0 50 -20 45.358 -1 0 0 0 -0.866 0.5 0 0.5 0.866 2780.dat
1 72 -15 -30 28.038 0 -1 0 0.5 0 -0.866 0.866 0 0.5 6632.dat
1 72 -25 -30 28.038 0 -1 0 0.5 0 -0.866 0.866 0 0.5 6632.dat
1 4 -40 -30 28.038 1 0 0 0 0.866 0.5 0 -0.5 0.866 11214.dat
1 0 -30 -47.32 38.038 -1 0 0 0 0.866 -0.5 0 -0.5 -0.866 2780.dat
1 0 -40 0 79.998 0 -1 0 -0.866 0 -0.5 0.5 0 -0.866 32140.dat
1 0 -50 -20 45.358 -1 0 0 0 -0.866 0.5 0 0.5 0.866 2780.dat
1 4 -50 0 79.998 -1 0 0 0 -0.866 0.5 0 0.5 0.866 32062.dat
1 0 -60 0 80 0 1 0 1 0 0 0 0 -1 32524.dat
1 0 -40 0 320 1 0 0 0 0 1 0 -1 0 32054.dat
1 0 40 0 320 -1 0 0 0 0 1 0 1 0 32054.dat
1 71 0 -66 250 -1 0 0 0 1 0 0 0 -1 2850.dat
1 0 20 -40 270 0 0 1 0 1 0 -1 0 0 2780.dat
1 0 -20 -40 270 0 0 1 0 1 0 -1 0 0 2780.dat
1 71 0 -66 290 -1 0 0 0 1 0 0 0 -1 2850.dat
1 0 -20 -40 310 0 0 1 0 1 0 -1 0 0 2780.dat
1 0 20 -40 310 0 0 1 0 1 0 -1 0 0 2780.dat
1 0 20 -40 230 0 0 1 0 1 0 -1 0 0 2780.dat
1 0 -20 -40 230 0 0 1 0 1 0 -1 0 0 2780.dat
1 71 0 0 320 1 0 0 0 -1 0 0 0 -1 32184.dat
1 71 0 20 320 1 0 0 0 -1 0 0 0 -1 4519.dat
1 71 0 -20 320 1 0 0 0 -1 0 0 0 -1 4519.dat
1 71 20 -20 320 1 0 0 0 -1 0 0 0 -1 6536.dat
1 71 -20 -20 320 1 0 0 0 -1 0 0 0 -1 6536.dat
1 72 20 20 320 0 -1 0 0 0 -1 1 0 0 60483.dat
1 72 -20 20 320 0 -1 0 0 0 -1 1 0 0 60483.dat
1 4 10 0 250 0 0 -1 0 -1 0 -1 0 0 32062.dat
1 14 10 0 220 1 0 0 0 -1 0 0 0 -1 2853.dat
1 19 0 0 270 1 0 0 0 -1 0 0 0 -1 2854.dat
1 71 10 0 250 0.968 0.25 0 -0.25 0.968 0 0 0 1 2852.dat
1 14 0 0 290 1 0 0 0 -1 0 0 0 -1 2853.dat
1 71 -10 0 290 -0.968 -0.25 0 -0.25 0.968 0 0 0 -1 2852.dat
1 14 0 -38.73 290 -1 0 0 0 1 0 0 0 -1 2851.dat
1 14 0 -38.73 250 1 0 0 0 1 0 0 0 1 2851.dat
1 71 0 0 330 0 0 -1 0 -1 0 -1 0 0 4519.dat
1 71 0 0 220 1 0 0 0 -1 0 0 0 -1 32184.dat
1 71 0 20 220 1 0 0 0 -1 0 0 0 -1 4519.dat
1 71 0 -20 220 1 0 0 0 -1 0 0 0 -1 4519.dat
1 71 -20 -20 220 1 0 0 0 -1 0 0 0 -1 6536.dat
1 71 20 -20 220 1 0 0 0 -1 0 0 0 -1 6536.dat
1 72 -20 20 220 0 -1 0 0 0 -1 1 0 0 60483.dat
1 72 20 20 220 0 -1 0 0 0 -1 1 0 0 60483.dat
1 71 0 0 340 -1 0 0 0 1 0 0 0 -1 94925.dat
1 71 -60 0 200 1 0 0 0 0 -1 0 1 0 32184.dat
1 4 -50 0 180 1 0 0 0 0 -1 0 1 0 32062.dat
1 4 -40 0 220 -1 0 0 0 0 -1 0 -1 0 11214.dat
1 71 60 0 200 -1 0 0 0 0 1 0 1 0 32184.dat
1 4 50 0 180 -1 0 0 0 0 1 0 1 0 32062.dat
1 4 40 0 220 1 0 0 0 0 1 0 -1 0 11214.dat
1 0 20 -40 140 0 -1 0 -1 0 0 0 0 -1 32140.dat
1 1 0 -60 80 -1 0 0 0 0 1 0 1 0 6558.dat
1 0 30 -40 120 -1 0 0 0 -1 0 0 0 1 2780.dat
1 14 0 -40 140 1 0 0 0 -1 0 0 0 -1 32073.dat
1 71 0 -40 140 0 0 -1 1 0 0 0 -1 0 3713.dat
1 71 0 -140 140 -1 0 0 0 0 -1 0 -1 0 24116.dat
1 0 -20 -40 140 0 -1 0 -1 0 0 0 0 -1 32140.dat
1 0 -30 -40 120 -1 0 0 0 -1 0 0 0 1 2780.dat
1 71 40 -40 120 0 -1 0 1 0 0 0 0 1 60484.dat
1 72 0 -20 160 0 0 1 -1 0 0 0 -1 0 32034.dat
1 4 -40 -20 160 1 0 0 0 -1 0 0 0 -1 11214.dat
1 4 40 -20 160 -1 0 0 0 -1 0 0 0 1 11214.dat
1 71 -40 -40 120 0 -1 0 1 0 0 0 0 1 60484.dat
1 1 -50 -60 160 -1 0 0 0 -1 0 0 0 1 43093.dat
1 1 50 -60 160 1 0 0 0 -1 0 0 0 -1 43093.dat
1 4 0 -90 160 0 0.924 0.383 1 0 0 0 0.383 -0.924 32062.dat
1 71 0 -60 160 -0.383 0.924 0 0 0 1 0.924 0.383 0 26287.dat
1 71 0 -120 160 -0.383 0.924 0 0 0 1 0.924 0.383 0 26287.dat
1 1 0 -73.3 53.038 0 0 -1 -0.866 0.5 0 0.5 0.866 0 43093.dat
1 0 0 -94.084 65.038 1 0 0 0 0.866 0.5 0 -0.5 0.866 2819.dat
1 272 60 -60 160 0 1 0 0 0 1 1 0 0 32525.dat
1 0 -20 -160 100 -1 0 0 0 0 -1 0 -1 0 32054.dat
1 4 20 -160 100 -1 0 0 0 0 -1 0 -1 0 11214.dat
1 72 -20 -160 100 -1 0 0 0 1 0 0 0 -1 32034.dat
1 72 20 -160 100 -1 0 0 0 1 0 0 0 -1 32034.dat
1 1 -20 -160 70 0 1 0 0 0 1 1 0 0 43093.dat
1 1 20 -160 70 0 1 0 0 0 1 1 0 0 43093.dat
1 71 -20 -160 140 0 -1 0 0 0 1 -1 0 0 22961.dat
1 71 20 -160 140 0 -1 0 0 0 1 -1 0 0 22961.dat
1 1 -40 -160 140 -1 0 0 0 1 0 0 0 -1 6558.dat
1 1 40 -160 140 1 0 0 0 1 0 0 0 1 6558.dat
1 72 40 -160 80 0 -1 0 1 0 0 0 0 1 32526.dat
1 72 0 -160 160 0 0 -1 -1 0 0 0 1 0 32034.dat
1 4 40 -160 160 -1 0 0 0 -1 0 0 0 1 11214.dat
1 4 -40 -160 160 1 0 0 0 -1 0 0 0 -1 11214.dat
1 72 -40 -160 80 0 -1 0 1 0 0 0 0 1 32526.dat
1 0 -50 -160 80 1 0 0 0 1 0 0 0 1 2780.dat
1 0 50 -160 80 1 0 0 0 1 0 0 0 1 2780.dat
1 1 50 -120 160 1 0 0 0 1 0 0 0 1 43093.dat
1 1 -50 -120 160 -1 0 0 0 1 0 0 0 -1 43093.dat
1 272 -60 -60 160 0 1 0 0 0 1 1 0 0 32525.dat
1 0 -60 -160 140 -1 0 0 0 -0.139 -0.99 0 -0.99 0.139 32013.dat
1 71 -60 -20 45.358 0 1 0 -0.53 0 0.848 0.848 0 0.53 22961.dat
1 0 -60 -35 71.339 0 1 0 0.866 0 0.5 0.5 0 -0.866 59443.dat
1 0 60 -160 140 -1 0 0 0 -0.139 -0.99 0 -0.99 0.139 32013.dat
1 71 60 -20 45.358 0 1 0 -0.53 0 0.848 0.848 0 0.53 22961.dat
1 0 60 -35 71.339 0 1 0 0.866 0 0.5 0.5 0 -0.866 59443.dat
1 0 -60 -95 54.019 0 -1 0 -0.929 0 -0.371 0.371 0 -0.929 3706.dat
1 0 -60 -160.03 79.989 1 0 0 0 0.371 -0.929 0 0.929 0.371 32013.dat
1 0 -60 -29.97 28.049 -1 0 0 0 0.371 0.929 0 0.929 -0.371 32013.dat
1 0 60 -95 54.019 0 -1 0 -0.929 0 -0.371 0.371 0 -0.929 3706.dat
1 0 60 -160.03 79.989 1 0 0 0 0.371 -0.929 0 0.929 0.371 32013.dat
1 0 60 -29.97 28.049 -1 0 0 0 0.371 0.929 0 0.929 -0.371 32013.dat
1 72 0 -160 60 0 0 1 1 0 0 0 1 0 32316.dat
1 71 -40 -160 50 0 -1 0 0 0 1 -1 0 0 4274.dat
1 71 40 -160 50 0 -1 0 0 0 1 -1 0 0 4274.dat
1 47 -40 -160 42 -1 0 0 0 0 1 0 1 0 98138.dat
1 47 40 -160 42 -1 0 0 0 0 1 0 1 0 98138.dat
1 1 -70 60 260 -1 0 0 0 0 1 0 1 0 43093.dat
1 0 -70 20 260 -1 0 0 0 0 1 0 1 0 2780.dat
1 0 -70 60 100 -1 0 0 0 0 1 0 1 0 2780.dat
1 14 -80 40 180 0 1 0 0 0 1 1 0 0 15458.dat
1 14 -95 0 100 0 0 1 0.448 -0.894 0 0.894 0.448 0 32123.dat
1 272 -80 0 180 0 -1 0 1 0 0 0 0 1 32525.dat
1 0 -70 0 300 0 0 1 0 1 0 -1 0 0 59443.dat
1 1 -90 0 300 1 0 0 0 0 1 0 -1 0 43093.dat
1 1 -50 0 300 -1 0 0 0 0 1 0 1 0 43093.dat
1 0 -111 0 100 1 0 0 0 0.448 -0.894 0 0.894 0.448 6553.dat
1 0 -111 22.4 144.7 1 0 0 0 0.894 0.448 0 -0.448 0.894 59443.dat
1 0 60 -10 200 0 -1 0 -1 0 0 0 0 -1 2780.dat
1 0 60 -10 360 0 -1 0 -1 0 0 0 0 -1 2780.dat
1 0 -60 -10 200 0 -1 0 -1 0 0 0 0 -1 2780.dat
1 0 -60 -10 360 0 -1 0 -1 0 0 0 0 -1 2780.dat
1 272 -60 -20 280 1 0 0 0 1 0 0 0 1 32525.dat
1 272 -60 -40 180 1 0 0 0 1 0 0 0 1 64393.dat
1 0 -60 -30 220 0 1 0 -1 0 0 0 0 1 2780.dat
1 0 -60 -30 260 0 1 0 -1 0 0 0 0 1 2780.dat
1 4 -90 -16 -12 -1 0 0 0 1 0 0 0 -1 32062.dat
1 14 -75 -16 18 0 1 0 1 0 0 0 0 -1 32449.dat
1 14 -85 -16 18 0 1 0 1 0 0 0 0 -1 32449.dat
1 4 -100 -16 48 1 0 0 0 0 1 0 -1 0 11214.dat
1 1 -100 -16 28 -1 0 0 0 -1 0 0 0 1 6558.dat
1 14 -100 -16 28 0 0 1 1 0 0 0 1 0 42003.dat
1 72 -100 -16 -12 1 0 0 0 -1 0 0 0 -1 32291.dat
1 71 -110 -36 -22 0 -1 0 0 0 1 -1 0 0 4274.dat
1 71 -90 -36 -22 0 -1 0 0 0 1 -1 0 0 4274.dat
1 57 -110 -36 -30 -1 0 0 0 0 1 0 1 0 98138.dat
1 47 -90 -36 -30 -1 0 0 0 0 1 0 1 0 98138.dat
1 14 -120 80 120 0 1 0 0.6 0 -0.8 -0.8 0 -0.6 32271.dat
1 0 -110 64 108 1 0 0 0 0.6 0.8 0 -0.8 0.6 2780.dat
1 0 -100 0 60 -1 0 0 0 0.773 0.635 0 0.635 -0.773 32054.dat
1 14 -100 32 84 0 1 0 -0.6 0 0.8 0.8 0 0.6 32316.dat
1 1 -70 0 60 -1 0 0 0 -0.773 -0.635 0 -0.635 0.773 43093.dat
1 1 -110 80 120 -1 0 0 0 -0.8 -0.6 0 -0.6 0.8 43093.dat
1 4 -90 -16 372 1 0 0 0 1 0 0 0 1 32062.dat
1 14 -85 -16 342 0 -1 0 1 0 0 0 0 1 32449.dat
1 14 -75 -16 342 0 -1 0 1 0 0 0 0 1 32449.dat
1 4 -100 -16 312 1 0 0 0 0 1 0 -1 0 11214.dat
1 1 -100 -16 332 -1 0 0 0 -1 0 0 0 1 6558.dat
1 72 -100 -16 372 -1 0 0 0 -1 0 0 0 1 32291.dat
1 14 -100 -16 332 0 -1 0 1 0 0 0 0 1 32523.dat
1 71 -110 -36 382 0 1 0 0 0 1 1 0 0 4274.dat
1 71 -90 -36 382 0 1 0 0 0 1 1 0 0 4274.dat
1 57 -110 -36 390 1 0 0 0 0 1 0 -1 0 98138.dat
1 36 -90 -36 390 1 0 0 0 0 1 0 -1 0 98138.dat
1 14 -120 80 240 0 -1 0 0.6 0 -0.8 0.8 0 0.6 32271.dat
1 0 -110 64 252 -1 0 0 0 0.6 0.8 0 0.8 -0.6 2780.dat
1 0 -110 16 288 -1 0 0 0 0.6 0.8 0 0.8 -0.6 2780.dat
1 14 -100 32 276 0 -1 0 -0.6 0 0.8 -0.8 0 -0.6 32316.dat
1 1 -110 80 240 -1 0 0 0 -0.8 0.6 0 0.6 0.8 43093.dat
1 0 -100 -46 8 -0.999698 0 0 0 0 -1 0 -0.999698 0 59443.dat
1 4 -100 -26 8 0 0 -0.999698 1 0 0 0 -0.999698 0 32062.dat
1 4 -100 -76 8 0 0 -0.999698 1 0 0 0 -0.999698 0 11214.dat
1 0 -100 -76 22.14 0.707 -0.707 0 0 0 1 -0.707 -0.707 0 18677.dat
1 0 -100 -96 22.14 0.707 -0.707 0 0 0 1 -0.707 -0.707 0 18677.dat
1 0 -94.344 -86 27.796 0.707 -0.707 0 0 0 1 -0.707 -0.707 0 3068.dat
1 272 0 80 480 0 1 0 0 0 -1 -1 0 0 32526.dat
1 1 0 0 480 -1 0 0 0 0 -1 0 -1 0 6558.dat
1 1 0 0 440 -1 0 0 0 0 -1 0 -1 0 6558.dat
1 1 0 60 480 -1 0 0 0 0 -1 0 -1 0 6558.dat
1 1 0 80 480 -1 0 0 0 0 -1 0 -1 0 6558.dat
1 272 20 -20 440 0 0 1 -1 0 0 0 -1 0 87080.dat
1 272 -20 -20 440 0 0 -1 1 0 0 0 -1 0 87086.dat
1 272 20 20 480 0 -1 0 0 0 1 -1 0 0 11946.dat
1 272 -20 20 480 0 1 0 0 0 1 1 0 0 11947.dat
1 0 70 60 100 -1 0 0 0 1 0 0 0 -1 2780.dat
1 0 70 20 260 -1 0 0 0 1 0 0 0 -1 2780.dat
1 0 70 60 260 -1 0 0 0 1 0 0 0 -1 2780.dat
1 14 80 40 180 0 -1 0 0 0 -1 1 0 0 15458.dat
1 14 95 0 100 0 0 1 0.448 -0.894 0 0.894 0.448 0 32123.dat
1 272 80 0 180 0 -1 0 1 0 0 0 0 1 32525.dat
1 0 111 0 100 1 0 0 0 0.448 -0.894 0 0.894 0.448 6553.dat
1 0 111 22.4 144.7 1 0 0 0 0.894 0.448 0 -0.448 0.894 59443.dat
1 0 70 0 300 0 0 1 0 1 0 -1 0 0 59443.dat
1 1 50 0 300 1 0 0 0 0 1 0 -1 0 43093.dat
1 1 90 0 300 -1 0 0 0 0 1 0 1 0 43093.dat
1 272 60 -20 280 1 0 0 0 1 0 0 0 1 32525.dat
1 272 60 -40 180 1 0 0 0 1 0 0 0 1 64681.dat
1 0 60 -30 260 0 -1 0 -1 0 0 0 0 -1 2780.dat
1 0 60 -30 220 0 -1 0 -1 0 0 0 0 -1 2780.dat
1 4 90 -16 372 1 0 0 0 1 0 0 0 1 32062.dat
1 14 75 -16 342 0 -1 0 1 0 0 0 0 1 32449.dat
1 14 85 -16 342 0 -1 0 1 0 0 0 0 1 32449.dat
1 4 100 -16 312 -1 0 0 0 0 1 0 1 0 11214.dat
1 1 100 -16 332 1 0 0 0 -1 0 0 0 -1 6558.dat
1 72 100 -16 372 -1 0 0 0 -1 0 0 0 1 32291.dat
1 14 100 -16 332 0 -1 0 1 0 0 0 0 1 32523.dat
1 71 110 -36 382 0 1 0 0 0 1 1 0 0 4274.dat
1 71 90 -36 382 0 1 0 0 0 1 1 0 0 4274.dat
1 57 110 -36 390 1 0 0 0 0 1 0 -1 0 98138.dat
1 36 90 -36 390 1 0 0 0 0 1 0 -1 0 98138.dat
1 14 120 80 240 0 -1 0 0.6 0 -0.8 0.8 0 0.6 32271.dat
1 0 110 64 252 -1 0 0 0 0.6 0.8 0 0.8 -0.6 2780.dat
1 0 110 16 288 -1 0 0 0 0.6 0.8 0 0.8 -0.6 2780.dat
1 14 100 32 276 0 -1 0 -0.6 0 0.8 -0.8 0 -0.6 32316.dat
1 1 110 80 240 1 0 0 0 0.6 -0.8 0 0.8 0.6 43093.dat
1 4 90 -16 -12 -1 0 0 0 1 0 0 0 -1 32062.dat
1 14 85 -16 18 0 1 0 1 0 0 0 0 -1 32449.dat
1 14 75 -16 18 0 1 0 1 0 0 0 0 -1 32449.dat
1 4 100 -16 48 -1 0 0 0 0 1 0 1 0 11214.dat
1 1 100 -16 28 1 0 0 0 -1 0 0 0 -1 6558.dat
1 14 100 -16 28 0 0 1 1 0 0 0 1 0 42003.dat
1 72 100 -16 -12 1 0 0 0 -1 0 0 0 -1 32291.dat
1 71 110 -36 -22 0 -1 0 0 0 1 -1 0 0 4274.dat
1 71 90 -36 -22 0 -1 0 0 0 1 -1 0 0 4274.dat
1 57 110 -36 -30 -1 0 0 0 0 1 0 1 0 98138.dat
1 47 90 -36 -30 -1 0 0 0 0 1 0 1 0 98138.dat
1 14 120 80 120 0 1 0 0.6 0 -0.8 -0.8 0 -0.6 32271.dat
1 0 110 64 108 1 0 0 0 0.6 0.8 0 -0.8 0.6 2780.dat
1 0 100 0 60 1 0 0 0 0.8 -0.6 0 0.6 0.8 32054.dat
1 14 100 32 84 0 1 0 -0.6 0 0.8 0.8 0 0.6 32316.dat
1 1 70 0 60 1 0 0 0 0.8 -0.6 0 0.6 0.8 43093.dat
1 1 110 80 120 1 0 0 0 0.8 -0.6 0 0.6 0.8 43093.dat
1 0 100 -46 8 0 0.999698 0 0 0 -1 -0.999698 0 0 59443.dat
1 4 100 -26 8 0 0.999698 0 1 0 0 0 0 -0.999698 32062.dat
1 4 100 -76 8 0 0.999698 0 1 0 0 0 0 -0.999698 11214.dat
1 0 100 -96 22.14 -0.707 0.707 0 0 0 -1 -0.707 -0.707 0 18677.dat
1 0 100 -76 22.14 -0.707 0.707 0 0 0 -1 -0.707 -0.707 0 18677.dat
1 0 94.344 -86 27.796 -0.707 0.707 0 0 0 -1 -0.707 -0.707 0 3068.dat
1 19 0 -170 160 0 0.924 0.383 1 0 0 0 0.383 -0.924 99008.dat
1 57 0 -206 160 0.924 0 0.383 0 -1 0 0.383 0 -0.924 2654.dat
1 57 0 -182 160 0.924 0 0.383 0 -1 0 0.383 0 -0.924 3941.dat
1 72 0 -174 160 0.924 0 0.383 0 -1 0 0.383 0 -0.924 15535.dat
1 0 -40 12.61 -67.672 1 0 0 0 -0.973 -0.235 0 0.235 -0.973 32054.dat
1 0 -40 32.07 -72.372 1 0 0 0 -0.973 -0.235 0 0.235 -0.973 32054.dat
1 0 40 12.61 -67.672 -1 0 0 0 -0.973 0.235 0 0.235 0.973 32054.dat
1 0 40 32.07 -72.372 -1 0 0 0 -0.973 0.235 0 0.235 0.973 32054.dat
1 71 -110 80 400 0 0 1 0 1 0 -1 0 0 86652.dat
1 256 -110 80 400 0 0 1 0 1 0 -1 0 0 32019.dat
1 71 110 80 400 0 0 -1 0 1 0 1 0 0 86652.dat
1 256 110 80 400 0 0 -1 0 1 0 1 0 0 32019.dat
1 71 -120 80 0 0 0 1 -0.33 0.944 0 -0.944 -0.33 0 86652.dat
1 256 -120 80 0 0 0 1 -0.33 0.944 0 -0.944 -0.33 0 32019.dat
1 71 120 80 0 0 0 -1 0.33 0.944 0 0.944 -0.33 0 86652.dat
1 256 120 80 0 0 0 -1 0.33 0.944 0 0.944 -0.33 0 32019.dat
1 72 -128 80 400 0 1 0 1 0 0 0 0 -1 4032.dat
1 72 -136 80 400 0 1 0 1 0 0 0 0 -1 15535.dat
1 72 128 80 400 0 -1 0 1 0 0 0 0 1 4032.dat
1 72 136 80 400 0 -1 0 1 0 0 0 0 1 15535.dat
1 72 -138 80 0 0 1 0 0.944 0 -0.33 -0.33 0 -0.944 4032.dat
1 72 -146 80 0 0 1 0 0.944 0 -0.33 -0.33 0 -0.944 15535.dat
1 72 138 80 0 0 -1 0 0.944 0 0.33 -0.33 0 0.944 4032.dat
1 72 146 80 0 0 -1 0 0.944 0 0.33 -0.33 0 0.944 15535.dat
1 71 0 -118.25 -97.852 0 0 -1 0.973 -0.235 0 -0.235 -0.973 0 18940.dat
1 72 0 -201.12 -57.242 0 0 -1 0.973 -0.235 0 -0.235 -0.973 0 18942.dat
1 14 0 -74.63 -87.792 1 0 0 0 -0.235 0.973 0 -0.973 -0.235 32073.dat
1 14 25 -74.63 -87.792 0 0 1 -0.973 -0.235 0 0.235 -0.973 0 32123.dat
1 14 -25 -74.63 -87.792 0 0 1 -0.973 -0.235 0 0.235 -0.973 0 32123.dat
1 72 40 -74.63 -87.792 0 -1 0 -0.973 0 -0.235 0.235 0 -0.973 60483.dat
1 0 50 -79.33 -107.252 -1 0 0 0 0.973 -0.235 0 -0.235 -0.973 2780.dat
1 72 -40 -74.63 -87.792 0 1 0 0.973 0 -0.235 -0.235 0 -0.973 60483.dat
1 0 -50 -79.33 -107.252 1 0 0 0 -0.973 -0.235 0 0.235 -0.973 2780.dat
1 1 0 27.37 -91.832 1 0 0 0 -0.235 0.973 0 -0.973 -0.235 32556.dat
1 1 0 -254.47 -64.952 1 0 0 0 -0.235 0.973 0 -0.973 -0.235 32556.dat
1 1 0 -235.01 -69.652 1 0 0 0 -0.235 0.973 0 -0.973 -0.235 32556.dat
1 0 20 17.97 -130.752 0 1 0 -0.973 0 0.235 0.235 0 0.973 32140.dat
1 0 -20 17.97 -130.752 0 1 0 -0.973 0 0.235 0.235 0 0.973 32140.dat
1 71 0 17.97 -130.752 -1 0 0 0 -0.973 0.235 0 0.235 0.973 4519.dat
1 0 20 -240.37 -6.572 0 1 0 0.973 0 -0.235 -0.235 0 -0.973 32140.dat
1 72 0 -240.37 -6.572 1 0 0 0 -0.973 -0.235 0 0.235 -0.973 27940.dat
1 0 -20 -240.37 -6.572 0 1 0 0.973 0 -0.235 -0.235 0 -0.973 32140.dat
1 70 0 -220.91 -11.272 0 -1 0 -0.973 0 -0.235 0.235 0 -0.973 24316.dat
1 1 30 -245.07 -26.032 1 0 0 0 0.235 -0.973 0 0.973 0.235 43093.dat
1 1 -30 -245.07 -26.032 -1 0 0 0 0.235 0.973 0 0.973 -0.235 43093.dat
1 72 0 -220.91 -11.272 0 -1 0 -0.235 0 0.973 -0.973 0 -0.235 27938.dat
1 72 0 -235.67 12.888 0 0 1 -0.235 0.973 0 -0.973 -0.235 0 32034.dat
1 1 -30 -235.67 12.888 1 0 0 0 -0.235 0.973 0 -0.973 -0.235 43093.dat
1 1 30 -235.67 12.888 -1 0 0 0 -0.235 -0.973 0 -0.973 0.235 43093.dat
1 0 40 -249.77 -45.492 0 1 0 -0.973 0 0.235 0.235 0 0.973 32140.dat
1 1 30 -249.77 -45.492 1 0 0 0 -0.973 -0.235 0 0.235 -0.973 43093.dat
1 71 0 -233.32 22.618 0 1 0 0.235 0 0.973 0.973 0 -0.235 4274.dat
1 1 0 -322.91 -7.232 1 0 0 0 -0.235 0.973 0 -0.973 -0.235 6558.dat
1 71 0 -327.61 -26.692 1 0 0 0 -0.235 0.973 0 -0.973 -0.235 4519.dat
1 72 -20 -318.21 12.228 0 -1 0 -0.973 0 -0.235 0.235 0 -0.973 32526.dat
1 19 0 -356.47 -60.912 1 0 0 0 0.973 0.235 0 -0.235 0.973 32556.dat
1 0 -30 -332.31 -46.152 1 0 0 0 0.973 0.235 0 -0.235 0.973 2780.dat
1 71 0 -356.47 -60.912 0 0 1 -0.235 0.973 0 -0.973 -0.235 0 42610.dat
1 71 0 -318.21 12.228 1 0 0 0 -0.973 -0.235 0 0.235 -0.973 4519.dat
1 71 0 -318.21 12.228 0 0 -1 0.973 -0.235 0 -0.235 -0.973 0 3713.dat
1 72 20 -318.21 12.228 0 -1 0 -0.973 0 -0.235 0.235 0 -0.973 32526.dat
1 0 30 -332.31 -46.152 1 0 0 0 -0.973 -0.235 0 0.235 -0.973 2780.dat
1 72 -40 -254.47 -64.952 0 1 0 -0.235 0 -0.973 -0.973 0 0.235 40490.dat
1 0 -50 -176.63 -83.752 1 0 0 0 0.235 -0.973 0 0.973 0.235 2780.dat
1 0 -50 -215.55 -74.352 1 0 0 0 0.235 -0.973 0 0.973 0.235 2780.dat
1 0 -60 -79.33 -107.252 0 -1 0 0.235 0 -0.973 0.973 0 0.235 32278.dat
1 72 40 -254.47 -64.952 0 -1 0 0.235 0 -0.973 0.973 0 0.235 40490.dat
1 0 50 -176.63 -83.752 -1 0 0 0 -0.235 -0.973 0 -0.973 0.235 2780.dat
1 0 50 -215.55 -74.352 -1 0 0 0 -0.235 -0.973 0 -0.973 0.235 2780.dat
1 0 60 -79.33 -107.252 0 1 0 -0.235 0 -0.973 -0.973 0 0.235 32278.dat
1 0 0.137 -45.034 -136.13 0 0 1.002 -0.975 -0.235 0 0.235 -0.973 0 64179.dat
1 1 80.297 -25.534 -140.83 1.002 0 0 0 -0.235 0.975 0 -0.973 -0.235 32556.dat
1 1 80.297 -64.534 -131.43 1.002 0 0 0 -0.235 0.975 0 -0.973 -0.235 32556.dat
1 1 -80.023 -25.534 -140.83 -1.002 0 0 0 -0.235 -0.975 0 -0.973 0.235 32556.dat
1 1 -80.023 -64.534 -131.43 -1.002 0 0 0 -0.235 -0.975 0 -0.973 0.235 32556.dat
1 71 40.217 13.466 -150.23 0 0 -1.002 0.975 -0.235 0 -0.235 -0.973 0 87082.dat
1 71 -39.943 13.466 -150.23 0 0 -1.002 0.975 -0.235 0 -0.235 -0.973 0 87082.dat
1 71 0.137 3.716 -147.88 0 -1.002 0 0.975 0 0.235 -0.235 0 0.973 4274.dat
1 0 60.257 -35.634 -97.21 -1.002 0 0 0 -0.235 -0.975 0 -0.973 0.235 32524.dat
1 0 60.257 -72.284 -78.08 0 0 -1.002 -0.235 -0.975 0 -0.973 0.235 0 2780.dat
1 0 60.257 5.716 -96.88 0 0 -1.002 -0.235 -0.975 0 -0.973 0.235 0 2780.dat
1 71 60.257 -69.934 -68.35 1.002 0 0 0 0.235 -0.975 0 0.973 0.235 22961.dat
1 71 60.257 8.066 -87.15 1.002 0 0 0 0.235 -0.975 0 0.973 0.235 22961.dat
1 0 80.297 -69.934 -68.35 0 1.002 0 0.975 0 -0.235 -0.235 0 -0.973 32140.dat
1 0 80.297 8.066 -87.15 0 -1.002 0 -0.975 0 -0.235 0.235 0 -0.973 32140.dat
1 0 -59.983 -35.634 -97.21 1.002 0 0 0 -0.235 0.975 0 -0.973 -0.235 32524.dat
1 0 -59.983 5.716 -96.88 0 0 1.002 -0.235 0.975 0 -0.973 -0.235 0 2780.dat
1 0 -59.983 -72.284 -78.08 0 0 1.002 -0.235 0.975 0 -0.973 -0.235 0 2780.dat
1 71 -59.983 8.066 -87.15 -1.002 0 0 0 0.235 0.975 0 0.973 -0.235 22961.dat
1 71 -59.983 -69.934 -68.35 -1.002 0 0 0 0.235 0.975 0 0.973 -0.235 22961.dat
1 0 -80.023 8.066 -87.15 0 -1.002 0 -0.975 0 -0.235 0.235 0 -0.973 32140.dat
1 0 -80.023 -69.934 -68.35 0 1.002 0 0.975 0 -0.235 -0.235 0 -0.973 32140.dat
1 0 -90.043 -84.034 -126.73 1.002 0 0 0 -0.235 0.975 0 -0.973 -0.235 2780.dat
1 0 90.317 -84.034 -126.73 1.002 0 0 0 -0.235 0.975 0 -0.973 -0.235 2780.dat
1 0 -100.063 -25.534 -140.83 0 -1.002 0 -0.235 0 0.975 -0.973 0 -0.235 32524.dat
1 0 -110.083 32.966 -154.93 1.002 0 0 0 -0.235 0.975 0 -0.973 -0.235 2780.dat
1 1 -100.063 -6.034 -145.53 1.002 0 0 0 -0.235 0.975 0 -0.973 -0.235 6558.dat
1 0 100.337 -25.534 -140.83 0 1.002 0 0.235 0 0.975 0.973 0 -0.235 32524.dat
1 0 110.357 32.966 -154.93 -1.002 0 0 0 0.235 0.975 0 0.973 -0.235 2780.dat
1 1 100.337 -6.034 -145.53 -1.002 0 0 0 0.235 0.975 0 0.973 -0.235 6558.dat
1 72 -120.103 0.066 -291.15 0 1.002 0 -0.975 0 0.235 0.235 0 0.973 32316.dat
1 0 -110.083 -9.334 -330.07 1.002 0 0 0 0.975 0.235 0 -0.235 0.973 2780.dat
1 0 -110.083 9.466 -252.23 1.002 0 0 0 0.975 0.235 0 -0.235 0.973 2780.dat
1 72 -100.063 9.466 -252.23 0 -1.002 0 0.975 0 0.235 -0.235 0 0.973 40490.dat
1 0 -110.083 28.266 -174.39 1.002 0 0 0 0.975 0.235 0 -0.235 0.973 2780.dat
1 0 -110.083 14.166 -232.77 1.002 0 0 0 0.975 0.235 0 -0.235 0.973 2780.dat
1 72 -120.103 14.166 -232.77 0 1.002 0 -0.975 0 0.235 0.235 0 0.973 32526.dat
1 72 120.377 0.066 -291.15 0 1.002 0 -0.975 0 0.235 0.235 0 0.973 32316.dat
1 0 110.357 -9.334 -330.07 1.002 0 0 0 0.975 0.235 0 -0.235 0.973 2780.dat
1 0 110.357 9.466 -252.23 1.002 0 0 0 0.975 0.235 0 -0.235 0.973 2780.dat
1 72 100.337 9.466 -252.23 0 -1.002 0 0.975 0 0.235 -0.235 0 0.973 40490.dat
1 0 110.357 28.266 -174.39 1.002 0 0 0 0.975 0.235 0 -0.235 0.973 2780.dat
1 0 110.357 14.166 -232.77 1.002 0 0 0 0.975 0.235 0 -0.235 0.973 2780.dat
1 72 120.377 14.166 -232.77 0 1.002 0 -0.975 0 0.235 0.235 0 0.973 32526.dat
1 16 0.0002 11.3297 -149.7151 1.000046 0 0 0 -0.973099 -0.235 0 0.234542 -0.973 572.dat
1 16 0.0002 -231.4617 30.3015 1.000046 0 0 0 -0.235 0.973099 0 -0.973 -0.234542 572.dat
1 72 -19.903 18.341 -151.405 0 0 1.002 -0.235 0.975 0 -0.973 -0.235 0 6632.dat
1 1 -19.903 23.216 -152.58 0 -1.002 0 -0.975 0 -0.235 0.235 0 -0.973 43093.dat
1 1 20.177 23.216 -152.58 0 -1.002 0 -0.975 0 -0.235 0.235 0 -0.973 43093.dat
1 14 20.177 8.591 -149.055 0 -1.002 0 -0.235 0 0.975 -0.973 0 -0.235 32123.dat
1 14 -19.903 8.591 -149.055 0 -1.002 0 -0.235 0 0.975 -0.973 0 -0.235 32123.dat
1 72 0.137 32.966 -154.93 0 0 1.002 -0.235 0.975 0 -0.973 -0.235 0 40490.dat
1 71 0 -255.13 17.588 0 0 1 -0.973 -0.235 0 0.235 -0.973 0 26287.dat
1 4 30 -255.13 17.588 -1 0 0 0 -0.235 -0.973 0 -0.973 0.235 32062.dat
1 4 -30 -255.13 17.588 -1 0 0 0 -0.235 -0.973 0 -0.973 0.235 32062.dat
1 0 -40 -249.77 -45.492 0 1 0 -0.973 0 0.235 0.235 0 0.973 32140.dat
1 1 -30 -249.77 -45.492 -1 0 0 0 -0.235 -0.973 0 -0.973 0.235 43093.dat
1 14 0.098 -375.93 -56.212 1.002 0 0 0 -0.975 -0.236 0 0.235 -0.977 32073.dat
1 71 40.178 -375.93 -56.212 0 0 -1.002 0.975 -0.236 0 -0.235 -0.977 0 3713.dat
1 71 -40.02 -375.93 -56.212 0 0 -1.006 0.975 -0.237 0 -0.235 -0.981 0 3713.dat
1 72 0 -54.541 400 0 0 -1.006 0 1.009 0 1.003 0 0 3941.dat
1 72 0 -78.757 400 0 0 -1.006 0 1.009 0 1.003 0 0 3941.dat
1 72 0 -86.829 400 0 0 -1.006 0 1.009 0 1.003 0 0 15535.dat
1 0 0 -46.469 400 0 1.006 0 1.009 0 0 0 0 -1.003 3706.dat
1 71 0 -117.099 400 0 1.006 0 0 0 1.009 1.003 0 0 26287.dat
1 19 -4.873 9.341 -180.125 1.002 0 0 0 0.975 0.235 0 -0.235 0.973 4282.dat
1 19 145.427 3.041 -240.385 0 0 1.002 -0.235 0.975 0 -0.973 -0.235 0 3008.dat
1 19 -155.173 3.041 -240.385 0 0 1.002 -0.235 0.975 0 -0.973 -0.235 0 3008.dat
1 19 5.147 3.041 -240.385 0 0 1.002 -0.235 0.975 0 -0.973 -0.235 0 3008.dat
1 19 -14.893 3.041 -240.385 0 0 1.002 -0.235 0.975 0 -0.973 -0.235 0 3008.dat
1 19 -4.873 -4.759 -238.505 1.002 0 0 0 0.975 0.235 0 -0.235 0.973 4282.dat
1 19 -4.873 -18.859 -296.885 1.002 0 0 0 0.975 0.235 0 -0.235 0.973 4282.dat
1 15 -4.873 -12.559 -236.625 1.002 0 0 0 0.975 0.235 0 -0.235 0.973 60474.dat
1 15 -4.873 -106.159 -214.065 -1.002 0 0 0 0.975 -0.235 0 -0.235 -0.973 6259.dat
1 15 -4.873 -106.159 -214.065 1.002 0 0 0 0.975 0.235 0 -0.235 0.973 6259.dat
1 15 -4.873 -121.759 -210.305 1.002 0 0 0 0.975 0.235 0 -0.235 0.973 3960.dat
