0 Main
0 Name: 7817 - Crane Wagon.mpd
0 Author: LTRON
1 16 270 -24 50 1 0 0 0 1 0 0 0 1 4589.dat
1 16 270 -24 -50 1 0 0 0 1 0 0 0 1 4589.dat
1 16 -270 -24 50 1 0 0 0 1 0 0 0 1 4589.dat
1 16 -270 -24 -50 1 0 0 0 1 0 0 0 1 4589.dat
1 0 -270 38 -0.03 0 0 1 0 1 0 -1 0 0 4023.dat
1 0 -240 22 -0.03 0 0 1 0 1 0 -1 0 0 4022.dat
1 0 -304 42 -0.03 0 0 1 0 1 0 -1 0 0 73092.dat
1 0 -200 14 -0.02 -1 0 0 0 1 0 0 0 -1 4092.dat
1 0 -200 22 -30.02 -1 0 0 0 1 0 0 0 -1 3009.dat
1 0 -200 22 29.98 -1 0 0 0 1 0 0 0 -1 3009.dat
1 0 -240 46 -0.01 0 0 1 0 1 0 -1 0 0 4180.dat
1 0 -160 46 -0.01 0 0 1 0 1 0 -1 0 0 4180.dat
1 0 -200 38 -0.02 -1 0 0 0 1 0 0 0 -1 3795.dat
1 0 -200 30 -0.02 -1 0 0 0 1 0 0 0 -1 3795.dat
1 0 -180 22 -0.02 -1 0 0 0 1 0 0 0 -1 3020.dat
1 0 -304 42 0.18 0 0 -1 0 1 0 1 0 0 2959.dat
1 0 90 29 49.99 0 0 1 -1 0 0 0 -1 0 4459.dat
1 0 -90 29 49.99 0 0 1 -1 0 0 0 -1 0 4459.dat
1 0 90 29 -50.01 0 0 1 -1 0 0 0 -1 0 4459.dat
1 0 -90 29 -50.01 0 0 1 -1 0 0 0 -1 0 4459.dat
1 16 -270 -24 -0.02 0 0 1 0 1 0 -1 0 0 3633.dat
1 16 -150 -24 -0.02 0 0 -1 0 1 0 1 0 0 3633.dat
1 16 -150 -24 50 1 0 0 0 1 0 0 0 1 4589.dat
1 16 -150 -24 -50 1 0 0 0 1 0 0 0 1 4589.dat
1 16 150 -24 -0.02 0 0 1 0 1 0 -1 0 0 3633.dat
1 16 270 -24 -0.02 0 0 -1 0 1 0 1 0 0 3633.dat
1 16 150 -24 50 1 0 0 0 1 0 0 0 1 4589.dat
1 16 150 -24 -50 1 0 0 0 1 0 0 0 1 4589.dat
1 0 20 -8 -30 1 0 0 0 1 0 0 0 1 3069.dat
1 0 -20 -8 -30 1 0 0 0 1 0 0 0 1 3069.dat
1 0 20 -8 30 1 0 0 0 1 0 0 0 1 3069.dat
1 0 -20 -8 30 1 0 0 0 1 0 0 0 1 3069.dat
1 0 0 -8 0 1 0 0 0 1 0 0 0 1 3680.dat
1 0 0 40 0 1 0 0 0 1 0 0 0 1 3030.dat
1 0 0 32 0 1 0 0 0 1 0 0 0 1 3034.dat
1 0 -20 16 29.99 -1 0 0 0 1 0 0 0 -1 3660.dat
1 0 20 16 29.99 -1 0 0 0 1 0 0 0 -1 3660.dat
1 0 20 16 -30 1 0 0 0 1 0 0 0 1 3660.dat
1 0 -20 16 -30 1 0 0 0 1 0 0 0 1 3660.dat
1 7 -90 32 -0.01 0 0 1 0 1 0 -1 0 0 4262.dat
1 7 90 32 -0.01 0 0 1 0 1 0 -1 0 0 4262.dat
1 0 0 8 0 1 0 0 0 1 0 0 0 1 3006.dat
1 0 0 8 30 1 0 0 0 1 0 0 0 1 3710.dat
1 0 0 8 -30 1 0 0 0 1 0 0 0 1 3710.dat
1 0 270 38 -0.03 0 0 -1 0 1 0 1 0 0 4023.dat
1 0 240 22 -0.03 0 0 -1 0 1 0 1 0 0 4022.dat
1 0 304 42 -0.03 0 0 -1 0 1 0 1 0 0 73092.dat
1 0 200 14 -0.04 1 0 0 0 1 0 0 0 1 4092.dat
1 0 200 22 29.96 1 0 0 0 1 0 0 0 1 3009.dat
1 0 200 22 -30.04 1 0 0 0 1 0 0 0 1 3009.dat
1 0 240 46 -0.05 0 0 -1 0 1 0 1 0 0 4180.dat
1 0 160 46 -0.05 0 0 -1 0 1 0 1 0 0 4180.dat
1 0 200 38 -0.04 1 0 0 0 1 0 0 0 1 3795.dat
1 0 200 30 -0.04 1 0 0 0 1 0 0 0 1 3795.dat
1 0 180 22 -0.04 1 0 0 0 1 0 0 0 1 3020.dat
1 0 304 42 -0.24 0 0 1 0 1 0 -1 0 0 2959.dat
1 7 90 48 109.99 0 0 1 0 1 0 -1 0 0 3942.dat
1 7 -90 48 109.99 0 0 1 0 1 0 -1 0 0 3942.dat
1 7 90 48 -110.01 0 0 1 0 1 0 -1 0 0 3942.dat
1 7 -90 48 -110.01 0 0 1 0 1 0 -1 0 0 3942.dat
1 7 90 40 79.99 0 0 1 0 1 0 -1 0 0 4263.dat
1 7 -90 40 79.99 0 0 1 0 1 0 -1 0 0 4263.dat
1 7 90 40 -80.01 0 0 1 0 1 0 -1 0 0 4263.dat
1 7 -90 40 -80.01 0 0 1 0 1 0 -1 0 0 4263.dat
1 7 3.7092 -193.66 8.1014 0.866025 -0.205391 0.455867 0 0.911734 0.410781 -0.5 -0.355747 0.789584 3023.dat
1 7 2.4082 -212.2789 5.8271 0.455867 -0.205391 -0.866025 0.410781 0.911734 0 0.789584 -0.355747 0.5 3034.dat
1 7 -61.3037 -269.0026 -104.5249 0.455867 -0.205391 -0.866025 0.410781 0.911734 0 0.789584 -0.355747 0.5 3795.dat
1 7 -102.6585 -297.4153 -154.2224 -0.46452 -0.208927 0.860563 -0.410761 0.911743 -0.00037 -0.784536 -0.353658 -0.509342 4081.dat
1 7 -84.4832 -297.3644 -164.6934 0.455867 -0.205391 -0.866025 0.410781 0.911734 0 0.789584 -0.355747 0.5 4081.dat
1 7 52.0089 -175.808 71.7575 0.455867 -0.205391 -0.866025 0.410781 0.911734 0 0.789584 -0.355747 0.5 4081.dat
1 7 44.2156 -165.2981 58.2779 0.455867 -0.205391 -0.866025 0.410781 0.911734 0 0.789584 -0.355747 0.5 4275.dat
1 7 26.8896 -165.3081 68.2699 0.455867 -0.205391 -0.866025 0.410781 0.911734 0 0.789584 -0.355747 0.5 4275.dat
1 7 34.0768 -175.8589 82.1422 -0.46452 -0.208927 0.860563 -0.410761 0.911743 -0.00037 -0.784536 -0.353658 -0.509342 4081.dat
1 7 -26.5174 -229.304 -44.2718 0.455867 -0.205391 -0.866025 0.410781 0.911734 0 0.789584 -0.355747 0.5 4282.dat
1 7 5.1902 -167.38 12.4906 -0.3 0.406916 0.862797 0.8 0.59998 -0.0048 -0.519615 0.688798 -0.505527 3022.dat
1 7 -20.7674 -167.57 27.5351 -0.3 0.406916 0.862797 0.8 0.59998 -0.0048 -0.519615 0.688798 -0.505527 4275.dat
1 7 31.1447 -167.2001 -2.5628 -0.3 0.406916 0.862797 0.8 0.59998 -0.0048 -0.519615 0.688798 -0.505527 4275.dat
1 7 19.2836 -172.07 -3.0715 -0.3 0.406916 0.862797 0.8 0.59998 -0.0048 -0.519615 0.688798 -0.505527 3068.dat
1 7 -15.3268 -172.3101 16.9908 -0.3 0.406916 0.862797 0.8 0.59998 -0.0048 -0.519615 0.688798 -0.505527 3068.dat
1 7 5.1902 -167.38 12.4906 -0.3 0.406916 0.862797 0.8 0.59998 -0.0048 -0.519615 0.688798 -0.505527 3022.dat
1 16 24.9017 -153 64.8263 0.5 0 -0.866025 0 1 0 0.866025 0 0.5 4531.dat
1 16 3.5607 -129 7.8424 -0.866025 0 -0.5 0 1 0 0.5 0 -0.866025 4213.dat
1 0 -30.254 -32.876 -30.5774 0.816894 0.243079 -0.523063 0 0.906858 0.421436 0.576786 -0.344269 0.740807 4593.dat
1 0 -13.1822 -33.177 -40.9762 -0.001981 -0.420779 0.907161 0 0.907163 0.42078 -0.999998 0.000833 -0.001797 4593.dat
1 0 -12.8819 -33 -40.7746 -0.001981 0 0.999998 0 1 0 -0.999998 0 -0.001981 4592.dat
1 0 -30.2498 -33 -30.6089 0.816894 0 -0.576786 0 1 0 0.576786 0 0.816894 4592.dat
1 16 1.2367 -121 43.8363 -0.5 0 0.866025 0 1 0 -0.866025 0 -0.5 3021.dat
1 16 28.5707 -113 51.1614 -0.866025 0 -0.5 0 1 0 0.5 0 -0.866025 3747.dat
1 7 -6.4373 -25 -9.4545 0.866025 0 0.5 0 1 0 -0.5 0 0.866025 4079.dat
1 16 34.5416 -41 1.5244 0.866025 0 0.5 0 1 0 -0.5 0 0.866025 3040.dat
1 16 -17.4193 -41 31.5253 0.866025 0 0.5 0 1 0 -0.5 0 0.866025 3040.dat
1 16 23.5576 -65 42.4973 0.866025 0 0.5 0 1 0 -0.5 0 0.866025 73037.dat
1 16 -17.4193 -65 31.5253 0.866025 0 0.5 0 1 0 -0.5 0 0.866025 3005.dat
1 16 34.5416 -65 1.5244 0.866025 0 0.5 0 1 0 -0.5 0 0.866025 3005.dat
1 16 -36.4142 -129 -61.4545 0.866025 0 0.5 0 1 0 -0.5 0 0.866025 3020.dat
1 16 39.5356 -145 10.1554 -0.5 0 0.866025 0 1 0 -0.866025 0 -0.5 4531.dat
1 16 -12.4203 -145 40.1634 -0.5 0 0.866025 0 1 0 -0.866025 0 -0.5 4531.dat
1 16 42.2216 -153 54.8263 0.5 0 -0.866025 0 1 0 0.866025 0 0.5 4531.dat
1 47 -21.4223 -121 -35.4685 0.866025 0 0.5 0 1 0 -0.5 0 0.866025 4872.dat
1 16 -21.4223 -129 -35.4685 -0.866025 0 -0.5 0 1 0 0.5 0 -0.866025 4315.dat
1 16 28.5707 -137 51.1614 0.866025 0 0.5 0 1 0 -0.5 0 0.866025 3023.dat
1 16 28.5707 -129 51.1614 0.866025 0 0.5 0 1 0 -0.5 0 0.866025 3023.dat
1 16 43.5616 -137 77.1472 0.866025 0 0.5 0 1 0 -0.5 0 0.866025 3003.dat
1 16 35.8776 -121 23.8363 -0.5 0 0.866025 0 1 0 -0.866025 0 -0.5 3021.dat
1 16 1.2367 -121 43.8363 -0.5 0 0.866025 0 1 0 -0.866025 0 -0.5 3021.dat
1 16 44.5376 -113 18.8364 -0.5 0 0.866025 0 1 0 -0.866025 0 -0.5 3622.dat
1 16 -7.4243 -113 48.8373 -0.5 0 0.866025 0 1 0 -0.866025 0 -0.5 3622.dat
1 16 13.5627 -113 25.1864 0.866025 0 0.5 0 1 0 -0.5 0 0.866025 3003.dat
1 16 28.5707 -113 51.1614 -0.866025 0 -0.5 0 1 0 0.5 0 -0.866025 3747.dat
1 16 4.5437 -25 -50.4355 0.5 0 -0.866025 0 1 0 0.866025 0 0.5 30039.dat
1 16 -47.4202 -25 -20.4355 0.5 0 -0.866025 0 1 0 0.866025 0 0.5 30039.dat
1 16 -21.4483 -25 -35.4305 0.866025 0 0.5 0 1 0 -0.5 0 0.866025 3023.dat
1 16 28.5707 -89 51.1614 0.866025 0 0.5 0 1 0 -0.5 0 0.866025 3010.dat
1 16 13.5627 -89 25.1864 0.866025 0 0.5 0 1 0 -0.5 0 0.866025 3001.dat
1 16 3.5617 -17 7.8654 0.5 0 -0.866025 0 1 0 0.866025 0 0.5 3032.dat
1 7 3.5617 -9 7.8654 0.5 0 -0.866025 0 1 0 0.866025 0 0.5 3679.dat
1 16 250.0099 -72 20.15 -1 0 0 0 1 0 0 0 -1 3941.dat
1 16 250.0099 -48 20.15 -1 0 0 0 1 0 0 0 -1 3941.dat
1 16 210.0099 -72 20.15 -1 0 0 0 1 0 0 0 -1 3941.dat
1 16 210.0099 -48 20.15 -1 0 0 0 1 0 0 0 -1 3941.dat
1 16 170.0099 -72 20.15 -1 0 0 0 1 0 0 0 -1 3941.dat
1 16 170.0099 -48 20.15 -1 0 0 0 1 0 0 0 -1 3941.dat
1 16 250.0099 -72 -19.85 -1 0 0 0 1 0 0 0 -1 3941.dat
1 16 250.0099 -48 -19.85 -1 0 0 0 1 0 0 0 -1 3941.dat
1 16 210.0099 -72 -19.85 -1 0 0 0 1 0 0 0 -1 3941.dat
1 16 210.0099 -48 -19.85 -1 0 0 0 1 0 0 0 -1 3941.dat
1 16 170.0099 -72 -19.85 -1 0 0 0 1 0 0 0 -1 3941.dat
1 16 170.0099 -48 -19.85 -1 0 0 0 1 0 0 0 -1 3941.dat
1 7 260 -16 0.14 0 0 -1 0 1 0 1 0 0 3710.dat
1 7 160 -16 0.14 0 0 -1 0 1 0 1 0 0 3710.dat
1 7 210 -24 0.17 -1 0 0 0 1 0 0 0 -1 3032.dat
1 14 -11.81 -102 -0.7 0.866025 0 0.5 0 1 0 -0.5 0 0.866025 3626.dat
1 4 -11.81 -102 -0.7 0.866025 0 0.5 0 1 0 -0.5 0 0.866025 3833.dat
1 1 -11.81 -78 -0.7 0.866025 0 0.5 0 1 0 -0.5 0 0.866025 973.dat
