0 
0 Name: New Model.ldr
0 Author: 
1 15 -1043 -27 -740 0.92388 0 0.382683 0 1 0 -0.382683 0 0.92388 3832.dat
1 15 -1098.4327 -19 -717.039 -0.382683 0 0.92388 0 1 0 -0.92388 0 -0.382683 3795.dat
1 15 -987.5672 -19 -762.961 -0.382683 0 0.92388 0 1 0 -0.92388 0 -0.382683 3795.dat
1 0 -963.6776 -19 -783.6803 0.92388 0 0.382683 0 1 0 -0.382683 0 0.92388 4081.dat
1 0 -956.024 -19 -765.2027 -0.92388 0 -0.382683 0 1 0 0.382683 0 -0.92388 4081.dat
1 0 -972.2599 -11 -726.0058 0.382683 0 -0.92388 0 1 0 0.92388 0 0.382683 4229.dat
1 0 -1002.8745 -11 -799.9162 0.382683 0 -0.92388 0 1 0 0.92388 0 0.382683 4229.dat
1 0 -1113.7401 -11 -753.9942 0.382683 0 -0.92388 0 1 0 0.92388 0 0.382683 4229.dat
1 0 -1083.1255 -11 -680.0838 0.382683 0 -0.92388 0 1 0 0.92388 0 0.382683 4229.dat
1 15 -1126.1492 -35 -705.5585 0.382683 0 -0.92388 0 1 0 0.92388 0 0.382683 3023.dat
1 15 -1070.7164 -35 -728.5195 0.382683 0 -0.92388 0 1 0 0.92388 0 0.382683 3023.dat
1 15 -1098.4327 -35 -717.039 0.382683 0 -0.92388 0 1 0 0.92388 0 0.382683 3068.dat
1 0 -1008.2865 -43 -786.8505 0.382683 0 -0.92388 0 1 0 0.92388 0 0.382683 4070.dat
1 0 -985.3255 -43 -731.4177 0.382683 0 -0.92388 0 1 0 0.92388 0 0.382683 4070.dat
1 15 -978.3284 -35 -766.7878 0.382683 0 -0.92388 0 1 0 0.92388 0 0.382683 4598.dat
1 0 -1126.1492 -43 -705.5585 0.382683 0 -0.92388 0 1 0 0.92388 0 0.382683 3069.dat
1 0 -1070.7164 -43 -728.5195 0.382683 0 -0.92388 0 1 0 0.92388 0 0.382683 3069.dat
1 0 -972.3912 -33 -736.7753 0.382683 -0.92388 0 0 0 -1 0.92388 0.382683 0 4592.dat
1 0 -972.3912 -33 -736.7753 0.382683 -0.774831 -0.503181 0 0.544639 -0.838671 0.92388 0.320945 0.208424 4593.dat
1 0 -995.3522 -33 -792.2081 0.382683 -0.92388 0 0 0 -1 0.92388 0.382683 0 4592.dat
1 0 -995.3522 -33 -792.2081 0.382683 -0.862516 -0.331089 0 0.358368 -0.93358 0.92388 0.357265 0.137141 4593.dat
1 15 -1092.3643 -27 -676.257 0.382683 0 -0.92388 0 1 0 0.92388 0 0.382683 4275.dat
1 15 -1073.8867 -27 -683.9106 0.382683 0 -0.92388 0 1 0 0.92388 0 0.382683 4275.dat
1 15 -1122.9789 -27 -750.1674 -0.382683 0 0.92388 0 1 0 -0.92388 0 -0.382683 4275.dat
1 15 -1104.5013 -27 -757.821 -0.382683 0 0.92388 0 1 0 -0.92388 0 -0.382683 4275.dat
1 15 -1076.2372 -53 -663.454 0 0.382683 -0.92388 -1 0 0 0 0.92388 0.382683 4871.dat
1 15 -1082.4146 -53 -652.2361 0 0.382683 0.92388 1 0 0 0 0.92388 -0.382683 4276.dat
1 15 -1063.9369 -53 -659.8898 0 0.382683 0.92388 1 0 0 0 0.92388 -0.382683 4276.dat
1 0 -1076.2372 -53 -663.454 0 0.382683 0.92388 1 0 0 0 0.92388 -0.382683 3022.dat
1 15 -1079.2987 -93 -670.845 0 0.382683 0.92388 1 0 0 0 0.92388 -0.382683 3795.dat
1 15 -1082.3601 -113 -678.2361 -0.92388 0.382683 0 0 0 1 0.382683 0.92388 0 3956.dat
1 15 -1090.0138 -149 -696.7137 0.92388 0 0.382683 0 1 0 -0.382683 0 0.92388 3068.dat
1 15 -1120.6284 -53 -770.6241 0 -0.382683 0.92388 -1 0 0 0 -0.92388 -0.382683 4871.dat
1 15 -1114.451 -53 -781.8419 0 -0.382683 -0.92388 1 0 0 0 -0.92388 0.382683 4276.dat
1 15 -1132.9287 -53 -774.1883 0 -0.382683 -0.92388 1 0 0 0 -0.92388 0.382683 4276.dat
1 0 -1120.6284 -53 -770.6241 0 -0.382683 -0.92388 1 0 0 0 -0.92388 0.382683 3022.dat
1 15 -1117.5669 -93 -763.233 0 -0.382683 -0.92388 1 0 0 0 -0.92388 0.382683 3795.dat
1 15 -1114.5055 -113 -755.842 0.92388 -0.382683 0 0 0 1 -0.382683 -0.92388 0 3956.dat
1 15 -1106.8518 -149 -737.3644 -0.92388 0 -0.382683 0 1 0 0.382683 0 -0.92388 3068.dat
1 0 -1098.4327 -51 -717.039 0.92388 0 0.382683 0 1 0 -0.382683 0 0.92388 3035.dat
1 15 -1086.9523 -59 -689.3226 0.92388 0 0.382683 0 1 0 -0.382683 0 0.92388 3710.dat
1 15 -1109.9133 -59 -744.7554 0.92388 0 0.382683 0 1 0 -0.382683 0 0.92388 3710.dat
1 15 -1163.1044 -75 -690.2512 -0.382683 0 0.92388 0 1 0 -0.92388 0 -0.382683 3004.dat
1 15 -1033.7612 -75 -743.8268 -0.382683 0 0.92388 0 1 0 -0.92388 0 -0.382683 3004.dat
1 15 -1165.3461 -75 -721.7944 0.92388 0 0.382683 0 1 0 -0.382683 0 0.92388 3937.dat
1 15 -1142.3851 -75 -666.3616 -0.92388 0 -0.382683 0 1 0 0.382683 0 -0.92388 3937.dat
1 15 -1031.5195 -75 -712.2836 -0.92388 0 -0.382683 0 1 0 0.382683 0 -0.92388 3937.dat
1 15 -1054.4805 -75 -767.7164 0.92388 0 0.382683 0 1 0 -0.382683 0 0.92388 3937.dat
1 15 -1068.4747 -83 -696.9763 0.92388 0 0.382683 0 1 0 -0.382683 0 0.92388 4865.dat
1 15 -1105.4299 -83 -681.6689 0.92388 0 0.382683 0 1 0 -0.382683 0 0.92388 4865.dat
1 15 -1128.3909 -83 -737.1017 -0.92388 0 -0.382683 0 1 0 0.382683 0 -0.92388 4865.dat
1 15 -1091.4357 -83 -752.4091 -0.92388 0 -0.382683 0 1 0 0.382683 0 -0.92388 4865.dat
1 15 -1163.1044 -99 -690.2512 0.382683 0 -0.92388 0 1 0 0.92388 0 0.382683 3004.dat
1 15 -1033.7612 -99 -743.8268 0.382683 0 -0.92388 0 1 0 0.92388 0 0.382683 3004.dat
1 15 -1163.1044 -107 -690.2512 0.382683 0 -0.92388 0 1 0 0.92388 0 0.382683 3023.dat
1 15 -1033.7612 -107 -743.8268 0.382683 0 -0.92388 0 1 0 0.92388 0 0.382683 3023.dat
1 15 -1163.1044 -115 -690.2512 0.382683 0 -0.92388 0 1 0 0.92388 0 0.382683 3069.dat
1 15 -1033.7612 -115 -743.8268 0.382683 0 -0.92388 0 1 0 0.92388 0 0.382683 3069.dat
1 0 -1043 -43 -740 0.382683 0 -0.92388 0 1 0 0.92388 0 0.382683 3022.dat
1 0 -1098.4327 -43 -717.039 0.382683 0 -0.92388 0 1 0 0.92388 0 0.382683 3022.dat
1 0 -1153.8656 -43 -694.0781 0.382683 0 -0.92388 0 1 0 0.92388 0 0.382683 3022.dat
1 15 -1031.5195 -75 -712.2836 0.92388 0 0.382683 0 1 0 -0.382683 0 0.92388 3938.dat
1 15 -1142.3851 -75 -666.3616 0.92388 0 0.382683 0 1 0 -0.382683 0 0.92388 3938.dat
1 15 -1142.3851 -83 -666.3616 0.92388 0 0.382683 0 1 0 -0.382683 0 0.92388 3023.dat
1 15 -1142.3851 -91 -666.3616 0.92388 0 0.382683 0 1 0 -0.382683 0 0.92388 3023.dat
1 15 -1031.5195 -83 -712.2836 0.92388 0 0.382683 0 1 0 -0.382683 0 0.92388 3023.dat
1 15 -1031.5195 -91 -712.2836 0.92388 0 0.382683 0 1 0 -0.382683 0 0.92388 3023.dat
1 15 -1086.9523 -115 -689.3226 0.92388 0 0.382683 0 1 0 -0.382683 0 0.92388 3008.dat
1 15 -1090.7792 -123 -698.5614 0.92388 0 0.382683 0 1 0 -0.382683 0 0.92388 3034.dat
1 15 -1086.9523 -131 -689.3226 0.92388 0 0.382683 0 1 0 -0.382683 0 0.92388 3069.dat
1 0 -1094.606 -131 -707.8002 0.92388 0 0.382683 0 1 0 -0.382683 0 0.92388 3069.dat
1 15 -1165.3461 -75 -721.7944 -0.92388 0 -0.382683 0 1 0 0.382683 0 -0.92388 3938.dat
1 15 -1054.4805 -75 -767.7164 -0.92388 0 -0.382683 0 1 0 0.382683 0 -0.92388 3938.dat
1 15 -1054.4805 -83 -767.7164 -0.92388 0 -0.382683 0 1 0 0.382683 0 -0.92388 3023.dat
1 15 -1054.4805 -91 -767.7164 -0.92388 0 -0.382683 0 1 0 0.382683 0 -0.92388 3023.dat
1 15 -1165.3461 -83 -721.7944 -0.92388 0 -0.382683 0 1 0 0.382683 0 -0.92388 3023.dat
1 15 -1165.3461 -91 -721.7944 -0.92388 0 -0.382683 0 1 0 0.382683 0 -0.92388 3023.dat
1 15 -1109.9133 -115 -744.7554 -0.92388 0 -0.382683 0 1 0 0.382683 0 -0.92388 3008.dat
1 15 -1106.0864 -123 -735.5166 -0.92388 0 -0.382683 0 1 0 0.382683 0 -0.92388 3034.dat
1 15 -1109.9133 -131 -744.7554 0.92388 0 0.382683 0 1 0 -0.382683 0 0.92388 3069.dat
1 0 -1102.2605 -131 -726.2775 -0.92388 0 -0.382683 0 1 0 0.382683 0 -0.92388 3069.dat
1 15 -928.0449 -17 -755.1441 0.382683 -0.92388 0 0 0 -1 0.92388 0.382683 0 752.dat
1 15 -951.0059 -17 -810.5769 0.382683 -0.92388 0 0 0 -1 0.92388 0.382683 0 752.dat
1 511 -928.0449 -17 -755.1441 0.382683 0.92388 0 0 0 1 0.92388 -0.382683 0 755.dat
1 511 -951.0059 -17 -810.5769 0.382683 0.92388 0 0 0 1 0.92388 -0.382683 0 755.dat
1 511 -944.5663 -17 -813.2098 0.334883 0.942272 0 0 0 -1 0.942272 -0.334883 0 756.dat
1 511 -942.4359 -17 -813.967 0.29915 0.954259 0 0 0 -1 0.954259 -0.29915 0 756.dat
1 511 -940.2527 -17 -814.6516 0.262751 0.964898 0 0 0 -1 0.964898 -0.262751 0 756.dat
1 511 -938.0699 -17 -815.2458 0.2255 0.974267 0 0 0 -1 0.974267 -0.2255 0 756.dat
1 511 -935.8654 -17 -815.756 0.186953 0.982332 0 0 0 -1 0.982332 -0.186953 0 756.dat
1 511 -933.6401 -17 -816.1795 0.146923 0.989171 0 0 0 -1 0.989171 -0.146923 0 756.dat
1 511 -931.3978 -17 -816.5124 0.10485 0.994476 0 0 0 -1 0.994476 -0.10485 0 756.dat
1 511 -929.1411 -17 -816.7505 0.060696 0.998153 0 0 0 -1 0.998153 -0.060696 0 756.dat
1 511 -926.8743 -17 -816.8884 0.0139 0.999893 0 0 0 -1 0.999893 -0.0139 0 756.dat
1 511 -924.6014 -17 -816.9201 -0.035468 0.999344 0 0 0 -1 0.999344 0.035468 0 756.dat
1 511 -922.357 -17 -816.8401 -0.0881 0.996141 0 0 0 -1 0.996141 0.0881 0 756.dat
1 511 -920.0908 -17 -816.6398 -0.144656 0.989477 0 0 0 -1 0.989477 0.144656 0 756.dat
1 511 -917.8396 -17 -816.311 -0.204918 0.978827 0 0 0 -1 0.978827 0.204918 0 756.dat
1 511 -915.6149 -17 -815.8448 -0.268639 0.963225 0 0 0 -1 0.963225 0.268639 0 756.dat
1 511 -913.4537 -17 -815.2419 -0.335941 0.941853 0 0 0 -1 0.941853 0.335941 0 756.dat
1 511 -911.3163 -17 -814.4799 -0.406782 0.913505 0 0 0 -1 0.913505 0.406782 0 756.dat
1 511 -909.2471 -17 -813.558 -0.480321 0.877074 0 0 0 -1 0.877074 0.480321 0 756.dat
1 511 -907.2382 -17 -812.4581 -0.554427 0.832219 0 0 0 -1 0.832219 0.554427 0 756.dat
1 511 -905.3566 -17 -811.2053 -0.627039 0.778951 0 0 0 -1 0.778951 0.627039 0 756.dat
1 511 -903.5975 -17 -809.7886 -0.69635 0.717714 0 0 0 -1 0.717714 0.69635 0 756.dat
1 511 -901.9761 -17 -808.2155 -0.76053 0.649264 0 0 0 -1 0.649264 0.76053 0 756.dat
1 511 -900.49 -17 -806.4752 -0.817546 0.575991 0 0 0 -1 0.575898 0.817507 0 756.dat
1 511 -899.1868 -17 -804.6252 -0.865596 0.500659 0 0 0 -1 0.500659 0.865596 0 756.dat
1 511 -898.0535 -17 -802.6652 -0.905031 0.425315 0 0 0 -1 0.425315 0.905031 0 756.dat
1 511 -897.0903 -17 -800.6168 -0.936567 0.350487 0 0 0 -1 0.350487 0.936567 0 756.dat
1 511 -896.2982 -17 -798.498 -0.962668 0.270486 0 0 0 -1 0.270486 0.962668 0 756.dat
1 511 -895.6857 -17 -796.319 -0.982926 0.183951 0 0 0 -1 0.183951 0.982926 0 756.dat
1 511 -895.269 -17 -794.0953 -0.995643 0.092886 0 0 0 -1 0.092886 0.995643 0 756.dat
1 511 -895.0596 -17 -791.8442 -1.000016 -0.00077 0 0 0 -1 -0.00077 1.000016 0 756.dat
1 511 -895.0607 -17 -789.5579 -0.995544 -0.093976 0 0 0 -1 -0.093976 0.995544 0 756.dat
1 511 -895.2733 -17 -787.309 -0.982949 -0.183511 0 0 0 -1 -0.183511 0.982949 0 756.dat
1 511 -895.6878 -17 -785.0876 -0.963349 -0.268155 0 0 0 -1 -0.268155 0.963349 0 756.dat
1 511 -896.2949 -17 -782.9081 -0.938062 -0.346387 0 0 0 -1 -0.346387 0.938062 0 756.dat
1 511 -897.0795 -17 -780.7831 -0.908605 -0.417687 0 0 0 -1 -0.417687 0.908605 0 756.dat
1 511 -898.0268 -17 -778.722 -0.876201 -0.481873 0 0 0 -1 -0.481873 0.876201 0 756.dat
1 511 -899.1215 -17 -776.7317 -0.842081 -0.539302 0 0 0 -1 -0.539302 0.842081 0 756.dat
1 511 -900.3481 -17 -774.8168 -0.807159 -0.590352 0 0 0 -1 -0.590352 0.807159 0 756.dat
1 511 -901.6907 -17 -772.9809 -0.772072 -0.635517 0 0 0 -1 -0.635517 0.772072 0 756.dat
1 511 -903.1193 -17 -771.2455 -0.737111 -0.67576 0 0 0 -1 -0.67576 0.737111 0 756.dat
1 511 -904.6567 -17 -769.5688 -0.702304 -0.711933 0 0 0 -1 -0.711933 0.702304 0 756.dat
1 511 -906.275 -17 -767.9723 -0.66786 -0.744276 0 0 0 -1 -0.744276 0.66786 0 756.dat
1 511 -907.966 -17 -766.455 -0.633914 -0.773382 0 0 0 -1 -0.773382 0.633914 0 756.dat
1 511 -909.721 -17 -765.0162 -0.600436 -0.799697 0 0 0 -1 -0.799697 0.600436 0 756.dat
1 511 -911.534 -17 -763.6548 -0.567224 -0.82352 0 0 0 -1 -0.82352 0.567224 0 756.dat
1 511 -913.3992 -17 -762.3698 -0.534248 -0.845297 0 0 0 -1 -0.845297 0.534248 0 756.dat
1 511 -915.313 -17 -761.1602 -0.50136 -0.865197 0 0 0 -1 -0.865197 0.50136 0 756.dat
1 511 -917.2701 -17 -760.0263 -0.468268 -0.883559 0 0 0 -1 -0.883559 0.468268 0 756.dat
1 511 -919.268 -17 -758.9675 -0.434824 -0.900551 0 0 0 -1 -0.900551 0.434824 0 756.dat
1 511 -921.3038 -17 -757.9846 -0.400622 -0.916233 0 0 0 -1 -0.916233 0.400622 0 756.dat
1 511 -923.3997 -17 -757.0682 -0.382683 -0.92388 0 0 0 -1 -0.92388 0.382683 0 756.dat
1 511 -925.4756 -17 -756.2083 -0.382683 -0.92388 0 0 0 -1 -0.92388 0.382683 0 756.dat
1 15 -985.3255 -61 -731.4177 0.382683 0 -0.92388 0 1 0 0.92388 0 0.382683 752.dat
1 15 -1008.2865 -61 -786.8505 0.382683 0 -0.92388 0 1 0 0.92388 0 0.382683 752.dat
1 511 -985.3255 -61 -731.4177 0.382683 0 0.92388 0 -1 0 0.92388 0 -0.382683 755.dat
1 511 -1008.2865 -61 -786.8505 0.382683 0 0.92388 0 -1 0 0.92388 0 -0.382683 755.dat
1 511 -1008.2742 -67.957 -786.821 0.382186 0.019593 -0.92388 0.0512 -0.9987 0 0.922679 0.047303 0.382683 756.dat
1 511 -1008.2302 -70.215 -786.7147 0.381191 0.033982 -0.92388 0.0888 -0.9961 0 0.920277 0.082041 0.382683 756.dat
1 511 -1008.1522 -72.494 -786.5262 0.379622 0.048409 -0.92388 0.1265 -0.992 0 0.916489 0.116871 0.382683 756.dat
1 511 -1008.0427 -74.738 -786.262 0.377479 0.062951 -0.92388 0.1645 -0.9864 0 0.911315 0.151978 0.382683 756.dat
1 511 -1007.9004 -76.97 -785.9183 0.374685 0.077761 -0.92388 0.2032 -0.9791 0 0.904571 0.187732 0.382683 756.dat
1 511 -1007.7243 -79.188 -785.4933 0.371241 0.092915 -0.92388 0.2428 -0.9701 0 0.896256 0.224318 0.382683 756.dat
1 511 -1007.5135 -81.387 -784.9843 0.366955 0.108567 -0.92388 0.2837 -0.9589 0 0.885909 0.262105 0.382683 756.dat
1 511 -1007.267 -83.563 -784.3893 0.361789 0.124716 -0.92388 0.3259 -0.9454 0 0.873436 0.301092 0.382683 756.dat
1 511 -1006.9838 -85.71 -783.7057 0.355551 0.141516 -0.92388 0.3698 -0.9291 0 0.858377 0.341651 0.382683 756.dat
1 511 -1006.6624 -87.822 -782.9296 0.348127 0.15889 -0.92388 0.4152 -0.9097 0 0.840454 0.383595 0.382683 756.dat
1 511 -1006.3054 -89.865 -782.0676 0.339287 0.177029 -0.92388 0.4626 -0.8866 0 0.819112 0.427387 0.382683 756.dat
1 511 -1005.9028 -91.882 -781.0957 0.328648 0.196049 -0.92388 0.5123 -0.8588 0 0.793428 0.473304 0.382683 756.dat
1 511 -1005.4565 -93.836 -780.0184 0.316058 0.215795 -0.92388 0.5639 -0.8259 0 0.763032 0.520976 0.382683 756.dat
1 511 -1004.9659 -95.713 -778.834 0.30121 0.236039 -0.92388 0.6168 -0.7871 0 0.727186 0.569849 0.382683 756.dat
1 511 -1004.4363 -97.479 -777.5554 0.283798 0.256704 -0.92388 0.6708 -0.7416 0 0.685149 0.619739 0.382683 756.dat
1 511 -1003.8539 -99.162 -776.1492 0.263401 0.277598 -0.92388 0.7254 -0.6883 0 0.635907 0.670183 0.382683 756.dat
1 511 -1003.2251 -100.721 -774.6313 0.239751 0.298263 -0.92388 0.7794 -0.6265 0 0.578811 0.720072 0.382683 756.dat
1 511 -1002.5421 -102.156 -772.9822 0.21304 0.317895 -0.92388 0.8307 -0.5567 0 0.514324 0.767467 0.382683 756.dat
1 511 -1001.8234 -103.415 -771.2471 0.183573 0.335766 -0.92388 0.8774 -0.4797 0 0.443185 0.810612 0.382683 756.dat
1 511 -1001.0649 -104.498 -769.416 0.151772 0.351303 -0.92388 0.918 -0.3966 0 0.366411 0.848122 0.382683 756.dat
1 511 -1000.2712 -105.394 -767.4999 0.118173 0.36397 -0.92388 0.9511 -0.3088 0 0.285294 0.878702 0.382683 756.dat
1 511 -999.4385 -106.101 -765.4895 0.083884 0.373384 -0.92388 0.9757 -0.2193 0 0.202514 0.90143 0.382683 756.dat
1 511 -998.5935 -106.597 -763.4496 0.050246 0.379354 -0.92388 0.9913 -0.1313 0 0.121305 0.915842 0.382683 756.dat
1 511 -997.7344 -106.894 -761.3755 0.017833 0.382262 -0.92388 0.9989 -0.0466 0 0.043053 0.922864 0.382683 756.dat
1 511 -996.8695 -107 -759.2875 -0.013241 0.382453 -0.92388 0.9994 0.0346 0 -0.031966 0.923326 0.382683 756.dat
1 511 -996.0043 -106.921 -757.1986 -0.045348 0.379966 -0.92388 0.9929 0.1185 0 -0.10948 0.91732 0.382683 756.dat
1 511 -995.144 -106.653 -755.1218 -0.078909 0.374455 -0.92388 0.9785 0.2062 0 -0.190504 0.904017 0.382683 756.dat
1 511 -994.2968 -106.187 -753.0763 -0.112968 0.365615 -0.92388 0.9554 0.2952 0 -0.272729 0.882675 0.382683 756.dat
1 511 -993.4702 -105.519 -751.0807 -0.146721 0.353446 -0.92388 0.9236 0.3834 0 -0.354216 0.853296 0.382683 756.dat
1 511 -992.6623 -104.643 -749.1304 -0.179019 0.338215 -0.92388 0.8838 0.4678 0 -0.432191 0.816525 0.382683 756.dat
1 511 -991.8981 -103.586 -747.2854 -0.20883 0.32065 -0.92388 0.8379 0.5457 0 -0.504161 0.774119 0.382683 756.dat
1 511 -991.1736 -102.353 -745.5365 -0.235886 0.301325 -0.92388 0.7874 0.6164 0 -0.56948 0.727463 0.382683 756.dat
1 511 -990.4918 -100.958 -743.8901 -0.259842 0.280928 -0.92388 0.7341 0.679 0 -0.627315 0.67822 0.382683 756.dat
1 511 -989.8553 -99.42 -742.3537 -0.280736 0.260071 -0.92388 0.6796 0.7336 0 -0.677758 0.627869 0.382683 756.dat
1 511 -989.2656 -97.756 -740.93 -0.298684 0.239215 -0.92388 0.6251 0.7805 0 -0.721088 0.577517 0.382683 756.dat
1 511 -988.7222 -95.983 -739.6181 -0.313991 0.218742 -0.92388 0.5716 0.8205 0 -0.758044 0.52809 0.382683 756.dat
1 511 -988.2247 -94.117 -738.4171 -0.326926 0.198919 -0.92388 0.5198 0.8543 0 -0.789271 0.480233 0.382683 756.dat
1 511 -987.7724 -92.174 -737.325 -0.337756 0.179899 -0.92388 0.4701 0.8826 0 -0.815416 0.434316 0.382683 756.dat
1 511 -987.3679 -90.19 -736.3485 -0.346864 0.161645 -0.92388 0.4224 0.9064 0 -0.837405 0.390247 0.382683 756.dat
1 511 -987.0001 -88.128 -735.4606 -0.354556 0.144042 -0.92388 0.3764 0.9265 0 -0.855975 0.347748 0.382683 756.dat
1 511 -986.6729 -86.022 -734.6707 -0.360947 0.127127 -0.92388 0.3322 0.9432 0 -0.871404 0.306913 0.382683 756.dat
1 511 -986.384 -83.879 -733.9732 -0.366266 0.110863 -0.92388 0.2897 0.9571 0 -0.884246 0.267648 0.382683 756.dat
1 511 -986.1322 -81.707 -733.3653 -0.370667 0.095173 -0.92388 0.2487 0.9686 0 -0.89487 0.229769 0.382683 756.dat
1 511 -985.9164 -79.511 -732.8442 -0.374226 0.079942 -0.92388 0.2089 0.9779 0 -0.903462 0.192999 0.382683 756.dat
1 511 -985.7354 -77.296 -732.4072 -0.377096 0.065094 -0.92388 0.1701 0.9854 0 -0.910391 0.157152 0.382683 756.dat
1 511 -985.588 -75.065 -732.0515 -0.379315 0.050552 -0.92388 0.1321 0.9912 0 -0.91575 0.122045 0.382683 756.dat
1 511 -985.4736 -72.823 -731.7753 -0.380961 0.036164 -0.92388 0.0945 0.9955 0 -0.919723 0.087307 0.382683 756.dat
1 511 -985.3921 -70.572 -731.5785 -0.382071 0.021851 -0.92388 0.0571 0.9984 0 -0.922402 0.052754 0.382683 756.dat
1 511 -985.3423 -68.315 -731.4584 -0.382606 0.007462 -0.92388 0.0195 0.9998 0 -0.923695 0.018016 0.382683 756.dat
1 511 -985.3255 -66.028 -731.4177 -0.382683 0 -0.92388 0 1 0 -0.92388 0 0.382683 756.dat
1 511 -985.3255 -63.781 -731.4177 -0.382683 0 -0.92388 0 1 0 -0.92388 0 0.382683 756.dat
