0 Main
0 Name: 8074-1 - Universal _F2SGwu5.mpd
0 Author: LTRON
1 14 -40 0 -110 1 0 0 0 1 0 0 0 1 3710.dat
1 14 40 0 -110 1 0 0 0 1 0 0 0 1 3710.dat
1 14 40 0 110 1 0 0 0 1 0 0 0 1 3710.dat
1 14 -40 0 110 1 0 0 0 1 0 0 0 1 3710.dat
1 14 0 -24 -110 1 0 0 0 1 0 0 0 1 3894.dat
1 14 0 -24 110 1 0 0 0 1 0 0 0 1 3894.dat
1 14 70 -24 0 0 0 -1 0 1 0 1 0 0 3895.dat
1 14 -70 -24 0 0 0 -1 0 1 0 1 0 0 3895.dat
1 0 80 -14 -100 1 0 0 0 1 0 0 0 1 2780.dat
1 0 -80 -14 -100 1 0 0 0 1 0 0 0 1 2780.dat
1 0 -80 -14 100 1 0 0 0 1 0 0 0 1 2780.dat
1 0 80 -14 100 1 0 0 0 1 0 0 0 1 2780.dat
1 14 -90 -153.993 89.897 0 0 -1 0.99 0.143 0 0.143 -0.99 0 3703.dat
1 14 -90 -153.993 -89.897 0 0 1 0.99 0.143 0 -0.143 0.99 0 3703.dat
1 0 -80 -291.128 -60 1 0 0 0 1 0 0 0 1 2780.dat
1 0 -80 -291.128 60 1 0 0 0 1 0 0 0 1 2780.dat
1 7 -100 -53.59 94.286 -1 0 0 0 1 0 0 0 -1 3749.dat
1 7 -100 -53.59 -94.286 -1 0 0 0 1 0 0 0 -1 3749.dat
1 7 -100 -231.744 -68.571 -1 0 0 0 1 0 0 0 -1 3749.dat
1 7 -100 -231.744 68.571 -1 0 0 0 1 0 0 0 -1 3749.dat
1 14 -40 -32 -110 1 0 0 0 1 0 0 0 1 3710.dat
1 14 40 -32 -110 1 0 0 0 1 0 0 0 1 3710.dat
1 14 -40 -32 110 1 0 0 0 1 0 0 0 1 3710.dat
1 14 40 -32 110 1 0 0 0 1 0 0 0 1 3710.dat
1 14 90 -153.993 89.897 0 0 -1 0.99 0.143 0 0.143 -0.99 0 3703.dat
1 14 90 -153.993 -89.897 0 0 1 0.99 0.143 0 -0.143 0.99 0 3703.dat
1 0 80 -291.163 59.977 1 0 0 0 1 0 0 0 1 2780.dat
1 7 100 -53.59 94.286 1 0 0 0 1 0 0 0 1 3749.dat
1 7 100 -231.744 68.571 1 0 0 0 1 0 0 0 1 3749.dat
1 7 100 -231.744 -68.571 1 0 0 0 1 0 0 0 1 3749.dat
1 7 100 -53.59 -94.286 1 0 0 0 1 0 0 0 1 3749.dat
1 7 100 -192.163 -74.277 1 0 0 0 1 0 0 0 1 3673.dat
1 0 20 -132.763 -82.857 1 0 0 0 0.995 -0.105 0 0.105 0.995 3708.dat
1 7 75 -132.763 -82.857 0 0 -1 -0.105 0.995 0 0.995 0.105 0 4265.dat
1 7 62 -132.763 -82.857 0 0 1 0.105 0.995 0 -0.995 0.105 0 4265.dat
1 14 0 -269.163 -60.023 1 0 0 0 1 0 0 0 1 3738.dat
1 0 -70 -277.163 -60.023 0 0 1 0 1 0 -1 0 0 3023.dat
1 0 60 -277.163 -60.023 0 0 1 0 1 0 -1 0 0 3022.dat
1 14 -70 -301.163 -0.023 0 0 1 0 1 0 -1 0 0 3702.dat
1 0 -60 -291.163 39.977 1 0 0 0 1 0 0 0 1 2780.dat
1 7 0 -341.163 19.977 0 0 1 0 1 0 -1 0 0 2856.dat
1 7 0 -341.163 19.977 -1 0 0 0 1 0 0 0 -1 2855.dat
1 0 60 -291.163 39.977 1 0 0 0 1 0 0 0 1 2780.dat
1 0 60 -371.163 19.977 1 0 0 0 1 0 0 0 1 2780.dat
1 0 -60 -371.163 19.977 1 0 0 0 1 0 0 0 1 2780.dat
1 14 70 -301.163 -0.023 0 0 1 0 1 0 -1 0 0 3702.dat
1 14 50 -301.163 -60.023 0 0 1 0 1 0 -1 0 0 3700.dat
1 0 70 -291.163 -60.023 -1 0 0 0 0.986 0.168 0 0.168 -0.986 3706.dat
1 7 30 -291.163 -60.023 0 0 1 0.168 0.986 0 -0.986 0.168 0 3713.dat
1 7 17 -291.163 -60.023 0 0 1 -0.168 -0.986 0 0.986 -0.168 0 4143.dat
1 14 0 -349.163 39.977 0 0 1 0 1 0 -1 0 0 3709.dat
1 0 60 -309.163 -60.023 0 0 1 0 1 0 -1 0 0 3022.dat
1 0 -70 -309.163 -60.023 0 0 1 0 1 0 -1 0 0 3023.dat
1 14 0 -317.163 -60.023 -1 0 0 0 1 0 0 0 -1 3738.dat
1 0 0 -297.163 -60.023 0 0.924 -0.383 1 0 0 0 -0.383 -0.924 3705.dat
1 7 0 -327.163 -60.023 0.383 0.924 0 0 0 1 0.924 -0.383 0 3647.dat
1 7 0 -306.163 -60.023 -0.383 0.924 0 0 0 -1 -0.924 -0.383 0 4143.dat
1 7 110 -132.763 -82.857 0 0 1 0.995 -0.103 0 0.103 0.995 0 4019.dat
1 7 125 -132.763 -82.857 0 0 1 0.999 0.037 0 -0.037 0.999 0 4265.dat
1 0 0 -291.163 -0.023 1 0 0 0 0 -1 0 1 0 3737.dat
1 7 90 -291.163 -0.023 0 0 -1 1 0 0 0 -1 0 3713.dat
1 7 -90 -291.163 -0.023 0 0 1 1 0 0 0 1 0 3713.dat
1 16 105 -53.59 94.286 0 1 0 -0.738 0 -0.675 -0.675 0 0.738 2900.dat
1 7 105 -60.601 87.8735 0 0 -1 -0.675 0.738 0 0.738 0.675 0 342.dat
1 16 105 -231.724 -68.6414 0 -1 0 0.738 0 -0.675 0.675 0 0.738 2900.dat
1 7 105 -224.713 -62.229 0 0 1 -0.675 -0.738 0 0.738 -0.675 0 342.dat
1 16 105 -231.744 68.571 0 1 0 0.738 0 -0.675 -0.675 0 -0.738 2900.dat
1 7 105 -224.733 62.1585 0 0 -1 -0.675 -0.738 0 -0.738 0.675 0 342.dat
1 16 105 -53.61 -94.3565 0 -1 0 -0.738 0 -0.675 0.675 0 -0.738 2900.dat
1 7 105 -60.621 -87.9439 0 0 1 -0.675 0.738 0 -0.738 -0.675 0 342.dat
1 16 -105 -53.59 94.286 0 1 0 -0.738 0 -0.675 -0.675 0 0.738 2900.dat
1 7 -105 -60.601 87.8735 0 0 -1 -0.675 0.738 0 0.738 0.675 0 342.dat
1 16 -105 -231.724 -68.6414 0 -1 0 0.738 0 -0.675 0.675 0 0.738 2900.dat
1 7 -105 -224.713 -62.229 0 0 1 -0.675 -0.738 0 0.738 -0.675 0 342.dat
1 16 -105 -231.744 68.571 0 1 0 0.738 0 -0.675 -0.675 0 -0.738 2900.dat
1 7 -105 -224.733 62.1585 0 0 -1 -0.675 -0.738 0 -0.738 0.675 0 342.dat
1 16 -105 -53.61 -94.3565 0 -1 0 -0.738 0 -0.675 0.675 0 -0.738 2900.dat
1 7 -105 -60.621 -87.9439 0 0 1 -0.675 0.738 0 -0.738 -0.675 0 342.dat
1 7 115 -231.744 -68.571 0 0 1 0 1 0 -1 0 0 4265.dat
1 7 115 -231.744 68.571 0 0 1 0 1 0 -1 0 0 4265.dat
1 7 115 -53.59 94.286 0 0 1 0 1 0 -1 0 0 4265.dat
1 7 115 -53.59 -94.286 0 0 1 0 1 0 -1 0 0 4265.dat
1 7 -115 -53.59 -94.286 0 0 -1 0 1 0 1 0 0 4265.dat
1 7 -115 -231.744 -68.571 0 0 -1 0 1 0 1 0 0 4265.dat
1 7 -115 -231.744 68.571 0 0 -1 0 1 0 1 0 0 4265.dat
1 7 -115 -53.59 94.286 0 0 -1 0 1 0 1 0 0 4265.dat
1 0 -50 -389.163 19.977 0 0 -1 0 1 0 1 0 0 3710.dat
1 0 50 -389.163 19.977 0 0 -1 0 1 0 1 0 0 3710.dat
1 7 138 -135.546 -63.052 -1 0 0 0 -0.99 -0.139 0 -0.139 0.99 4274.dat
1 0 110 -151.213 -102.977 0 1 0 0.819 0 -0.574 -0.574 0 -0.819 3705.dat
1 7 110 -159.403 -97.237 -1 0 0 0 -0.574 -0.819 0 -0.819 0.574 3713.dat
1 7 110 -175.783 -85.757 -1 0 0 0 0.574 0.819 0 0.819 -0.574 3651.dat
1 7 108 -291.163 -60.023 0 -1 0 0.987 0 -0.168 0.168 0 0.986 4032.dat
1 46 132 -291.163 -60.023 0 -1 0 0.987 0 -0.168 0.168 0 0.986 3941.dat
1 7 140 -291.163 -60.023 0 -1 0 0.987 0 -0.168 0.168 0 0.986 4150.dat
1 14 0 -397.163 139.977 1 0 0 0 1 0 0 0 1 3738.dat
1 14 0 -397.163 259.977 1 0 0 0 1 0 0 0 1 3738.dat
1 0 -70 -421.163 159.977 0 0 1 0 1 0 -1 0 0 3895.dat
1 0 -60 -411.163 59.977 -1 0 0 0 1 0 0 0 -1 2780.dat
1 0 -60 -411.163 79.977 -1 0 0 0 1 0 0 0 -1 2780.dat
1 0 -50 -421.163 39.977 0 0 1 0 1 0 -1 0 0 3894.dat
1 0 -60 -411.163 19.977 -1 0 0 0 1 0 0 0 -1 2780.dat
1 0 0 -397.163 -10.023 -1 0 0 0 1 0 0 0 -1 3666.dat
1 0 0 -397.163 49.977 -1 0 0 0 1 0 0 0 -1 3666.dat
1 0 60 -411.163 19.977 -1 0 0 0 1 0 0 0 -1 2780.dat
1 0 60 -411.163 79.977 -1 0 0 0 1 0 0 0 -1 2780.dat
1 0 60 -411.163 59.977 -1 0 0 0 1 0 0 0 -1 2780.dat
1 0 50 -421.163 39.977 0 0 -1 0 1 0 1 0 0 3894.dat
1 0 70 -421.163 159.977 0 0 -1 0 1 0 1 0 0 3895.dat
1 7 80 -411.163 179.977 -1 0 0 0 1 0 0 0 -1 3673.dat
1 7 -80 -411.163 179.977 -1 0 0 0 1 0 0 0 -1 3673.dat
1 0 0 -421.163 129.977 -1 0 0 0 1 0 0 0 -1 3894.dat
1 0 -40 -421.163 149.977 -1 0 0 0 1 0 0 0 -1 3700.dat
1 0 0 -421.163 269.977 1 0 0 0 1 0 0 0 1 3894.dat
1 0 40 -421.163 249.977 1 0 0 0 1 0 0 0 1 3700.dat
1 0 40 -411.163 199.977 0 0 -1 0 1 0 1 0 0 3737.dat
1 0 -40 -411.163 199.977 0 0 -1 0 1 0 1 0 0 3737.dat
1 0 40 -411.163 179.977 1 0 0 0 1 0 0 0 1 4716.dat
1 0 -40 -411.163 219.977 1 0 0 0 1 0 0 0 1 4716.dat
1 7 -40 -411.163 249.977 -1 0 0 0 1 0 0 0 -1 3713.dat
1 7 40 -411.163 229.977 -1 0 0 0 1 0 0 0 -1 3713.dat
1 7 -40 -411.163 169.977 1 0 0 0 1 0 0 0 1 3713.dat
1 7 -40 -411.163 189.977 -1 0 0 0 1 0 0 0 -1 3713.dat
1 7 40 -411.163 209.977 1 0 0 0 1 0 0 0 1 3713.dat
1 7 40 -411.163 149.977 1 0 0 0 1 0 0 0 1 3713.dat
1 7 40 -411.163 284.977 1 0 0 0 1 0 0 0 1 4265.dat
1 7 -40 -411.163 284.977 1 0 0 0 1 0 0 0 1 4265.dat
1 7 0 -429.163 269.977 1 0 0 0 1 0 0 0 1 4442.dat
1 7 0 -429.163 109.977 1 0 0 0 1 0 0 0 1 4442.dat
1 7 0 -429.163 129.977 1 0 0 0 1 0 0 0 1 4442.dat
1 0 40 -437.163 119.977 1 0 0 0 1 0 0 0 1 3709.dat
1 0 -40 -437.163 119.977 1 0 0 0 1 0 0 0 1 3709.dat
1 0 0 -437.163 269.977 1 0 0 0 1 0 0 0 1 3460.dat
1 7 40 -431.163 297.977 0 0 1 0 1 0 -1 0 0 4274.dat
1 7 -40 -431.163 297.977 0 0 1 0 1 0 -1 0 0 4274.dat
1 0 -30 -461.163 119.977 0 0 1 0 1 0 -1 0 0 3700.dat
1 0 30 -461.163 119.977 0 0 1 0 1 0 -1 0 0 3700.dat
1 0 -70 -461.163 199.977 0 0 1 0 1 0 -1 0 0 3702.dat
1 0 0 -451.163 179.977 1 0 0 0 1 0 0 0 1 3708.dat
1 7 55 -451.163 179.977 0 0 -1 0 1 0 1 0 0 4265.dat
1 7 40 -451.163 179.977 0 0 -1 1 0 0 0 -1 0 3648.dat
1 0 0 -451.163 219.977 1 0 0 0 1 0 0 0 1 3707.dat
1 7 -55 -451.163 219.977 0 0 1 0 1 0 -1 0 0 4265.dat
1 7 -40 -451.163 219.977 0 0 1 -1 0 0 0 -1 0 3648.dat
1 7 -25 -451.163 219.977 0 0 -1 0 1 0 1 0 0 4265.dat
1 7 -10 -451.163 219.977 0 -1 0 0 0 -1 1 0 0 2825.dat
1 7 10 -451.163 219.977 0 1 0 0 0 -1 -1 0 0 2825.dat
1 7 55 -451.163 219.977 0 0 -1 0 1 0 1 0 0 4265.dat
1 0 70 -461.163 199.977 0 0 1 0 1 0 -1 0 0 3702.dat
1 0 0 -469.163 109.977 -1 0 0 0 1 0 0 0 -1 3710.dat
1 0 0 -469.163 129.977 -1 0 0 0 1 0 0 0 -1 3460.dat
1 0 0 -477.163 119.977 1 0 0 0 1 0 0 0 1 3709.dat
1 0 0 -501.163 109.977 1 0 0 0 1 0 0 0 1 3701.dat
1 0 0 -501.163 129.977 1 0 0 0 1 0 0 0 1 3701.dat
1 7 0 -491.163 99.977 0 0 1 0 1 0 -1 0 0 4274.dat
1 7 0 -491.163 139.977 0 0 -1 0 1 0 1 0 0 4274.dat
1 16 0 -491.163 219.977 0 -1 0 0 0 1 -1 0 0 2900.dat
1 7 0 -491.163 210.477 0 0 1 1 0 0 0 1 0 342.dat
1 16 0 -491.163 19.977 0 1 0 0 0 1 1 0 0 2900.dat
1 7 0 -491.163 29.477 0 0 -1 1 0 0 0 -1 0 342.dat
1 0 90 -431.163 189.977 0 0 -1 1 0 0 0 -1 0 3701.dat
1 0 -90 -431.163 189.977 0 0 -1 1 0 0 0 -1 0 3701.dat
1 0 0 -491.163 219.977 1 0 0 0 1 0 0 0 1 4519.dat
1 7 25 -491.163 219.977 0 0 1 0 1 0 -1 0 0 4265.dat
1 7 -25 -491.163 219.977 0 0 -1 0 1 0 1 0 0 4265.dat
1 7 110 -451.163 179.977 0 -1 0 0 0 -1 1 0 0 2825.dat
1 7 -110 -451.163 179.977 0 1 0 0 0 -1 -1 0 0 2825.dat
1 0 0 -491.163 19.977 -1 0 0 0 0 -1 0 -1 0 3704.dat
1 14 13 -491.163 19.977 0 -1 0 -1 0 0 0 0 -1 2711.dat
1 14 -13 -491.163 19.977 0 1 0 -1 0 0 0 0 1 2711.dat
1 14 70 -431.163 9.977 0 0 -1 -1 0 0 0 1 0 3702.dat
1 14 -70 -431.163 9.977 0 0 -1 -1 0 0 0 1 0 3702.dat
1 7 60 -491.163 19.977 -1 0 0 0 1 0 0 0 -1 3673.dat
1 7 -60 -491.163 19.977 -1 0 0 0 1 0 0 0 -1 3673.dat
1 0 0 -451.163 19.977 -1 0 0 0 1 0 0 0 -1 3708.dat
1 7 90 -451.163 -40.023 0 -1 0 1 0 0 0 0 1 2825.dat
1 7 100 -451.163 19.977 0 1 0 0 0 -1 -1 0 0 2825.dat
1 7 -100 -451.163 19.977 0 -1 0 0 0 -1 1 0 0 2825.dat
1 7 -90 -451.163 -40.023 0 1 0 -1 0 0 0 0 1 2825.dat
1 0 0 -451.163 -40.023 -1 0 0 0 0 -1 0 -1 0 3737.dat
1 14 70 -471.163 -50.023 0 0 1 1 0 0 0 1 0 3701.dat
1 14 -70 -471.163 -50.023 0 0 1 1 0 0 0 1 0 3701.dat
1 7 60 -491.163 -40.023 -1 0 0 0 1 0 0 0 -1 3673.dat
1 7 -60 -491.163 -40.023 -1 0 0 0 1 0 0 0 -1 3673.dat
1 7 115 -451.163 19.977 0 0 1 0 1 0 -1 0 0 4265.dat
1 7 -115 -451.163 19.977 0 0 -1 0 1 0 1 0 0 4265.dat
1 7 118 -511.163 19.977 -1 0 0 0 1 0 0 0 -1 3749.dat
1 7 118 -511.163 179.977 -1 0 0 0 1 0 0 0 -1 3749.dat
1 7 -118 -511.163 19.977 1 0 0 0 1 0 0 0 1 3749.dat
1 7 -118 -511.163 179.977 1 0 0 0 1 0 0 0 1 3749.dat
1 16 115 -511.163 179.977 0 -1 0 0 0 1 -1 0 0 2900.dat
1 7 115 -511.163 170.477 0 0 1 1 0 0 0 1 0 342.dat
1 16 115 -511.163 19.977 0 1 0 0 0 1 1 0 0 2900.dat
1 7 115 -511.163 29.477 0 0 -1 1 0 0 0 -1 0 342.dat
1 16 -115 -511.163 179.977 0 -1 0 0 0 1 -1 0 0 2900.dat
1 7 -115 -511.163 170.477 0 0 1 1 0 0 0 1 0 342.dat
1 16 -115 -511.163 19.977 0 1 0 0 0 1 1 0 0 2900.dat
1 7 -115 -511.163 29.477 0 0 -1 1 0 0 0 -1 0 342.dat
1 0 -50 -501.163 -120.023 0 0 -1 0 1 0 1 0 0 3703.dat
1 0 50 -501.163 -120.023 0 0 -1 0 1 0 1 0 0 3703.dat
1 0 0 -491.163 -260.023 1 0 0 0 1 0 0 0 1 3707.dat
1 7 70 -491.163 -260.023 0 0 -1 0 1 0 1 0 0 3713.dat
1 7 -70 -491.163 -260.023 0 0 1 0 1 0 -1 0 0 3713.dat
1 7 0 -523.163 -160.023 0 0 -1 0 1 0 1 0 0 4274.dat
1 7 0 -523.163 -80.023 0 0 1 0 1 0 -1 0 0 4274.dat
1 14 0 -509.163 -160.023 1 0 0 0 1 0 0 0 1 3795.dat
1 14 0 -509.163 -80.023 1 0 0 0 1 0 0 0 1 3795.dat
1 14 0 -533.163 -170.023 1 0 0 0 1 0 0 0 1 3700.dat
1 14 0 -533.163 -70.023 1 0 0 0 1 0 0 0 1 3700.dat
1 16 0 -531.163 19.977 0 -1 0 0.121869 0 0.992546 -0.992546 0 0.121869 2900.dat
1 7 0 -530.0052 10.5478 0 0 1 0.992546 -0.121869 0 0.121869 0.992546 0 342.dat
1 16 0 -531.163 -260.023 0 1 0 0.139173 0 0.990268 0.990268 0 -0.139173 2900.dat
1 7 0 -529.8409 -250.6154 0 0 -1 0.990268 -0.139173 0 -0.139173 -0.990268 0 342.dat
1 0 -30 -411.163 -270.023 0 0 -1 -1 0 0 0 1 0 2730.dat
1 7 -20 -331.163 -260.023 1 0 0 0 0 -1 0 1 0 4274.dat
1 7 20 -331.163 -260.023 -1 0 0 0 0 1 0 1 0 4274.dat
1 0 30 -411.163 -270.023 0 0 -1 -1 0 0 0 1 0 2730.dat
1 0 0 -351.163 -260.023 -1 0 0 0 0 1 0 1 0 3705.dat
1 7 -10 -351.163 -260.023 0 -1 0 0 0 1 -1 0 0 2825.dat
1 7 10 -351.163 -260.023 0 1 0 0 0 1 1 0 0 2825.dat
1 0 0 -471.163 -260.023 -1 0 0 0 0 -1 0 -1 0 3705.dat
1 7 -10 -471.163 -260.023 0 -1 0 0 0 -1 1 0 0 2825.dat
1 7 10 -471.163 -260.023 0 1 0 0 0 -1 -1 0 0 2825.dat
1 0 0 -291.163 -260.023 -1 0 0 0 0 -1 0 -1 0 4519.dat
1 0 1 -531.163 19.977 1 0 0 0 0 -1 0 1 0 4519.dat
1 0 0 -531.163 -260.023 1 0 0 0 0 -1 0 1 0 4519.dat
1 7 18 -531.163 19.977 0 0 1 1 0 0 0 1 0 4265.dat
1 7 -18 -531.163 19.977 0 0 -1 1 0 0 0 -1 0 4265.dat
