0 
0 Name: New Model.ldr
0 Author: 
1 0 400 0 -400 0.707 0 -0.707 0 1 0 0.707 0 0.707 4032.dat
1 0 385.86 -8 -400 0.707 0 0.707 0 1 0 -0.707 0 0.707 4081.dat
1 0 400 -8 -385.86 -0.707 0 -0.707 0 1 0 0.707 0 -0.707 4081.dat
1 0 407.07 -8 -407.07 0.707 0 -0.707 0 1 0 0.707 0 0.707 2540.dat
1 36 364.65 -6 -407.07 0 0.707 -0.707 -1 0 0 0 0.707 0.707 6126.dat
1 36 407.07 -6 -364.65 0 0.707 -0.707 -1 0 0 0 0.707 0.707 6126.dat
1 42 380.204 -6 -422.624 0.707 -0.707 0 0 0 -1 0.707 0.707 0 6141.dat
1 42 422.624 -6 -380.204 0.707 -0.707 0 0 0 -1 0.707 0.707 0 6141.dat
1 0 400 -16 -400 -0.707 0 0.707 0 1 0 -0.707 0 -0.707 3176.dat
1 7 378.79 -16 -378.79 0 -0.707 -0.707 1 0 0 0 -0.707 0.707 4274.dat
1 0 421.21 -46.056 -421.21 -0.707 0.212599 0.674278 0 0.953717 -0.300706 -0.707 -0.212599 -0.674278 30377.dat
1 8 421.21 -46.056 -421.21 0.707 0.499925 -0.499925 0 0.707107 0.707107 0.707 -0.499925 0.499925 30031.dat
1 7 364.65 -16 -364.65 0 -0.707 -0.707 1 0 0 0 -0.707 0.707 32126.dat
1 8 350.51 -16 -350.51 -0.707 0 -0.707 0 1 0 0.707 0 -0.707 6587.dat
