0 Main
0 Name: 8841-1 - Desert Racer - Combination with 8700.mpd
0 Author: LTRON
1 1 80 -40 80 1 0 0 0 1 0 0 0 1 3031.dat
1 1 -80 -40 80 1 0 0 0 1 0 0 0 1 3031.dat
1 1 -50 -64 -40 0 0 -1 0 1 0 1 0 0 3703.dat
1 1 50 -64 -40 0 0 -1 0 1 0 1 0 0 3703.dat
1 0 40 -54 -180 1 0 0 0 1 0 0 0 1 4459.dat
1 0 40 -54 -160 1 0 0 0 1 0 0 0 1 4459.dat
1 0 -40 -54 -160 -1 0 0 0 1 0 0 0 -1 4459.dat
1 0 -40 -54 -180 -1 0 0 0 1 0 0 0 -1 4459.dat
1 4 -30 -64 -220 0 0 -1 0 1 0 1 0 0 3702.dat
1 4 30 -64 -220 0 0 -1 0 1 0 1 0 0 3702.dat
1 0 40 -54 -280 1 0 0 0 1 0 0 0 1 4459.dat
1 0 -40 -54 -280 -1 0 0 0 1 0 0 0 -1 4459.dat
1 1 90 -64 60 1 0 0 0 1 0 0 0 1 3002.dat
1 1 -90 -64 60 1 0 0 0 1 0 0 0 1 3002.dat
1 0 80 -54 100 1 0 0 0 1 0 0 0 1 3707.dat
1 0 -80 -54 100 -1 0 0 0 1 0 0 0 -1 3707.dat
1 7 -70 -54 100 0 0 -1 0 1 0 1 0 0 3713.dat
1 7 90 -54 100 0 0 -1 0 1 0 1 0 0 3713.dat
1 7 70 -54 100 0 0 1 0 1 0 -1 0 0 3713.dat
1 7 -90 -54 100 0 0 1 0 1 0 -1 0 0 3713.dat
1 1 110 -64 100 0 0 -1 0 1 0 1 0 0 3700.dat
1 1 -110 -64 100 0 0 -1 0 1 0 1 0 0 3700.dat
1 0 0 -54 0 1 0 0 0 1 0 0 0 1 3737.dat
1 7 -20 -54 0 0 0 1 0 1 0 -1 0 0 3713.dat
1 7 20 -54 0 0 0 -1 0 1 0 1 0 0 3713.dat
1 7 0 -69.6522 -12.4503 -1 0 0 0 0.6225 -0.7826 0 -0.7826 -0.6225 3651.dat
1 0 0 -93.1304 -31.1257 0 0 -1 0.7826 0.6225 0 0.6225 -0.7826 0 3705.dat
1 7 70 -67.4603 -14.7926 -1 0 0 0 0.7396 -0.673 0 -0.673 -0.7396 3651.dat
1 7 -70 -67.4603 -14.7926 -1 0 0 0 0.7396 -0.673 0 -0.673 -0.7396 3651.dat
1 0 70 -101.1109 -51.7742 0 0 -1 0.673 0.7396 0 0.7396 -0.673 0 3706.dat
1 0 -70 -101.1109 -51.7742 0 0 -1 0.673 0.7396 0 0.7396 -0.673 0 3706.dat
1 7 -70 -134.7615 -88.7557 -1 0 0 0 -0.7396 0.673 0 0.673 0.7396 4273.dat
1 7 70 -134.7615 -88.7557 1 0 0 0 0.7396 0.673 0 -0.673 0.7396 4273.dat
1 7 60 -40 -190 1 0 0 0 1 0 0 0 1 4262.dat
1 7 -60 -40 -190 1 0 0 0 1 0 0 0 1 4262.dat
1 7 0 -32 -190 1 0 0 0 1 0 0 0 1 3666.dat
1 7 110 -64 -190 1 0 0 0 1 0 0 0 1 4261.dat
1 7 -110 -64 -190 1 0 0 0 1 0 0 0 1 4261.dat
1 1 0 -64 -190 1 0 0 0 1 0 0 0 1 3700.dat
1 7 60 -72 -190 1 0 0 0 1 0 0 0 1 4262.dat
1 7 -60 -72 -190 1 0 0 0 1 0 0 0 1 4262.dat
1 7 0 -72 -170 1 0 0 0 1 0 0 0 1 3666.dat
1 1 40 -72 -150 1 0 0 0 1 0 0 0 1 3069.dat
1 1 -40 -72 -150 1 0 0 0 1 0 0 0 1 3069.dat
1 7 90 -54 0 0 0 -1 0 1 0 1 0 0 3713.dat
1 7 -90 -54 0 0 0 1 0 1 0 -1 0 0 3713.dat
1 4 0 -80 -190 1 0 0 0 1 0 0 0 1 3710.dat
1 4 0 -88 -190 1 0 0 0 1 0 0 0 1 3710.dat
1 7 110 -69 -150 1 0 0 0 0 1 0 -1 0 4265.dat
1 7 -110 -69 -150 1 0 0 0 0 1 0 -1 0 4265.dat
1 7 110 -74 -150 0 0 -1 1 0 0 0 -1 0 3749.dat
1 7 -110 -74 -150 0 0 -1 1 0 0 0 -1 0 3749.dat
1 7 120 -54 -190 1 0 0 0 1 0 0 0 1 3749.dat
1 7 -120 -54 -190 -1 0 0 0 -1 0 0 0 1 3749.dat
1 7 0 -80 -150 1 0 0 0 1 0 0 0 1 3460.dat
1 7 0 -88 -150 1 0 0 0 1 0 0 0 1 3743.dat
1 7 80 -88 -150 1 0 0 0 1 0 0 0 1 4263.dat
1 7 -80 -88 -150 1 0 0 0 1 0 0 0 1 4263.dat
1 7 -96.0434 -105.6047 70 0 0.9802 0.1978 0 0.1978 -0.9802 -1 0 0 3651.dat
1 7 96.0434 -105.6047 70 0 -0.9802 -0.1978 0 0.1978 -0.9802 1 0 0 3651.dat
1 4 50 -109.7766 -196.4 0 0 -1 -0.4695 0.8829 0 0.8829 0.4695 0 3895.dat
1 4 -50 -109.7766 -196.4 0 0 -1 -0.4695 0.8829 0 0.8829 0.4695 0 3895.dat
1 0 0 -147.8943 -103.4105 1 0 0 0 1 0 0 0 1 3737.dat
1 7 70 -167.0394 -96.7736 -1 0 0 0 -0.3387 -0.9409 0 -0.9409 0.3387 4273.dat
1 7 -70 -167.0394 -96.7736 1 0 0 0 0.3387 -0.9409 0 0.9409 0.3387 4273.dat
1 0 70 -195.2658 -86.6115 0 0 -1 0.9409 -0.3387 0 -0.3387 -0.9409 0 3705.dat
1 0 -70 -195.2658 -86.6115 0 0 -1 0.9409 -0.3387 0 -0.3387 -0.9409 0 3705.dat
1 7 70 -223.4922 -76.4493 0 -1 0 -0.3387 0 0.9409 -0.9409 0 -0.3387 4273.dat
1 7 -70 -223.4922 -76.4493 0 -1 0 -0.3387 0 0.9409 -0.9409 0 -0.3387 4273.dat
1 7 -50 -242.3098 -69.6746 0 0 1 0.3387 -0.9409 0 0.9409 0.3387 0 4273.dat
1 7 50 -242.3098 -69.6746 0 0 -1 0.3387 0.9409 0 0.9409 -0.3387 0 4273.dat
1 0 0 -242.3098 -69.6746 -1 0 0 0 0.9409 -0.3387 0 -0.3387 -0.9409 3706.dat
1 7 -70 -245.6972 -79.0834 0 -1 0 -0.3387 0 0.9409 -0.9409 0 -0.3387 4274.dat
1 7 70 -245.6972 -79.0834 0 -1 0 -0.3387 0 0.9409 -0.9409 0 -0.3387 4274.dat
1 7 90 -147.8943 -103.4105 0 0 -1 0 1 0 1 0 0 3713.dat
1 7 -90 -147.8943 -103.4105 0 0 1 0 1 0 -1 0 0 3713.dat
1 7 130 -54 -190 0 0 -1 0 1 0 1 0 0 3482.dat
1 7 140 -54 100 0 0 -1 0 1 0 1 0 0 3482.dat
1 7 -140 -54 100 0 0 1 0 1 0 -1 0 0 3482.dat
1 7 -130 -54 -190 0 0 1 0 1 0 -1 0 0 3482.dat
1 256 -130 -54 -190 0 0 1 0 1 0 -1 0 0 3634.dat
1 256 -140 -54 100 0 0 1 0 1 0 -1 0 0 3634.dat
1 256 130 -54 -190 0 0 -1 0 1 0 1 0 0 3634.dat
1 256 140 -54 100 0 0 -1 0 1 0 1 0 0 3634.dat
1 1 -80 -72 100 0 0 1 0 1 0 -1 0 0 3032.dat
1 1 80 -72 100 0 0 1 0 1 0 -1 0 0 3032.dat
1 4 80 -96 90 1 0 0 0 1 0 0 0 1 3701.dat
1 4 -80 -96 90 1 0 0 0 1 0 0 0 1 3701.dat
1 0 -100 -86 80 0 0 -1 0 1 0 1 0 0 4459.dat
1 0 100 -86 80 0 0 -1 0 1 0 1 0 0 4459.dat
1 7 18 -86 60 0 0 -1 0 1 0 1 0 0 3713.dat
1 7 -18 -86 60 0 0 1 0 1 0 -1 0 0 3713.dat
1 4 0 -112 -190 1 0 0 0 1 0 0 0 1 3701.dat
1 0 0 -102 -182 0 0 1 0 1 0 -1 0 0 3706.dat
1 7 0 -102 -132 -1 0 0 0 1 0 0 0 -1 3712.dat
1 0 0 -139.3509 -55.0435 0 0 1 0.6225 0.7826 0 -0.7826 0.6225 0 3705.dat
1 7 0 -102 -102 -1 0 0 0 0.7826 0.6225 0 0.6225 -0.7826 3326.dat
1 7 0 -120.6754 -78.5218 0 1 0 -0.7826 0 -0.6225 -0.6225 0 0.7826 3712.dat
1 7 0 -102 -152 -1 0 0 0 1 0 0 0 -1 3647.dat
1 7 0 -102 -172 -1 0 0 0 1 0 0 0 -1 3647.dat
1 7 0 -102 -210 1 0 0 0 1 0 0 0 1 3713.dat
1 7 0 -145.576 -47.2174 1 0 0 0 -0.7826 0.6225 0 -0.6225 -0.7826 3713.dat
1 7 0 -117.4736 -50.4193 0 1 0 -0.6225 0 0.7826 0.7826 0 0.6225 3651.dat
1 7 0 -161.1389 -27.6522 1 0 0 0 -0.7826 0.6225 0 -0.6225 -0.7826 4185.dat
1 1 70 -96 60 0 0 1 0 1 0 -1 0 0 3700.dat
1 4 20 -125.7808 64.1811 0 1 0 0.9946 0 -0.1046 -0.1046 0 -0.9946 3623.dat
1 4 -28 -125.7808 64.1811 0 1 0 0.9946 0 -0.1046 -0.1046 0 -0.9946 3623.dat
1 4 20 -195.3974 71.4981 0 1 0 0.9946 0 -0.1046 -0.1046 0 -0.9946 3710.dat
1 4 -28 -195.3974 71.4981 0 1 0 0.9946 0 -0.1046 -0.1046 0 -0.9946 3710.dat
1 15 -20 -135.7261 65.2265 0 1 0 0.9946 0 -0.1046 -0.1046 0 -0.9946 3710.dat
1 15 12 -135.7261 65.2265 0 1 0 0.9946 0 -0.1046 -0.1046 0 -0.9946 3710.dat
1 15 12 -205.3427 72.5434 0 1 0 0.9946 0 -0.1046 -0.1046 0 -0.9946 3623.dat
1 15 -20 -205.3427 72.5434 0 1 0 0.9946 0 -0.1046 -0.1046 0 -0.9946 3623.dat
1 1 -12 -125.7808 64.1811 0 1 0 0.9946 0 -0.1046 -0.1046 0 -0.9946 3622.dat
1 1 -12 -195.3974 71.4981 0 1 0 0.9946 0 -0.1046 -0.1046 0 -0.9946 3010.dat
1 7 28 -135.7261 65.2265 0 1 0 0.9946 0 -0.1046 -0.1046 0 -0.9946 4262.dat
1 7 -36 -135.7261 65.2265 0 1 0 0.9946 0 -0.1046 -0.1046 0 -0.9946 4262.dat
1 0 0 -86 60 -1 0 0 0 1 0 0 0 -1 3707.dat
1 7 -44 -90.3578 10.1903 0 1 0 -0.0872 0 -0.9962 -0.9962 0 0.0872 4262.dat
1 7 36 -90.3578 10.1903 0 1 0 -0.0872 0 -0.9962 -0.9962 0 0.0872 4262.dat
1 4 28 -90.3578 10.1903 0 1 0 -0.0872 0 -0.9962 -0.9962 0 0.0872 3710.dat
1 4 20 -90.3578 10.1903 0 1 0 -0.0872 0 -0.9962 -0.9962 0 0.0872 3710.dat
1 4 -36 -90.3578 10.1903 0 1 0 -0.0872 0 -0.9962 -0.9962 0 0.0872 3710.dat
1 4 -28 -90.3578 10.1903 0 1 0 -0.0872 0 -0.9962 -0.9962 0 0.0872 3710.dat
1 15 -20 -90.3578 10.1903 0 1 0 -0.0872 0 -0.9962 -0.9962 0 0.0872 3710.dat
1 15 12 -90.3578 10.1903 0 1 0 -0.0872 0 -0.9962 -0.9962 0 0.0872 3710.dat
1 1 -12 -89.4863 20.1522 0 1 0 -0.0872 0 -0.9962 -0.9962 0 0.0872 3622.dat
1 7 47 -86 60 0 0 -1 0 1 0 1 0 0 4265.dat
1 7 -49 -86 60 0 0 1 0 1 0 -1 0 0 4265.dat
1 1 -70 -96 60 0 0 1 0 1 0 -1 0 0 3700.dat
1 7 18 -86 60 0 0 -1 0 1 0 1 0 0 3713.dat
1 7 -18 -86 60 0 0 1 0 1 0 -1 0 0 3713.dat
1 7 60 -80 120 0 0 1 0 1 0 -1 0 0 3022.dat
1 7 -60 -80 120 0 0 1 0 1 0 -1 0 0 3022.dat
1 1 0 -104 90 1 0 0 0 1 0 0 0 1 3460.dat
1 7 30 -54 100 0 0 1 0 1 0 -1 0 0 3713.dat
1 7 12 -54 100 0 0 -1 0 1 0 1 0 0 3650.dat
1 14 0 -40 160 -1 0 0 0 1 0 0 0 -1 3738.dat
1 0 0 -48 150 -1 0 0 0 1 0 0 0 -1 3710.dat
1 0 0 -48 170 -1 0 0 0 1 0 0 0 -1 3710.dat
1 14 0 -72 170 -1 0 0 0 1 0 0 0 -1 3701.dat
1 14 0 -72 150 -1 0 0 0 1 0 0 0 -1 3701.dat
1 14 -50 -64 160 0 0 1 0 1 0 -1 0 0 3700.dat
1 14 50 -64 160 0 0 1 0 1 0 -1 0 0 3700.dat
1 0 0 -62 160 0 0.3827 0.9239 0 0.9239 -0.3827 -1 0 0 3705.dat
1 7 0 -62 130 0.9239 0.3827 0 -0.3827 0.9239 0 0 0 1 3647.dat
1 7 0 -62 185 0.9239 0.3827 0 -0.3827 0.9239 0 0 0 1 4185.dat
1 14 -60 -32 140 0 0 -1 0 1 0 1 0 0 3709.dat
1 14 60 -32 140 0 0 -1 0 1 0 1 0 0 3709.dat
1 4 10 -104 150 0 0 -1 0 1 0 1 0 0 4286.dat
1 4 -10 -104 150 0 0 1 0 1 0 -1 0 0 4286.dat
1 7 -40 -80 150 -1 0 0 0 1 0 0 0 -1 3710.dat
1 7 40 -80 150 -1 0 0 0 1 0 0 0 -1 3710.dat
1 7 0 -112 120 0 0 -1 0 1 0 1 0 0 3020.dat
1 7 0 -168 140 -1 0 0 0 1 0 0 0 -1 6216.dat
1 0 -50 -88 170 0 -1 0 0 0 -1 1 0 0 3959.dat
1 0 50 -88 170 0 1 0 0 0 -1 -1 0 0 3959.dat
1 14 -10 -192 130 0 -1 0 0 0 -1 1 0 0 3959.dat
1 14 10 -192 130 0 1 0 0 0 -1 -1 0 0 3959.dat
1 7 -60 -90 120 1 0 0 0 0 1 0 -1 0 3651.dat
1 7 60 -90 120 1 0 0 0 0 1 0 -1 0 3651.dat
1 7 0 -156 90 -1 0 0 0 0 -1 0 -1 0 766.dat
