0 Main
0 Name: 6895-1 - Spy-Trak 1.mpd
0 Author: LTRON
1 1 0 0 -0.252 1 0 0 0 0.999507 -0.031411 0 0.031411 0.999507 3032.dat
1 1 -40 -7.9961 -0.5033 -1 0 0 0 0.999507 0.031411 0 0.031411 -0.999507 3639.dat
1 1 40 -7.9961 -0.5033 -1 0 0 0 0.999507 0.031411 0 0.031411 -0.999507 3639.dat
1 0 -40 -15.9921 -0.7546 1 0 0 0 0.999507 -0.031411 0 0.031411 0.999507 3639.dat
1 0 40 -15.9921 -0.7546 1 0 0 0 0.999507 -0.031411 0 0.031411 0.999507 3639.dat
1 0 0 7.9961 -0.0007 1 0 0 0 0.999507 -0.031411 0 0.031411 0.999507 3022.dat
1 0 0 -23.9882 -1.0059 1 0 0 0 0.999507 -0.031411 0 0.031411 0.999507 3032.dat
1 0 0 -32.9266 28.7281 1 0 0 0 0.999507 -0.031411 0 0.031411 0.999507 3666.dat
1 0 0 -40.9226 28.4768 1 0 0 0 0.999507 -0.031411 0 0.031411 0.999507 3666.dat
1 0 0 -31.0419 -31.2424 1 0 0 0 0.999507 -0.031411 0 0.031411 0.999507 3666.dat
1 0 0 -39.0379 -31.4937 1 0 0 0 0.999507 -0.031411 0 0.031411 0.999507 3666.dat
1 0 -30 -63.0261 -32.2475 0 0 1 0.031411 0.999507 0 -0.999507 0.031411 0 3040.dat
1 0 -30 -64.9108 27.7229 0 0 1 0.031411 0.999507 0 -0.999507 0.031411 0 3040.dat
1 0 30 -63.0261 -32.2475 0 0 -1 -0.031411 0.999507 0 0.999507 0.031411 0 3040.dat
1 0 30 -64.9108 27.7229 0 0 -1 -0.031411 0.999507 0 0.999507 0.031411 0 3040.dat
1 0 0 -72.9068 27.4716 1 0 0 0 0.999507 -0.031411 0 0.031411 0.999507 3710.dat
1 0 0 -71.0222 -32.4988 1 0 0 0 0.999507 -0.031411 0 0.031411 0.999507 3710.dat
1 0 0 -96.895 26.7178 1 0 0 0 0.999507 -0.031411 0 0.031411 0.999507 2458.dat
1 0 0 -95.0103 -33.2527 -1 0 0 0 0.999507 0.031411 0 0.031411 -0.999507 2458.dat
1 1 10 -103.0064 -33.504 0 0 -1 -0.031411 0.999507 0 0.999507 0.031411 0 4085.dat
1 1 -10 -103.0064 -33.504 0 0 1 0.031411 0.999507 0 -0.999507 0.031411 0 4085.dat
1 1 -10 -104.8911 26.4665 0 0 1 0.031411 0.999507 0 -0.999507 0.031411 0 4081.dat
1 1 10 -104.8911 26.4665 0 0 -1 -0.031411 0.999507 0 0.999507 0.031411 0 4081.dat
1 36 -30 -103.269 38.5234 0 0 -1 0.999507 0.031411 0 0.031411 -0.999507 0 6141.dat
1 36 30 -103.269 38.5234 0 0 -1 0.999507 0.031411 0 0.031411 -0.999507 0 6141.dat
1 0 30 -99.0084 -33.3783 -1 0 0 0 0.999507 0.031411 0 0.031411 -0.999507 3962.dat
1 0 -34 -119.998 -34.0379 0 1 0 0.031411 0 -0.999507 -0.999507 0 -0.031411 4735.dat
1 0 -4.326 -72.6488 -2.5351 -0.9511 -0.309 0 -0.308848 0.950631 0.031411 -0.009706 0.029875 -0.999507 3034.dat
1 0 -35.331 -74.3092 -2.5873 0 -0.309 -0.9511 -0.031411 0.950631 -0.308848 0.999507 0.029875 -0.009706 3660.dat
1 0 21.735 -55.7783 -2.0049 0 -0.309 0.9511 0.031411 0.950631 0.308848 -0.999507 0.029875 0.009706 3660.dat
1 1 -68.431 -101.559 -13.4486 0 -0.309 0.9511 0.031411 0.950631 0.308848 -0.999507 0.029875 0.009706 3024.dat
1 1 64.723 -58.3204 -12.0897 0 -0.309 0.9511 0.031411 0.950631 0.308848 -0.999507 0.029875 0.009706 3024.dat
1 1 -30.387 -89.5192 -3.0653 0 -0.309 0.9511 0.031411 0.950631 0.308848 -0.999507 0.029875 0.009706 3023.dat
1 1 26.679 -70.9884 -2.4829 0 -0.309 0.9511 0.031411 0.950631 0.308848 -0.999507 0.029875 0.009706 3023.dat
1 0 -87.453 -108.3642 6.3474 0 -0.309 0.9511 0.031411 0.950631 0.308848 -0.999507 0.029875 0.009706 3963.dat
1 0 83.745 -52.7716 8.0945 0 -0.309 -0.9511 -0.031411 0.950631 -0.308848 0.999507 0.029875 -0.009706 3963.dat
1 0 3.09 -95.778 6.743 0.9511 -0.309 0 0.308848 0.950631 -0.031411 0.009706 0.029875 0.999507 3700.dat
1 0 3.09 -95.1498 -13.2472 0.9511 -0.309 0 0.308848 0.950631 -0.031411 0.009706 0.029875 0.999507 3700.dat
1 0 5.562 -103.069 -3.4911 0.9511 -0.309 0 0.308848 0.950631 -0.031411 0.009706 0.029875 0.999507 3022.dat
1 0 -22.971 -112.3344 -3.7823 0 -0.309 0.9511 0.031411 0.950631 0.308848 -0.999507 0.029875 0.009706 3298.dat
1 0 34.095 -93.8035 -3.1999 0 -0.309 -0.9511 -0.031411 0.950631 -0.308848 0.999507 0.029875 -0.009706 3298.dat
1 1 8.034 -110.674 -3.7301 0.9511 -0.309 0 0.308848 0.950631 -0.031411 0.009706 0.029875 0.999507 3020.dat
1 0 0 -111.0025 -33.7552 -1 0 0 0 0.999507 0.031411 0 0.031411 -0.999507 2412.dat
1 0 0 -112.8871 26.2152 -1 0 0 0 0.999507 0.031411 0 0.031411 -0.999507 2412.dat
1 0 24.472 -12.2871 -118.6504 -0.9659 0 -0.2588 -0.008129 0.999507 0.03034 0.258672 0.031411 -0.965424 3640.dat
1 0 14.813 -4.3723 -115.8124 0.2588 0 -0.9659 -0.03034 0.999507 -0.008129 0.965424 0.031411 0.258672 3747.dat
1 0 63.108 -11.9619 -128.9973 0.9659 0 0.2588 0.008129 0.999507 -0.03034 -0.258672 0.031411 0.965424 2444.dat
1 0 53.449 -20.0392 -126.6619 -0.9659 0 -0.2588 -0.008129 0.999507 0.03034 0.258672 0.031411 -0.965424 3021.dat
1 0 22.577 -21.2746 -87.3523 -0.2588 0 0.9659 0.03034 0.999507 0.008129 -0.965424 0.031411 -0.258672 2420.dat
1 1 29.648 -28.886 -99.8445 -0.2588 0 0.9659 0.03034 0.999507 0.008129 -0.965424 0.031411 -0.258672 3680.dat
1 7 82.426 -1.8042 -133.8567 -0.9659 0 -0.2588 -0.008129 0.999507 0.03034 0.258672 0.031411 -0.965424 3673.dat
1 0 82.426 -1.8042 -133.8567 0.2588 0 -0.9659 -0.03034 0.999507 -0.008129 0.965424 0.031411 0.258672 2515a.dat
1 0 -55.528 -12.2871 -118.6504 -0.9659 0 -0.2588 -0.008129 0.999507 0.03034 0.258672 0.031411 -0.965424 3640.dat
1 0 -45.869 -4.2097 -120.9859 -0.2588 0 0.9659 0.03034 0.999507 0.008129 -0.965424 0.031411 -0.258672 3747.dat
1 0 -94.164 -12.6122 -108.3035 -0.9659 0 -0.2588 -0.008129 0.999507 0.03034 0.258672 0.031411 -0.965424 2444.dat
1 0 -84.505 -20.527 -111.1415 -0.9659 0 -0.2588 -0.008129 0.999507 0.03034 0.258672 0.031411 -0.965424 3021.dat
1 0 -38.105 -21.112 -92.5257 -0.9659 0 -0.2588 -0.008129 0.999507 0.03034 0.258672 0.031411 -0.965424 2420.dat
1 1 -50.352 -28.886 -99.8445 -0.2588 0 0.9659 0.03034 0.999507 0.008129 -0.965424 0.031411 -0.258672 3680.dat
1 7 -113.482 -2.7797 -102.816 -0.9659 0 -0.2588 -0.008129 0.999507 0.03034 0.258672 0.031411 -0.965424 3673.dat
1 0 -113.482 -2.7797 -102.816 -0.2588 0 0.9659 0.03034 0.999507 0.008129 -0.965424 0.031411 -0.258672 2515a.dat
1 1 -10.3528 -37.1961 -90.1017 -1 0 0 0 0.999507 0.031411 0 0.031411 -0.999507 2419.dat
1 7 29.6472 -28.8859 -99.8455 -1 0 0 0 0.999507 0.031411 0 0.031411 -0.999507 3679.dat
1 7 -50.3528 -28.8859 -99.8455 -1 0 0 0 0.999507 0.031411 0 0.031411 -0.999507 3679.dat
1 0 -10.3528 -44.5639 -110.3432 -1 0 0 0 0.999507 0.031411 0 0.031411 -0.999507 3023.dat
1 0 -10.3528 -45.1922 -90.353 -1 0 0 0 0.999507 0.031411 0 0.031411 -0.999507 3794.dat
1 0 -10.3528 -61.8125 -70.8655 -1 0 0 0 0.999507 0.031411 0 0.031411 -0.999507 3700.dat
1 0 -10.3529 -54.0393 0.1508 0 0 -1 -0.031411 0.999507 0 0.999507 0.031411 0 3707.dat
1 0 19.6472 -60.8702 -100.8507 0 0 -1 -0.031411 0.999507 0 0.999507 0.031411 0 3039.dat
1 0 -40.3528 -60.8702 -100.8507 0 0 1 0.031411 0.999507 0 -0.999507 0.031411 0 3039.dat
1 0 -10.3528 -50.3612 -180.56 -1 0 0 0 0.999507 0.031411 0 0.031411 -0.999507 4732.dat
1 0 -10.3528 -60.556 -110.8457 -1 0 0 0 0.999507 0.031411 0 0.031411 -0.999507 3023.dat
1 0 -10.3528 -55.8444 -260.7718 0 0 -1 -0.031411 0.999507 0 0.999507 0.031411 0 3020.dat
1 0 -20.3528 -57.415 -210.7964 0.92388 0 -0.382683 -0.01202 0.999507 -0.02902 0.382494 0.031411 0.923425 4592.dat
1 0 -0.3528 -57.415 -210.7964 0.92388 0 0.382683 0.01202 0.999507 -0.02902 -0.382494 0.031411 0.923425 4592.dat
1 0 -30.3528 -69.1803 -91.1069 0 0 1 0.031411 0.999507 0 -0.999507 0.031411 0 3021.dat
1 0 9.6472 -69.1803 -91.1069 0 0 1 0.031411 0.999507 0 -0.999507 0.031411 0 3021.dat
1 1 -10.3528 -93.4826 -81.8657 -1 0 0 0 0.999507 0.031411 0 0.031411 -0.999507 3001.dat
1 1 -10.3528 -117.1567 -92.6146 -1 0 0 0 0.999507 0.031411 0 0.031411 -0.999507 3037.dat
1 0 -10.3528 -125.1527 -92.8659 1 0 0 0 0.999507 -0.031411 0 0.031411 0.999507 4315.dat
1 0 -10.3528 -63.2122 -281.0132 1 0 0 0 0.999507 -0.031411 0 0.031411 0.999507 4859.dat
1 36 -10.3528 -120.7149 -106.7334 1 0 0 0 0.999507 -0.031411 0 0.031411 0.999507 2507.dat
1 15 -10.3528 -102.6707 -148.7432 0.829017 0.000003 0.559172 -0.183904 0.944396 0.272644 -0.528065 -0.328867 0.782878 2446.dat
1 36 -7.7828 -99.6195 -145.7711 0.829017 -0.395428 0.395405 -0.183904 0.475028 0.860542 -0.528065 -0.78613 0.321015 2447.dat
1 14 -10.3528 -102.6707 -148.7432 0.829 0 0.5592 -0.183902 0.944397 0.272641 -0.528137 -0.328898 0.782951 3626.dat
1 0 -10.3528 -77.1725 -157.6226 1 0 0 0 0.944397 0.328898 0 -0.328898 0.944397 3838.dat
1 15 -10.3528 -77.1725 -157.6226 1 0 0 0 0.944397 0.328898 0 -0.328898 0.944397 973.dat
1 1 -50.35 -11.7371 118.538 0.985 0 -0.1725 -0.005418 0.999507 -0.03094 0.172415 0.031411 0.984514 3640.dat
1 0 -60.2 -3.6869 117.0651 0.985 0 -0.1725 -0.005418 0.999507 -0.03094 0.172415 0.031411 0.984514 3021.dat
1 1 -60.2 4.3092 117.3164 0.1725 0 0.985 0.03094 0.999507 -0.005418 -0.984514 0.031411 0.172415 3023.dat
1 1 -89.75 -11.5204 111.6414 -0.985 0 0.1725 0.005418 0.999507 0.03094 -0.172415 0.031411 -0.984514 2444.dat
1 0 -70.05 -19.6248 114.8384 -0.985 0 0.1725 0.005418 0.999507 0.03094 -0.172415 0.031411 -0.984514 3020.dat
1 1 -50.35 -27.7292 118.0354 -0.985 0 0.1725 0.005418 0.999507 0.03094 -0.172415 0.031411 -0.984514 3680.dat
1 7 -109.45 -1.4169 108.5072 0.985 0 -0.1725 -0.005418 0.999507 -0.03094 0.172415 0.031411 0.984514 3673.dat
1 0 -109.45 -1.4169 108.5072 0.1725 0 0.985 0.03094 0.999507 -0.005418 -0.984514 0.031411 0.172415 2515a.dat
1 1 29.65 -11.7371 118.538 0.985 0 -0.1725 -0.005418 0.999507 -0.03094 0.172415 0.031411 0.984514 3640.dat
1 0 39.5 -3.7952 120.5134 0.985 0 -0.1725 -0.005418 0.999507 -0.03094 0.172415 0.031411 0.984514 3021.dat
1 1 39.5 4.2008 120.7647 0.1725 0 0.985 0.03094 0.999507 -0.005418 -0.984514 0.031411 0.172415 3023.dat
1 1 69.05 -11.9538 125.4346 0.985 0 -0.1725 -0.005418 0.999507 -0.03094 0.172415 0.031411 0.984514 2444.dat
1 0 49.35 -19.8415 121.735 0.985 0 -0.1725 -0.005418 0.999507 -0.03094 0.172415 0.031411 0.984514 3020.dat
1 1 29.65 -27.7292 118.0354 0.985 0 -0.1725 -0.005418 0.999507 -0.03094 0.172415 0.031411 0.984514 3680.dat
1 7 88.75 -2.0671 129.197 0.985 0 -0.1725 -0.005418 0.999507 -0.03094 0.172415 0.031411 0.984514 3673.dat
1 0 88.75 -2.0671 129.197 -0.1725 0 -0.985 -0.03094 0.999507 0.005418 0.984514 0.031411 -0.172415 2515a.dat
1 0 -10.3529 -35.7253 117.7841 1 0 0 0 0.999507 -0.031411 0 0.031411 0.999507 3795.dat
1 7 29.6471 -27.7292 118.0354 1 0 0 0 0.999507 -0.031411 0 0.031411 0.999507 3679.dat
1 7 -50.3529 -27.7292 118.0354 1 0 0 0 0.999507 -0.031411 0 0.031411 0.999507 3679.dat
1 0 -10.3529 -43.0931 97.5427 1 0 0 0 0.999507 -0.031411 0 0.031411 0.999507 3031.dat
1 0 -40.3529 -51.7174 117.2816 0 0 1 0.031411 0.999507 0 -0.999507 0.031411 0 3666.dat
1 0 19.6471 -51.7174 117.2816 0 0 1 0.031411 0.999507 0 -0.999507 0.031411 0 3666.dat
1 0 -10.3529 -45.2919 167.5082 1 0 0 0 0.999507 -0.031411 0 0.031411 0.999507 3710.dat
1 0 -10.3529 -61.284 167.0056 1 0 0 0 0.999507 -0.031411 0 0.031411 0.999507 2431.dat
1 0 -10.3529 -58.7711 87.0451 1 0 0 0 0.999507 -0.031411 0 0.031411 0.999507 2431.dat
1 0 -10.3529 -66.1389 66.8036 1 0 0 0 0.999507 -0.031411 0 0.031411 0.999507 3700.dat
1 1 -10.3529 -101.8297 183.7403 -1 0 0 0 -0.031411 0.999507 0 0.999507 0.031411 4854.dat
1 0 -10.3529 -102.081 191.7364 -1 0 0 0 -0.031411 0.999507 0 0.999507 0.031411 3068.dat
1 0 -40.3529 -102.5835 207.7285 0 0 1 0.999507 -0.031411 0 0.031411 0.999507 0 4590.dat
1 0 19.6471 -102.5835 207.7285 0 0 -1 -0.999507 -0.031411 0 -0.031411 0.999507 0 4590.dat
1 1 -40.3529 -101.5784 175.7442 0 0 -1 -0.999507 -0.031411 0 -0.031411 0.999507 0 3004.dat
1 1 19.6471 -101.5784 175.7442 0 0 -1 -0.999507 -0.031411 0 -0.031411 0.999507 0 3004.dat
1 0 -40.3529 -71.5932 176.6866 0 0 -1 -0.999507 -0.031411 0 -0.031411 0.999507 0 3024.dat
1 0 19.6471 -71.5932 176.6866 0 0 -1 -0.999507 -0.031411 0 -0.031411 0.999507 0 3024.dat
1 0 -10.3529 -71.5932 176.6866 1 0 0 0 -0.031411 -0.999507 0 0.999507 -0.031411 4623.dat
1 0 -10.3529 -131.5636 174.8019 1 0 0 0 -0.031411 -0.999507 0 0.999507 -0.031411 2431.dat
1 1 -10.3529 -69.3316 104.7221 1 0 0 0 -0.031411 -0.999507 0 0.999507 -0.031411 4033.dat
1 36 -10.3529 -69.8313 104.7064 1 0 0 0 -0.031411 -0.999507 0 0.999507 -0.031411 3855.dat
1 0 -40.3529 -99.3168 103.7797 0 0 -1 -0.999507 -0.031411 0 -0.031411 0.999507 0 2362.dat
1 0 19.6471 -99.3168 103.7797 0 0 1 0.999507 -0.031411 0 0.031411 0.999507 0 2362.dat
1 0 -40.3529 -89.0704 96.0978 0 0 1 0.999507 -0.031411 0 0.031411 0.999507 0 3623.dat
1 0 19.6471 -89.0704 96.0978 0 0 1 0.999507 -0.031411 0 0.031411 0.999507 0 3623.dat
1 0 -10.3529 -69.0803 96.726 1 0 0 0 -0.031411 -0.999507 0 0.999507 -0.031411 4623.dat
1 1 -40.3529 -98.8142 87.7876 0 0 1 0.999507 -0.031411 0 0.031411 0.999507 0 3069.dat
1 1 19.6471 -98.8142 87.7876 0 0 1 0.999507 -0.031411 0 0.031411 0.999507 0 3069.dat
1 1 -10.3529 -68.829 88.73 -1 0 0 0 -0.031411 0.999507 0 0.999507 0.031411 4625.dat
1 1 -10.3529 -98.0603 63.7995 -1 0 0 0 -0.031411 0.999507 0 0.999507 0.031411 4857.dat
1 0 -10.3529 -97.8091 55.8034 -1 0 0 0 -0.031411 0.999507 0 0.999507 0.031411 3068.dat
1 1 19.6471 -98.3116 71.7955 0 0 -1 -0.999507 -0.031411 0 -0.031411 0.999507 0 3023.dat
1 1 19.6471 -98.5629 79.7916 0 0 -1 -0.999507 -0.031411 0 -0.031411 0.999507 0 3023.dat
1 1 -40.3529 -98.3116 71.7955 0 0 -1 -0.999507 -0.031411 0 -0.031411 0.999507 0 3023.dat
1 1 -40.3529 -98.5629 79.7916 0 0 -1 -0.999507 -0.031411 0 -0.031411 0.999507 0 3023.dat
1 0 -10.3529 -128.7994 86.8453 -1 0 0 0 -0.031411 0.999507 0 0.999507 0.031411 4873.dat
1 36 -60.3529 -129.5533 110.8335 -1 0 0 0 -0.031411 0.999507 0 0.999507 0.031411 6141.dat
1 36 39.6471 -129.5533 110.8335 -1 0 0 0 -0.031411 0.999507 0 0.999507 0.031411 6141.dat
1 36 19.6471 -131.3123 166.8059 -1 0 0 0 -0.031411 0.999507 0 0.999507 0.031411 3957.dat
1 36 -0.3529 -131.3123 166.8059 -1 0 0 0 -0.031411 0.999507 0 0.999507 0.031411 3957.dat
1 36 -20.3529 -131.3123 166.8059 -1 0 0 0 -0.031411 0.999507 0 0.999507 0.031411 3957.dat
1 36 -40.3529 -131.3123 166.8059 -1 0 0 0 -0.031411 0.999507 0 0.999507 0.031411 3957.dat
1 0 -251.698 -32.23 147.213 0.920506 0 0.390731 0 1 0 -0.390731 0 0.920506 2446.dat
1 0 -251.698 -32.23 147.213 0.920506 0 0.390731 0 1 0 -0.390731 0 0.920506 2447.dat
1 14 -251.698 -32.23 147.213 0.920506 0 0.390731 0 1 0 -0.390731 0 0.920506 3626.dat
1 0 -251.698 -5.23 147.213 0.996195 0 -0.087156 0 1 0 0.087156 0 0.996195 3838.dat
1 0 -251.698 -5.23 147.213 0.996195 0 -0.087156 0 1 0 0.087156 0 0.996195 973.dat
