0 Main
0 Name: 6747 - Race Rider - Race Rider.mpd
0 Author: LTRON
1 1 0 0 0 0 0 -1 0.104528 0.994522 0 0.994522 -0.104528 0 3795.dat
1 1 0 -2.729 50.562 1 0 0 0 0.994522 0.104528 0 -0.104528 0.994522 3023.dat
1 1 0 -5.865 20.727 1 0 0 0 0.994522 0.104528 0 -0.104528 0.994522 3020.dat
1 1 0 -12.137 -38.944 0 0 -1 0.104528 0.994522 0 0.994522 -0.104528 0 3020.dat
1 1 30 2.09 19.892 0 0 -1 0.104528 0.994522 0 0.994522 -0.104528 0 3023.dat
1 1 -30 2.09 19.892 0 0 -1 0.104528 0.994522 0 0.994522 -0.104528 0 3023.dat
1 1 0 -26.599 53.07 -1 0 0 0 0.994522 -0.104528 0 -0.104528 -0.994522 3660.dat
1 1 -30 -29.734 23.234 0 0 1 -0.104528 0.994522 0 -0.994522 -0.104528 0 32064.dat
1 1 30 -29.734 23.234 0 0 1 -0.104528 0.994522 0 -0.994522 -0.104528 0 32064.dat
1 1 -10 -33.914 -16.546 0 0 1 -0.104528 0.994522 0 -0.994522 -0.104528 0 3660.dat
1 1 -10 -38.096 -56.326 0 0 1 -0.104528 0.994522 0 -0.994522 -0.104528 0 3660.dat
1 1 10 -38.096 -56.326 0 0 -1 0.104528 0.994522 0 0.994522 -0.104528 0 3660.dat
1 1 10 -33.914 -16.546 0 0 -1 0.104528 0.994522 0 0.994522 -0.104528 0 3660.dat
1 0 0 -39.781 4.181 0 0 -1 0.104528 0.994522 0 0.994522 -0.104528 0 3035.dat
1 72 32 -19.79 22.19 1 0 0 0 0.994522 0.104528 0 -0.104528 0.994522 6587.dat
1 71 50 -19.79 22.19 0 -1 0 0.994522 0 0.104528 -0.104528 0 0.994522 60483.dat
1 72 70 -17.699 42.081 1 0 0 0 0.104528 -0.994522 0 0.994522 0.104528 6553.dat
1 72 70 -12.995 86.834 0 0 1 -0.994522 -0.104528 0 0.104528 -0.994522 0 41677.dat
1 1 60 -17.699 42.081 1 0 0 0 -0.104528 0.994522 0 -0.994522 -0.104528 3749.dat
1 72 -20 -70.966 -62.926 1 0 0 0 0.994522 0.104528 0 -0.104528 0.994522 2877.dat
1 72 20 -70.966 -62.926 1 0 0 0 0.994522 0.104528 0 -0.104528 0.994522 2877.dat
1 72 -30 -40.42 74.634 1 0 0 0 0.994522 0.104528 0 -0.104528 0.994522 6141.dat
1 72 30 -40.42 74.634 1 0 0 0 0.994522 0.104528 0 -0.104528 0.994522 6141.dat
1 72 -30 -48.376 75.471 1 0 0 0 0.994522 0.104528 0 -0.104528 0.994522 6141.dat
1 72 30 -48.376 75.471 1 0 0 0 0.994522 0.104528 0 -0.104528 0.994522 6141.dat
1 71 0 -56.332 76.307 1 0 0 0 0.994522 0.104528 0 -0.104528 0.994522 3666.dat
1 71 -30 -58.422 56.416 1 0 0 0 0.994522 0.104528 0 -0.104528 0.994522 3665.dat
1 71 30 -58.422 56.416 1 0 0 0 0.994522 0.104528 0 -0.104528 0.994522 3665.dat
1 71 20 -71.605 7.526 0 0 -1 0.104528 0.994522 0 0.994522 -0.104528 0 3034.dat
1 71 -20 -71.605 7.526 0 0 -1 0.104528 0.994522 0 0.994522 -0.104528 0 3034.dat
1 0 0 -88.158 79.651 -1 0 0 0 0.994522 -0.104528 0 -0.104528 -0.994522 3004.dat
1 71 30 -95.474 10.034 0 0 1 -0.104528 0.994522 0 -0.994522 -0.104528 0 2730.dat
1 71 -30 -95.474 10.034 0 0 1 -0.104528 0.994522 0 -0.994522 -0.104528 0 2730.dat
1 0 40 -77.167 88.552 1 0 0 0 0.994522 0.104528 0 -0.104528 0.994522 4459.dat
1 0 -40 -77.167 88.552 1 0 0 0 0.994522 0.104528 0 -0.104528 0.994522 4459.dat
1 1 40 -79.257 68.661 1 0 0 0 0.994522 0.104528 0 -0.104528 0.994522 3749.dat
1 1 40 -81.348 48.771 1 0 0 0 0.994522 0.104528 0 -0.104528 0.994522 3749.dat
1 1 -40 -81.348 48.771 -1 0 0 0 0.994522 -0.104528 0 -0.104528 -0.994522 3749.dat
1 1 -40 -79.257 68.661 -1 0 0 0 0.994522 -0.104528 0 -0.104528 -0.994522 3749.dat
1 256 50 -79.257 68.661 0 0 1 -0.104528 0.994522 0 -0.994522 -0.104528 0 45590.dat
1 256 -50 -79.257 68.661 0 0 1 -0.104528 0.994522 0 -0.994522 -0.104528 0 45590.dat
1 1 40 -85.529 8.989 1 0 0 0 0.994522 0.104528 0 -0.104528 0.994522 4274.dat
1 1 40 -83.439 28.88 1 0 0 0 0.994522 0.104528 0 -0.104528 0.994522 4274.dat
1 1 -40 -83.439 28.88 -1 0 0 0 0.994522 -0.104528 0 -0.104528 -0.994522 4274.dat
1 1 -40 -85.529 8.989 -1 0 0 0 0.994522 -0.104528 0 -0.104528 -0.994522 4274.dat
1 0 48 -74.539 17.89 0 -1 0 -0.104528 0 0.994522 -0.994522 0 -0.104528 4032.dat
1 72 56 -74.539 17.89 0 -1 0 -0.104528 0 0.994522 -0.994522 0 -0.104528 6141.dat
1 72 64 -74.539 17.89 0 -1 0 -0.104528 0 0.994522 -0.994522 0 -0.104528 4740.dat
1 0 -48 -74.539 17.89 0 1 0 0.104528 0 0.994522 0.994522 0 -0.104528 4032.dat
1 72 -56 -74.539 17.89 0 1 0 0.104528 0 0.994522 0.994522 0 -0.104528 6141.dat
1 72 -64 -74.539 17.89 0 1 0 0.104528 0 0.994522 0.994522 0 -0.104528 4740.dat
1 71 30 -103.43 10.871 0 0 1 -0.104528 0.994522 0 -0.994522 -0.104528 0 4477.dat
1 71 -30 -103.43 10.871 0 0 1 -0.104528 0.994522 0 -0.994522 -0.104528 0 4477.dat
1 0 -30 -123.118 53.16 0 0 1 -0.104528 0.994522 0 -0.994522 -0.104528 0 3004.dat
1 0 30 -123.118 53.16 0 0 1 -0.104528 0.994522 0 -0.994522 -0.104528 0 3004.dat
1 72 0 -126.253 23.324 -1 0 0 0 0.994522 -0.104528 0 -0.104528 -0.994522 3010.dat
1 72 -30 -119.982 82.996 -1 0 0 0 0.994522 -0.104528 0 -0.104528 -0.994522 4589.dat
1 72 30 -119.982 82.996 -1 0 0 0 0.994522 -0.104528 0 -0.104528 -0.994522 4589.dat
1 71 0 -117.891 102.886 -1 0 0 0 0.994522 -0.104528 0 -0.104528 -0.994522 3659.dat
1 72 30 -129.389 -6.512 0 0 -1 0.104528 0.994522 0 0.994522 -0.104528 0 2877.dat
1 72 -30 -129.389 -6.512 0 0 1 -0.104528 0.994522 0 -0.994522 -0.104528 0 2877.dat
1 0 0 -116.614 -38.02 -1 0 0 0 0.994522 -0.104528 0 -0.104528 -0.994522 3710.dat
1 0 0 -119.749 -67.854 -1 0 0 0 0.994522 -0.104528 0 -0.104528 -0.994522 3020.dat
1 4 0 -126.893 93.777 -1 0 0 0 0.994522 -0.104528 0 -0.104528 -0.994522 3020.dat
1 4 0 -131.074 53.998 -1 0 0 0 0.994522 -0.104528 0 -0.104528 -0.994522 3020.dat
1 4 -30 -136.3 4.27 0 0 1 -0.104528 0.994522 0 -0.994522 -0.104528 0 3623.dat
1 4 30 -136.3 4.27 0 0 1 -0.104528 0.994522 0 -0.994522 -0.104528 0 3623.dat
1 0 -30 -143.617 -65.345 0 0 1 -0.104528 0.994522 0 -0.994522 -0.104528 0 3701.dat
1 0 30 -143.617 -65.345 0 0 1 -0.104528 0.994522 0 -0.994522 -0.104528 0 3701.dat
1 0 0 -141.527 -45.456 1 0 0 0 0.994522 0.104528 0 -0.104528 0.994522 2904.dat
1 71 0 -131.581 -46.501 1 0 0 0 0.994522 0.104528 0 -0.104528 0.994522 32073.dat
1 71 0 -91.8 -50.682 1 0 0 0 0.994522 0.104528 0 -0.104528 0.994522 32073.dat
1 72 45 -91.8 -50.682 0 -1 0 0.104528 0 -0.994522 0.994522 0 0.104528 6632.dat
1 72 -45 -91.8 -50.682 0 -1 0 0.104528 0 -0.994522 0.994522 0 0.104528 6632.dat
1 0 0 -137.985 64.779 0 0 1 -0.104528 0.994522 0 -0.994522 -0.104528 0 3021.dat
1 4 0 -149.717 106.231 1 0 0 0 0.994522 0.104528 0 -0.104528 0.994522 3010.dat
1 0 -30 -127.939 83.833 0 0 1 -0.104528 0.994522 0 -0.994522 -0.104528 0 54200.dat
1 0 -30 -130.03 63.942 0 0 1 -0.104528 0.994522 0 -0.994522 -0.104528 0 54200.dat
1 0 -30 -132.118 44.051 0 0 1 -0.104528 0.994522 0 -0.994522 -0.104528 0 54200.dat
1 0 30 -132.118 44.051 0 0 -1 0.104528 0.994522 0 0.994522 -0.104528 0 54200.dat
1 0 30 -130.03 63.942 0 0 -1 0.104528 0.994522 0 0.994522 -0.104528 0 54200.dat
1 0 30 -127.939 83.833 0 0 -1 0.104528 0.994522 0 0.994522 -0.104528 0 54200.dat
1 15 0 -148.439 -34.674 1 0 0 0 0.994522 0.104528 0 -0.104528 0.994522 3023.dat
1 1 40 -151.573 -64.51 0 0 -1 0.104528 0.994522 0 0.994522 -0.104528 0 3020.dat
1 1 -40 -151.573 -64.51 0 0 -1 0.104528 0.994522 0 0.994522 -0.104528 0 3020.dat
1 0 0 -159.764 87.177 1 0 0 0 0.994522 0.104528 0 -0.104528 0.994522 3298.dat
1 1 0 -157.672 107.068 -1 0 0 0 0.994522 -0.104528 0 -0.104528 -0.994522 44568.dat
1 0 0 -160.576 -73.619 -1 0 0 0 0.994522 -0.104528 0 -0.104528 -0.994522 3710.dat
1 15 0 -157.438 -43.783 -1 0 0 0 0.994522 -0.104528 0 -0.104528 -0.994522 3020.dat
1 0 0 -150.122 25.833 -1 0 0 0 0.994522 -0.104528 0 -0.104528 -0.994522 3004.dat
1 15 0 -158.078 26.67 -1 0 0 0 0.994522 -0.104528 0 -0.104528 -0.994522 3023.dat
1 0 0 -166.674 97.959 -1 0 0 0 0.994522 -0.104528 0 -0.104528 -0.994522 3068.dat
1 1 40 -160.169 6.779 -1 0 0 0 0.994522 -0.104528 0 -0.104528 -0.994522 6564.dat
1 1 -40 -160.169 6.779 -1 0 0 0 0.994522 -0.104528 0 -0.104528 -0.994522 6565.dat
1 1 50 -163.711 -103.454 0 0 1 -0.104528 0.994522 0 -0.994522 -0.104528 0 3460.dat
1 1 -50 -163.711 -103.454 0 0 1 -0.104528 0.994522 0 -0.994522 -0.104528 0 3460.dat
1 1 50 -171.668 -102.619 0 0 1 -0.104528 0.994522 0 -0.994522 -0.104528 0 3710.dat
1 1 -50 -171.668 -102.619 0 0 1 -0.104528 0.994522 0 -0.994522 -0.104528 0 3710.dat
1 15 0 -168.53 -72.783 -1 0 0 0 0.994522 -0.104528 0 -0.104528 -0.994522 3023.dat
1 0 50 -165.396 -42.946 0 0 -1 0.104528 0.994522 0 0.994522 -0.104528 0 60470.dat
1 0 -50 -165.396 -42.946 0 0 1 -0.104528 0.994522 0 -0.994522 -0.104528 0 60470.dat
1 15 -50 -174.397 -52.055 0 0 1 -0.104528 0.994522 0 -0.994522 -0.104528 0 3623.dat
1 15 50 -174.397 -52.055 0 0 1 -0.104528 0.994522 0 -0.994522 -0.104528 0 3623.dat
1 15 0 -171.262 -22.22 0 0 1 -0.104528 0.994522 0 -0.994522 -0.104528 0 3795.dat
1 15 40 -168.125 7.616 -1 0 0 0 0.994522 -0.104528 0 -0.104528 -0.994522 43722.dat
1 15 -40 -168.125 7.616 -1 0 0 0 0.994522 -0.104528 0 -0.104528 -0.994522 43723.dat
1 15 0 -199.311 -59.493 -1 0 0 0 0.994522 -0.104528 0 -0.104528 -0.994522 3003.dat
1 15 0 -196.174 -29.657 -1 0 0 0 0.994522 -0.104528 0 -0.104528 -0.994522 30363.dat
1 1 30 -199.311 -59.493 -1 0 0 0 0.994522 -0.104528 0 -0.104528 -0.994522 41747.dat
1 1 -30 -199.311 -59.493 -1 0 0 0 0.994522 -0.104528 0 -0.104528 -0.994522 41748.dat
1 0 0 -176.083 -169.213 -1 0 0 0 0.809017 0.587785 0 0.587785 -0.809017 2817.dat
1 1 -40 -177.938 -162.289 1 0 0 0 0.994522 0.104528 0 -0.104528 0.994522 2444.dat
1 1 40 -177.938 -162.289 -1 0 0 0 0.994522 -0.104528 0 -0.104528 -0.994522 2444.dat
1 0 20 -167.993 -163.335 -1 0 0 0 0.994522 -0.104528 0 -0.104528 -0.994522 4459.dat
1 0 -20 -167.993 -163.335 -1 0 0 0 0.994522 -0.104528 0 -0.104528 -0.994522 4459.dat
1 15 -50 -181.714 -121.672 0 0 1 -0.104528 0.994522 0 -0.994522 -0.104528 0 2431.dat
1 15 50 -181.714 -121.672 0 0 1 -0.104528 0.994522 0 -0.994522 -0.104528 0 2431.dat
1 15 -50 -186.94 -171.399 0 0 1 -0.104528 0.994522 0 -0.994522 -0.104528 0 3024.dat
1 15 50 -186.94 -171.399 0 0 1 -0.104528 0.994522 0 -0.994522 -0.104528 0 3024.dat
1 4 0 -156.36 157.219 1 0 0 0 0.95882 -0.284015 0 0.284015 0.95882 3021.dat
1 4 20 -164.031 154.945 0 0 1 0.284015 0.95882 0 -0.95882 0.284015 0 44302.dat
1 4 -20 -164.031 154.945 0 0 1 0.284015 0.95882 0 -0.95882 0.284015 0 44302.dat
1 4 0 -179.372 150.4 -1 0 0 0 0.95882 0.284015 0 0.284015 -0.95882 42023.dat
1 1 20 -187.043 148.13 -1 0 0 0 0.95882 0.284015 0 0.284015 -0.95882 42023.dat
1 1 -20 -187.043 148.13 -1 0 0 0 0.95882 0.284015 0 0.284015 -0.95882 42023.dat
1 72 0 -212.604 234.422 -1 0 0 0 0.95882 0.284015 0 0.284015 -0.95882 4081.dat
1 1 0 -189.881 157.718 0 0 1 0.284015 0.95882 0 -0.95882 0.284015 0 3623.dat
1 15 0 -197.552 155.449 -1 0 0 0 0.95882 0.284015 0 0.284015 -0.95882 3623.dat
1 0 0 -191.874 136.271 -1 0 0 0 0.95882 0.284015 0 0.284015 -0.95882 3623.dat
1 15 0 -206.072 184.213 -1 0 0 0 0.95882 0.284015 0 0.284015 -0.95882 3021.dat
1 15 0 -217.433 222.564 -1 0 0 0 0.95882 0.284015 0 0.284015 -0.95882 3021.dat
1 36 4 -216.368 254.167 0 -1 0 -0.95882 0 0.284015 -0.284015 0 -0.95882 54200.dat
1 36 -4 -216.368 254.167 0 1 0 0.95882 0 0.284015 0.284015 0 -0.95882 54200.dat
1 1 0 -216.585 191.527 -1 0 0 0 0.95882 0.284015 0 0.284015 -0.95882 3623.dat
1 1 -20 -226.242 167.808 1 0 0 0 0.95882 -0.284015 0 0.284015 0.95882 3040.dat
1 1 -20 -237.603 206.161 -1 0 0 0 0.95882 0.284015 0 0.284015 -0.95882 50950.dat
1 15 0 -226.242 167.808 1 0 0 0 0.95882 -0.284015 0 0.284015 0.95882 3040.dat
1 15 0 -237.603 206.161 -1 0 0 0 0.95882 0.284015 0 0.284015 -0.95882 50950.dat
1 1 20 -226.242 167.808 1 0 0 0 0.95882 -0.284015 0 0.284015 0.95882 3040.dat
1 1 20 -237.603 206.161 -1 0 0 0 0.95882 0.284015 0 0.284015 -0.95882 50950.dat
1 71 0 12.137 38.944 0 0 -1 0.104528 0.994522 0 0.994522 -0.104528 0 2654.dat
1 71 0 -30.886 191.902 -1 0 0 0 0.961262 -0.275637 0 -0.275637 -0.961262 44294.dat
1 71 -65 -30.886 191.902 0 0 -1 0.275637 0.961262 0 0.961262 -0.275637 0 32123.dat
1 71 -50 -25.375 211.124 0 -1 0 -0.961262 0 -0.275637 0.275637 0 -0.961262 32271.dat
1 71 -30 -30.886 191.902 0 0 1 -0.961262 -0.275637 0 0.275637 -0.961262 0 3713.dat
1 1 -60 -36.401 172.673 -1 0 0 0 -0.961262 0.275637 0 0.275637 0.961262 4274.dat
1 1 -60 -41.912 153.448 -1 0 0 0 -0.961262 0.275637 0 0.275637 0.961262 4274.dat
1 0 -60 -58.451 95.774 1 0 0 0 -0.961262 -0.275637 0 0.275637 -0.961262 4459.dat
1 71 -68 -39.157 163.061 0 1 0 0.275637 0 0.961262 0.961262 0 -0.275637 2436.dat
1 72 -58 -47.102 186.143 -1 0 0 0 0.961262 -0.275637 0 -0.275637 -0.961262 61409.dat
1 72 -58 -55.372 157.305 1 0 0 0 0.961262 0.275637 0 -0.275637 0.961262 54200.dat
1 71 -70 -58.451 95.774 -1 0 0 0 0.965925 0.258819 0 0.258819 -0.965925 32013.dat
1 71 -70 -73.46 151.799 1 0 0 0 0.965925 -0.258819 0 0.258819 0.965925 3713.dat
1 71 -70 -82.263 184.64 -1 0 0 0 0.258819 -0.965925 0 -0.965925 -0.258819 3062.dat
1 71 -70 -84.332 192.362 -1 0 0 0 -0.258819 0.965925 0 0.965925 0.258819 3957.dat
1 71 -10 -30.886 191.902 0 0 -1 0.275637 0.961262 0 0.961262 -0.275637 0 32020.dat
1 256 -10 -30.886 191.902 0 0 -1 0.275637 0.961262 0 0.961262 -0.275637 0 32019.dat
1 71 30 -30.886 191.902 0 0 1 -0.961262 -0.275637 0 0.275637 -0.961262 0 3713.dat
1 71 15 -30.886 191.902 0 0 -1 0.275637 0.961262 0 0.961262 -0.275637 0 4185.dat
1 0 60 -58.451 95.774 1 0 0 0 -0.961262 -0.275637 0 0.275637 -0.961262 4459.dat
1 71 50 -25.375 211.124 0 -1 0 -0.961262 0 -0.275637 0.275637 0 -0.961262 32271.dat
1 1 60 -36.401 172.673 1 0 0 0 -0.961262 -0.275637 0 0.275637 -0.961262 4274.dat
1 1 60 -41.912 153.448 1 0 0 0 -0.961262 -0.275637 0 0.275637 -0.961262 4274.dat
1 71 68 -39.157 163.061 0 -1 0 -0.275637 0 0.961262 -0.961262 0 -0.275637 2436.dat
1 72 58 -47.102 186.143 -1 0 0 0 0.961262 -0.275637 0 -0.275637 -0.961262 61409.dat
1 72 58 -55.372 157.305 1 0 0 0 0.961262 0.275637 0 -0.275637 0.961262 54200.dat
1 71 65 -30.886 191.902 0 0 -1 0.275637 0.961262 0 0.961262 -0.275637 0 32123.dat
1 71 70 -58.451 95.774 -1 0 0 0 0.965925 0.258819 0 0.258819 -0.965925 32013.dat
1 71 70 -73.46 151.799 1 0 0 0 0.965925 -0.258819 0 0.258819 0.965925 3713.dat
1 71 70 -82.263 184.64 -1 0 0 0 0.258819 -0.965925 0 -0.965925 -0.258819 3062.dat
1 71 70 -84.332 192.362 -1 0 0 0 -0.258819 0.965925 0 0.965925 0.258819 3957.dat
1 71 -40 -29.855 -172.121 1 0 0 0 -0.374606 0.927184 0 -0.927184 -0.374606 32013.dat
1 71 -40 -66.944 -157.137 0 0 -1 0.927184 -0.374606 0 -0.374606 -0.927184 0 4519.dat
1 71 -40 -66.944 -157.137 -1 0 0 0 0.927184 -0.374606 0 -0.374606 -0.927184 60483.dat
1 1 -40 -83.705 -171.934 0 -1 0 -0.927184 0 -0.374606 0.374606 0 -0.927184 4274.dat
1 71 -40 -94.758 -145.9 -1 0 0 0 -0.374606 -0.927184 0 -0.927184 0.374606 59443.dat
1 1 -40 -113.302 -138.407 0 0 -1 0.927184 -0.374606 0 -0.374606 -0.927184 0 3749.dat
1 0 0 -29.855 -172.121 1 0 0 0 0.927184 0.374606 0 -0.374606 0.927184 3706.dat
1 71 -55 -29.855 -172.121 0 0 -1 0.374606 0.927184 0 0.927184 -0.374606 0 32123.dat
1 71 -25 -29.855 -172.121 0 0 -1 0.374606 0.927184 0 0.927184 -0.374606 0 32123.dat
1 71 -10 -29.855 -172.121 0 0 -1 0.374606 0.927184 0 0.927184 -0.374606 0 32020.dat
1 256 -10 -29.855 -172.121 0 0 -1 0.374606 0.927184 0 0.927184 -0.374606 0 32019.dat
1 71 15 -29.855 -172.121 0 0 -1 0.374606 0.927184 0 0.927184 -0.374606 0 4185.dat
1 71 25 -29.855 -172.121 0 0 -1 0.374606 0.927184 0 0.927184 -0.374606 0 32123.dat
1 71 40 -29.855 -172.121 1 0 0 0 -0.374606 0.927184 0 -0.927184 -0.374606 32013.dat
1 71 40 -66.944 -157.137 0 0 -1 0.927184 -0.374606 0 -0.374606 -0.927184 0 4519.dat
1 71 40 -66.944 -157.137 -1 0 0 0 0.927184 -0.374606 0 -0.374606 -0.927184 60483.dat
1 1 40 -83.705 -171.934 0 -1 0 -0.927184 0 -0.374606 0.374606 0 -0.927184 4274.dat
1 71 40 -94.758 -145.9 -1 0 0 0 -0.374606 -0.927184 0 -0.927184 0.374606 59443.dat
1 1 40 -113.302 -138.407 0 0 -1 0.927184 -0.374606 0 -0.374606 -0.927184 0 3749.dat
1 71 55 -29.855 -172.121 0 0 -1 0.374606 0.927184 0 0.927184 -0.374606 0 32123.dat
1 71 0 -122.571 -134.662 0 0 -1 0.374606 0.927184 0 0.927184 -0.374606 0 32316.dat
1 72 0 -131.843 -130.917 0 0 -1 -0.927184 0.374606 0 0.374606 0.927184 0 32002.dat
1 1 0 -128.212 -153.955 -1 0 0 0 0.927184 -0.374606 0 -0.374606 -0.927184 3623.dat
1 1 0 -120.797 -156.951 0 0 -1 0.374606 0.927184 0 0.927184 -0.374606 0 3024.dat
1 1 -20 -128.212 -153.955 0 0 1 -0.374606 0.927184 0 -0.927184 -0.374606 0 6091.dat
1 1 20 -128.212 -153.955 0 0 -1 0.374606 0.927184 0 0.927184 -0.374606 0 6091.dat
1 1 40 -98.539 -165.941 0 0 -1 0.374606 0.927184 0 0.927184 -0.374606 0 3024.dat
1 1 -40 -98.539 -165.941 0 0 -1 0.374606 0.927184 0 0.927184 -0.374606 0 3024.dat
1 71 40 -91.123 -168.938 0 0 -1 0.374606 0.927184 0 0.927184 -0.374606 0 3024.dat
1 71 -40 -91.123 -168.938 0 0 -1 0.374606 0.927184 0 0.927184 -0.374606 0 3024.dat
1 0 57.895 -74.69 -52.48 0.156434 -0.987688 0 -0.982277 -0.155577 -0.104528 0.103242 0.016352 -0.994522 3020.dat
1 1 68.926 -89.955 -20.71 0 -0.987688 -0.156434 -0.104528 -0.155577 0.982277 -0.994522 0.016352 -0.103242 54383.dat
1 1 68.926 -96.226 -80.382 0 -0.987688 0.156434 0.104528 -0.155577 -0.982277 0.994522 0.016352 0.103242 54383.dat
1 72 67.281 -132.582 -36.34 0.156434 -0.987688 0 -0.982277 -0.155577 -0.104528 0.103242 0.016352 -0.994522 60478.dat
1 72 67.281 -134.673 -56.231 0.156434 -0.987688 0 -0.982277 -0.155577 -0.104528 0.103242 0.016352 -0.994522 60478.dat
1 1 65.717 -132.166 -126.88 -0.156434 -0.987688 0 0.982277 -0.155577 0.104528 -0.103242 0.016352 0.994522 54384.dat
1 57 68.846 -150.767 -114.87 -0.156434 -0.987688 0 0.982277 -0.155577 0.104528 -0.103242 0.016352 0.994522 54200.dat
1 4 84.649 -145.142 -85.295 0 -0.987688 -0.156434 -0.104528 -0.155577 0.982277 -0.994522 0.016352 -0.103242 3069.dat
1 0 -57.895 -74.69 -52.48 0.156434 0.987688 0 0.982277 -0.155577 -0.104528 -0.103242 0.016352 -0.994522 3020.dat
1 1 -68.926 -89.955 -20.71 0 0.987688 0.156434 0.104528 -0.155577 0.982277 0.994522 0.016352 -0.103242 54384.dat
1 1 -68.926 -96.226 -80.382 0 0.987688 -0.156434 -0.104528 -0.155577 -0.982277 -0.994522 0.016352 0.103242 54384.dat
1 72 -67.281 -134.673 -56.231 -0.156434 0.987688 0 -0.982277 -0.155577 0.104528 0.103242 0.016352 0.994522 60478.dat
1 72 -67.281 -132.582 -36.34 -0.156434 0.987688 0 -0.982277 -0.155577 0.104528 0.103242 0.016352 0.994522 60478.dat
1 1 -65.717 -132.166 -126.88 -0.156434 0.987688 0 -0.982277 -0.155577 0.104528 0.103242 0.016352 0.994522 54383.dat
1 57 -68.846 -150.767 -114.87 -0.156434 0.987688 0 -0.982277 -0.155577 0.104528 0.103242 0.016352 0.994522 54200.dat
1 4 -84.649 -145.142 -85.295 0 0.987688 -0.156434 -0.104528 -0.155577 -0.982277 -0.994522 0.016352 0.103242 3069.dat
1 0 0 -178.266 -112.785 0 -1 0 -0.927184 0 -0.374607 0.374607 0 -0.927184 4459.dat
1 72 -20 -173.627 -114.657 0 0 1 -0.374607 0.927184 0 -0.927184 -0.374607 0 6632.dat
1 72 -20 -182.902 -110.91 0 0 1 -0.374607 0.927184 0 -0.927184 -0.374607 0 6632.dat
1 71 -20 -159.721 -120.275 0 -1 0 -0.927184 0 -0.374607 0.374607 0 -0.927184 32073.dat
1 71 20 -159.721 -120.275 0 -1 0 -0.927184 0 -0.374607 0.374607 0 -0.927184 32073.dat
1 0 -40 -196.81 -105.294 0 0 -1 -0.927184 0.374607 0 0.374607 0.927184 0 32039.dat
1 0 40 -196.81 -105.294 0 0 1 -0.927184 -0.374607 0 0.374607 -0.927184 0 32039.dat
1 71 61 -196.81 -105.294 -1 0 0 0 0.927184 -0.374607 0 -0.374607 -0.927184 4519.dat
1 71 -61 -196.81 -105.294 -1 0 0 0 0.927184 -0.374607 0 -0.374607 -0.927184 4519.dat
1 4 0 -188.435 -165.825 0 0 1 0.587785 0.809017 0 -0.809017 0.587785 0 3021.dat
1 1 0 -189.028 -178.617 0 0 1 0.587785 0.809017 0 -0.809017 0.587785 0 3020.dat
1 71 0 -213.133 -159.049 -1 0 0 0 0.809017 0.587785 0 0.587785 -0.809017 2436.dat
1 15 -30 -217.974 -135.372 -1 0 0 0 0.587785 -0.809017 0 -0.809017 -0.587785 6141.dat
1 15 30 -217.974 -135.372 -1 0 0 0 0.587785 -0.809017 0 -0.809017 -0.587785 6141.dat
1 15 -30 -201.378 -175.23 1 0 0 0 0.809017 -0.587785 0 0.587785 0.809017 2420.dat
1 15 30 -201.378 -175.23 0 0 -1 -0.587785 0.809017 0 0.809017 0.587785 0 2420.dat
1 15 -20 -189.622 -191.41 -1 0 0 0 0.809017 0.587785 0 0.587785 -0.809017 3023.dat
1 15 20 -189.622 -191.41 -1 0 0 0 0.809017 0.587785 0 0.587785 -0.809017 3023.dat
1 15 0 -171.99 -215.68 1 0 0 0 0.809017 -0.587785 0 0.587785 0.809017 51739.dat
1 15 0 -190.217 -204.203 0 0 -1 -0.587785 0.809017 0 0.809017 0.587785 0 3020.dat
1 1 0 -219.605 -163.751 -1 0 0 0 0.809017 0.587785 0 0.587785 -0.809017 3666.dat
1 0 0 -226.078 -168.454 -1 0 0 0 0.809017 0.587785 0 0.587785 -0.809017 3710.dat
1 1 -40 -196.093 -196.112 1 0 0 0 0.809017 -0.587785 0 0.587785 0.809017 43722.dat
1 1 40 -196.093 -196.112 1 0 0 0 0.809017 -0.587785 0 0.587785 0.809017 43723.dat
1 40 -20 -232.548 -173.156 -1 0 0 0 0.809017 0.587785 0 0.587785 -0.809017 6070.dat
1 40 20 -232.548 -173.156 -1 0 0 0 0.809017 0.587785 0 0.587785 -0.809017 6070.dat
1 72 -64.142 -234.391 -157.013 -0.707107 0 -0.707107 -0.415627 0.809017 0.415627 0.572061 0.587785 -0.572061 6190.dat
1 72 64.142 -234.391 -157.013 -0.707107 0 0.707107 0.415627 0.809017 0.415627 -0.572061 0.587785 -0.572061 6190.dat
1 1 0 -239.021 -177.859 -1 0 0 0 0.809017 0.587785 0 0.587785 -0.809017 3666.dat
1 1 -30 -227.265 -194.038 0 0 1 0.587785 0.809017 0 -0.809017 0.587785 0 6541.dat
1 1 30 -227.265 -194.038 0 0 1 0.587785 0.809017 0 -0.809017 0.587785 0 6541.dat
1 1 -30 -202.566 -200.814 0 0 1 0.587785 0.809017 0 -0.809017 0.587785 0 3024.dat
1 1 30 -202.566 -200.814 0 0 1 0.587785 0.809017 0 -0.809017 0.587785 0 3024.dat
1 40 -30 -184.337 -212.292 1 0 0 0 0.809017 -0.587785 0 0.587785 0.809017 54200.dat
1 40 -30 -202.566 -200.814 1 0 0 0 0.809017 -0.587785 0 0.587785 0.809017 54200.dat
1 40 30 -184.337 -212.292 1 0 0 0 0.809017 -0.587785 0 0.587785 0.809017 54200.dat
1 40 30 -202.566 -200.814 1 0 0 0 0.809017 -0.587785 0 0.587785 0.809017 54200.dat
1 15 0 -227.265 -194.038 1 0 0 0 0.809017 -0.587785 0 0.587785 0.809017 30363.dat
1 1 40 -219.177 -188.16 1 0 0 0 0.707107 -0.707107 0 0.707107 0.707107 3749.dat
1 1 -40 -219.177 -188.16 -1 0 0 0 0.707107 0.707107 0 0.707107 -0.707107 3749.dat
1 40 50 -219.177 -188.16 0 -1 0 0.656059 0 -0.75471 0.75471 0 0.656059 41669.dat
1 40 -50 -219.177 -188.16 0 1 0 -0.656059 0 -0.75471 -0.75471 0 0.656059 41669.dat
1 15 0 -239.617 -190.65 1 0 0 0 0.809017 -0.587785 0 0.587785 0.809017 3068.dat
