0 Main
0 Name: 9392-1 - Quad Bike.mpd
0 Author: LTRON
1 0 40 -9.3703 59.5527 0 -1 0 -0.995547 0 0.094269 -0.094269 0 -0.995547 32316.dat
1 1 20 -5.5995 19.7309 -1 0 0 0 0.995547 0.094269 0 0.094269 -0.995547 32556.dat
1 1 20 -11.2557 79.4636 -1 0 0 0 0.995547 0.094269 0 0.094269 -0.995547 32556.dat
1 1 20 -13.1411 99.3746 -1 0 0 0 0.995547 0.094269 0 0.094269 -0.995547 32556.dat
1 71 20 -3.1856 100.317 0 1 0 0.094269 0 -0.995547 -0.995547 0 -0.094269 43857.dat
1 71 20 -45.1579 -1.1524 0 1 0 -0.022082 0 1 1 0 0.022082 60484.dat
0 !LEOCAD SYNTH BEGIN
0 !LEOCAD SYNTH CONTROL_POINT 0 110 0 1 0 0 0 1 0 0 0 1 1
0 !LEOCAD SYNTH CONTROL_POINT 0 0 0 1 0 0 0 1 0 0 0 1 1
1 71 20 -84.695 -1.903 0 0 1 0.743145 0.669131 0 -0.669131 0.743145 0 41838.dat
0 !LEOCAD SYNTH END
1 0 0 -9.3703 59.5527 0 -1 0 -0.995547 0 0.094269 -0.094269 0 -0.995547 32316.dat
1 0 20 10.5406 61.4381 0 0 -1 0.995547 0.094269 0 0.094269 -0.995547 0 40490.dat
1 1 40 9.5979 71.3936 0 0 1 -0.094269 -0.995547 0 0.995547 -0.094269 0 3749.dat
1 0 40 6.7698 101.26 -1 0 0 0 -0.995547 -0.094269 0 -0.094269 0.995547 32013.dat
1 1 0 9.5979 71.3936 0 0 1 -0.094269 -0.995547 0 0.995547 -0.094269 0 3749.dat
1 0 0 6.7698 101.26 -1 0 0 0 -0.995547 -0.094269 0 -0.094269 0.995547 32013.dat
1 0 70 6.7699 101.26 -1 0 0 0 0.961697 0.274115 0 0.274115 -0.961697 3737.dat
1 0 -30 6.7699 101.26 0 0 -1 -0.274115 0.961697 0 0.961697 0.274115 0 59443.dat
1 72 -87 6.7699 101.26 -1 0 0 0 0.961697 0.274115 0 0.274115 -0.961697 32209.dat
1 71 55 6.7699 101.26 0 0 1 0.274115 0.961697 0 -0.961697 0.274115 0 32123.dat
1 71 70 6.7699 101.26 0 0 1 0.274115 0.961697 0 -0.961697 0.274115 0 94925.dat
1 71 85 6.7699 101.26 0 0 1 0.274115 0.961697 0 -0.961697 0.274115 0 32123.dat
1 0 100 12.426 41.5272 1 0 0 0 -0.995547 0.094269 0 -0.094269 -0.995547 92907.dat
1 0 100 12.426 41.5272 0 0 -1 -0.094269 0.995547 0 0.995547 0.094269 0 32054.dat
1 4 100 -9.3703 59.5527 -1 0 0 0 0.995547 0.094269 0 0.094269 -0.995547 32062.dat
1 0 100 -7.4849 39.6418 0 -1 0 0.995547 0 -0.094269 0.094269 0 0.995547 32140.dat
1 0 20 -7.4849 39.6418 -1 0 0 0 0.995547 0.094269 0 0.094269 -0.995547 3737.dat
1 0 70 -7.4849 39.6418 0 -1 0 -0.094269 0 -0.995547 0.995547 0 -0.094269 60483.dat
1 71 55 -7.4849 39.6418 0 0 -1 -0.094269 0.995547 0 0.995547 0.094269 0 32123.dat
1 71 -20 -7.4849 39.6418 0 0 -1 -0.094269 0.995547 0 0.995547 0.094269 0 3713.dat
1 71 -35 -7.4849 39.6418 0 0 -1 -0.094269 0.995547 0 0.995547 0.094269 0 32123.dat
1 0 -60 12.426 41.5272 1 0 0 0 -0.995547 0.094269 0 -0.094269 -0.995547 92907.dat
1 0 -60 12.426 41.5272 0 0 -1 -0.094269 0.995547 0 0.995547 0.094269 0 32054.dat
1 4 -60 -9.3703 59.5527 -1 0 0 0 0.995547 0.094269 0 0.094269 -0.995547 32062.dat
1 0 -60 -7.4849 39.6418 0 -1 0 0.995547 0 -0.094269 0.094269 0 0.995547 32140.dat
1 71 -80 6.7699 101.26 0 0 1 0.274115 0.961697 0 -0.961697 0.274115 0 3713.dat
1 71 120 6.7699 101.26 0 0 1 0.274115 0.961697 0 -0.961697 0.274115 0 3713.dat
1 71 135 6.7699 101.26 0 0 1 0.274115 0.961697 0 -0.961697 0.274115 0 32123.dat
1 71 -95 6.7699 101.26 0 0 1 0.274115 0.961697 0 -0.961697 0.274115 0 32123.dat
1 0 0 -25.153 -0.7059 0 1 0 0.022082 0 -1 -1 0 -0.022082 32348.dat
1 71 20 -25.1579 -0.7107 -1 0 0 0 -0.022082 1 0 1 0.022082 4519.dat
1 71 20 -120.093 -50.8257 1 0 0 0 -0.81173 -0.584033 0 0.584033 -0.81173 4519.dat
1 19 20 -85.1384 -2.0308 1 0 0 0 -0.022082 -1 0 1 -0.022082 32556.dat
1 1 20 -45.1579 -1.1524 1 0 0 0 -0.022082 -1 0 1 -0.022082 32556.dat
1 1 20 -108.446 -34.5607 1 0 0 0 -0.022082 -1 0 1 -0.022082 32556.dat
1 0 -20 -5.2398 -0.2663 0 -1 0 -0.026177 0 -0.999657 0.999657 0 -0.026177 60483.dat
1 72 8 -5.1579 -0.2691 -1 0 0 0 0.999657 0.026177 0 0.026177 -0.999657 87083.dat
1 0 0 -5.1481 -0.2643 0 1 0 0.999657 0 0.026177 0.026177 0 -0.999657 32271.dat
1 0 -30 -25.233 -0.7898 -1 0 0 0 0.999657 0.026177 0 0.026177 -0.999657 3673.dat
1 1 20 -4.7163 -20.2691 1 0 0 0 0.995547 -0.094269 0 0.094269 0.995547 32556.dat
1 71 20 30.5187 -143.379 1 0 0 0 0.578852 -0.815432 0 0.815432 0.578852 4519.dat
1 71 20 -4.1927 -40.2525 1 0 0 0 0.999657 -0.026177 0 0.026177 0.999657 44294.dat
1 71 -20 -4.1927 -40.2525 0 0 1 0.026177 0.999657 0 -0.999657 0.026177 0 94925.dat
1 71 -40 -25.233 -0.7898 0 1 0 0.999657 0 0.026177 0.026177 0 -0.999657 60484.dat
1 0 20 -144.585 79.8653 0 -1 0 -0.953582 0 0.301134 -0.301134 0 -0.953582 32271.dat
1 71 20 -131.713 -67.0752 -1 0 0 0 -0.813056 0.582186 0 0.582186 0.813056 4519.dat
1 71 20 -144.562 79.8769 1 0 0 0 -0.953582 0.301134 0 -0.301134 -0.953582 4519.dat
1 1 20 -138.539 60.8052 -1 0 0 0 0.953582 0.301134 0 0.301134 -0.953582 32556.dat
1 0 40 -25.1529 -0.7058 0 1 0 0.022082 0 -1 -1 0 -0.022082 32348.dat
1 0 0 -118.864 -214.027 0 -1 0 0.953582 0 -0.301134 0.301134 0 0.953582 32271.dat
1 71 20 -118.864 -214.027 1 0 0 0 0.953582 -0.301134 0 0.301134 0.953582 4519.dat
1 0 -10 -124.887 -194.955 1 0 0 0 0.953582 -0.301134 0 0.301134 0.953582 3673.dat
1 0 20 -118.865 -214.027 1 0 0 0 -0.953582 0.301133 0 -0.301133 -0.953582 32291.dat
1 47 10 -134.925 -229.586 -1 0 0 0 0.301134 -0.953582 0 -0.953582 -0.301134 6141.dat
1 47 30 -134.925 -229.586 -1 0 0 0 0.301134 -0.953582 0 -0.953582 -0.301134 6141.dat
1 25 -70 19.4153 -66.8372 -1 0 0 0 -0.834871 0.550935 0 0.550935 0.834871 62462.dat
1 0 -40 -2.6221 -100.232 0 -1 0 0.834871 0 0.550935 -0.550935 0 0.834871 33299.dat
1 25 -20 -149.017 -118.675 0 -1 0 0.337336 0 0.94167 -0.941671 0 0.337336 32271.dat
1 71 20 -148.977 -118.669 -1 0 0 0 0.337336 -0.94167 0 -0.941671 -0.337336 32073.dat
1 71 20 -2.6221 -100.232 -1 0 0 0 0.550935 0.834871 0 0.834871 -0.550935 44294.dat
1 71 20 -148.978 -118.669 0 0 1 -0.94167 0.337336 0 -0.337336 -0.941671 0 3713.dat
1 71 20 3.9425 -179.334 0 0 1 -0.172155 0.98507 0 -0.98507 -0.172155 0 87082.dat
1 72 20 -25.6096 -174.169 0 -1 0 0.98507 0 0.172155 -0.172155 0 0.98507 87083.dat
1 4 20 -19.202 -195.592 0 1 0 0.98507 0 -0.172155 -0.172155 0 -0.98507 32039.dat
1 71 20 -35.4603 -172.447 0 0 1 -0.172155 0.98507 0 -0.98507 -0.172155 0 87082.dat
1 71 20 7.3857 -159.633 1 0 0 0 0.172155 -0.98507 0 0.98507 0.172155 60484.dat
1 0 20 -65.0124 -167.283 -1 0 0 0 0.172155 0.98507 0 0.98507 -0.172155 59443.dat
1 19 20 -20.9236 -205.444 0 0 -1 0.172155 0.98507 0 0.98507 -0.172155 0 3749.dat
1 1 0 -35.4603 -172.448 0 0 1 -0.172155 0.98507 0 -0.98507 -0.172155 0 32556.dat
1 1 40 -35.4603 -172.448 0 0 1 -0.172155 0.98507 0 -0.98507 -0.172155 0 32556.dat
1 0 0 3.9425 -179.334 -1 0 0 0 -0.172155 -0.98507 0 -0.98507 0.172155 32348.dat
1 0 40 3.9425 -179.334 1 0 0 0 0.172155 -0.98507 0 0.98507 0.172155 32348.dat
1 71 40 0.4994 -199.035 0 0 1 -0.172155 0.98507 0 -0.98507 -0.172155 0 32073.dat
1 71 0 0.4994 -199.035 0 0 1 -0.172155 0.98507 0 -0.98507 -0.172155 0 32073.dat
1 19 -48 -92.3455 -172.658 0 0.600001 0.799999 0.172155 -0.788055 0.591043 0.98507 0.137724 -0.103293 3749.dat
1 19 88 -92.3455 -172.658 0 0.6 -0.8 0.172155 0.788056 0.591042 0.98507 -0.137724 -0.103293 3749.dat
1 0 20 -38.9034 -192.149 0 0 1 0.98507 0.172155 0 -0.172155 0.98507 0 32316.dat
1 0 20 0.4994 -199.035 0 0 1 0.98507 0.172155 0 -0.172155 0.98507 0 32316.dat
1 71 20 20.1894 -202.483 0 1 0 -0.98507 0 0.172155 0.172155 0 0.98507 6629.dat
1 71 20 20.1894 -202.483 -1 0 0 0 0.98507 -0.172155 0 -0.172155 -0.98507 4519.dat
1 1 20 27.0756 -163.08 1 0 0 0 0.98507 0.172155 0 -0.172155 0.98507 32556.dat
1 1 10 -3.6692 -60.2457 1 0 0 0 0.728768 -0.684761 0 0.684761 0.728768 3749.dat
1 0 0 7.3857 -159.633 0 0 1 -0.172155 0.98507 0 -0.98507 -0.172155 0 6536.dat
1 0 40 7.3857 -159.633 0 0 1 -0.172155 0.98507 0 -0.98507 -0.172155 0 6536.dat
1 72 5 20.2008 -202.479 0 1 0 0.98507 0 -0.172155 -0.172155 0 -0.98507 41677.dat
1 72 35 20.2008 -202.479 0 1 0 0.98507 0 -0.172155 -0.172155 0 -0.98507 41677.dat
1 71 20 16.7577 -222.18 -1 0 0 0 0.98507 -0.172155 0 -0.172155 -0.98507 4519.dat
1 71 20 16.7577 -222.18 -1 0 0 0 -0.98507 0.172155 0 0.172155 0.98507 63869.dat
1 71 -57.6249 13.8751 -201.373 0 0.339453 0.940623 -0.172155 0.92658 -0.334385 -0.98507 -0.161933 0.058438 6572.dat
1 71 -57.6249 13.8751 -201.373 0 0.339453 0.940623 -0.172155 0.92658 -0.334385 -0.98507 -0.161933 0.058438 4519.dat
1 71 -20 0.4994 -199.036 0 0.339453 0.940623 -0.172155 0.92658 -0.334385 -0.98507 -0.161933 0.058438 4519.dat
1 71 60 0.4994 -199.036 0 -0.339452 -0.940623 0.172155 0.92658 -0.334384 0.98507 -0.161933 0.058438 4519.dat
1 71 97.6249 13.875 -201.374 0 -0.339452 -0.940623 0.172155 0.92658 -0.334384 0.98507 -0.161933 0.058438 6572.dat
1 71 97.6249 13.875 -201.374 0 -0.339452 -0.940623 0.172155 0.92658 -0.334384 0.98507 -0.161933 0.058438 4519.dat
0 !LEOCAD SYNTH BEGIN
0 !LEOCAD SYNTH CONTROL_POINT 0 110 0 1 0 0 0 1 0 0 0 1 1
0 !LEOCAD SYNTH CONTROL_POINT 0 0 0 1 0 0 0 1 0 0 0 1 1
1 71 97.6249 13.875 -201.373 0.996164 -0.087499 0 -0.086193 -0.981292 -0.172155 0.015063 0.171495 -0.98507 41838.dat
0 !LEOCAD SYNTH END
0 !LEOCAD SYNTH BEGIN
0 !LEOCAD SYNTH CONTROL_POINT 0 110 0 1 0 0 0 1 0 0 0 1 1
0 !LEOCAD SYNTH CONTROL_POINT 0 0 0 1 0 0 0 1 0 0 0 1 1
1 71 -57.6249 13.8751 -201.373 0.996164 0.087499 0 0.086193 -0.981292 -0.172155 -0.015064 0.171495 -0.98507 41838.dat
0 !LEOCAD SYNTH END
1 71 60 -38.9034 -192.149 0 -0.339452 -0.940623 0.172155 0.92658 -0.334384 0.98507 -0.161933 0.058438 4519.dat
1 71 97.6249 -25.5278 -194.487 0 -0.339452 -0.940623 0.172155 0.92658 -0.334384 0.98507 -0.161933 0.058438 6572.dat
1 71 -20 -38.9034 -192.149 0 0.339453 0.940623 -0.172155 0.92658 -0.334385 -0.98507 -0.161933 0.058438 4519.dat
1 71 -57.6249 -25.5278 -194.487 0 0.339453 0.940623 -0.172155 0.92658 -0.334385 -0.98507 -0.161933 0.058438 6572.dat
1 0 -95.2498 7.549 -200.267 0 0 1 -0.172155 0.98507 0 -0.98507 -0.172155 0 6571.dat
1 28 -115.25 7.549 -200.267 1 0 0 0 0.98507 0.172155 0 -0.172155 0.98507 6587.dat
1 0 135.25 7.549 -200.268 0 0 -1 -0.172155 -0.98507 0 -0.98507 0.172155 0 6571.dat
1 28 155.25 7.549 -200.268 -1 0 0 0 -0.98507 0.172155 0 0.172155 0.98507 6587.dat
1 71 20 -22.6452 -215.294 0 0 1 0.98507 0.172155 0 -0.172155 0.98507 0 32523.dat
1 0 0 -24.3667 -225.145 0 0 -1 0.172155 0.98507 0 0.98507 -0.172155 0 6628.dat
1 0 40 -24.3667 -225.145 0 0 -1 0.172155 0.98507 0 0.98507 -0.172155 0 6628.dat
1 0 0 -26.4323 -236.966 -0.25896 0.167818 -0.951835 -0.952087 0.125351 0.281131 0.166391 0.978439 0.127256 2739.dat
1 0 40 -26.4323 -236.966 -0.25896 -0.167818 0.951835 0.952087 0.125351 0.281131 -0.166391 0.978439 0.127256 2739.dat
1 0 20 -68.3877 -271.215 -1 0 0 0 0.217916 -0.975967 0 -0.975967 -0.217916 3705.dat
1 0 0 -68.3877 -271.215 -1 0 0 0 0.975967 0.217916 0 0.217916 -0.975967 6553.dat
1 0 40 -68.3877 -271.215 -1 0 0 0 0.975967 0.217916 0 0.217916 -0.975967 6553.dat
1 0 0 -9.8301 -258.14 1 0 0 0 0.217916 0.975967 0 -0.975967 0.217916 32015.dat
1 0 40 -9.8301 -258.14 1 0 0 0 0.217916 0.975967 0 -0.975967 0.217916 32015.dat
1 72 20 -121.161 -157.471 0 0 -1 -0.98507 0.172155 0 0.172155 0.98507 0 32209.dat
1 71 20 -104.415 -160.397 1 0 0 0 0.172155 -0.98507 0 0.98507 0.172155 3713.dat
1 71 20 -130.909 -175.884 1 0 0 0 -0.98507 -0.172155 0 0.172155 -0.98507 32073.dat
1 0 20 -130.91 -175.884 1 0 0 0 0.172155 -0.98507 0 0.98507 0.172155 6536.dat
1 0 40 -118.864 -214.027 0 -1 0 0.953582 0 -0.301134 0.301134 0 0.953582 32271.dat
1 0 50 -124.887 -194.955 1 0 0 0 0.953582 -0.301134 0 0.301134 0.953582 3673.dat
1 71 -5 -58.5761 -78.6188 0 -1 0 0.93298 0 0.359928 -0.359928 0 0.93298 2905.dat
1 72 0 -39.9166 -85.8174 -1 0 0 0 -0.359928 -0.93298 0 -0.93298 0.359928 32002.dat
1 72 0 -77.2358 -71.4203 -1 0 0 0 -0.359928 -0.93298 0 -0.93298 0.359928 32002.dat
1 71 20 -21.257 -93.016 -1 0 0 0 -0.359928 -0.93298 0 -0.93298 0.359928 4519.dat
1 71 20 -11.9404 -96.6029 0 1 0 -0.36291 0 -0.931824 -0.931824 0 0.36291 43857.dat
1 71 5 -21.257 -93.016 0 0 1 -0.93298 -0.359928 0 0.359928 -0.93298 0 32123.dat
1 71 35 -21.257 -93.016 0 0 1 -0.93298 -0.359928 0 0.359928 -0.93298 0 32123.dat
1 71 20 -67.9343 -102.876 0 0 -1 -0.93298 0.359928 0 0.359928 0.93298 0 2850.dat
1 72 40 -77.2358 -71.4203 1 0 0 0 -0.359928 0.93298 0 -0.93298 -0.359928 32002.dat
1 72 40 -39.9166 -85.8174 1 0 0 0 -0.359928 0.93298 0 -0.93298 -0.359928 32002.dat
1 14 20 -44.179 -41.2996 0 0 1 0.359928 -0.93298 0 0.93298 0.359928 0 2853.dat
1 14 50.2 -47.7783 -50.6294 0 0 1 -0.359928 0.93298 0 -0.93298 -0.359928 0 2853.dat
1 71 20.2 -47.7783 -50.6294 0 0 -1 -0.93298 0.359928 0 0.359928 0.93298 0 2852.dat
1 14 20 -62.1754 -87.9486 0 0 1 0.93298 0.359928 0 -0.359928 0.93298 0 2851.dat
1 71 -20 -44.179 -41.2996 1 0 0 0 0.93298 0.359928 0 -0.359928 0.93298 4519.dat
1 71 45.4 -58.5761 -78.6188 0 -1 0 0.93298 0 0.359928 -0.359928 0 0.93298 2905.dat
1 71 -20 -44.179 -41.2996 0 0 1 -0.93298 -0.359928 0 0.359928 -0.93298 0 94925.dat
1 0 40 -5.2398 -0.2663 0 1 0 0.999657 0 0.026177 0.026177 0 -0.999657 32271.dat
1 71 55 -4.1927 -40.2525 0 0 -1 -0.026177 0.999657 0 0.999657 0.026177 0 32123.dat
1 71 70 -4.1927 -40.2525 0 0 -1 -0.026177 0.999657 0 0.999657 0.026177 0 94925.dat
1 0 70 15.927 -41.9976 -1 0 0 0 -0.993698 0.111948 0 0.111948 0.993698 3711.dat
1 0 70 7.5844 -55.6501 -1 0 0 0 -0.853285 0.521414 0 0.521414 0.853285 3711.dat
1 0 70 -8.1437 -58.5857 -1 0 0 0 -0.183473 0.983009 0 0.983009 0.183473 3711.dat
1 0 70 -23.0376 -52.7406 -1 0 0 0 0.365321 0.930865 0 0.930865 -0.365321 3711.dat
1 0 70 -26.2472 -37.0661 -1 0 0 0 0.979657 0.200601 0 0.200601 -0.979657 3711.dat
1 0 70 -29.4568 -21.3915 -1 0 0 0 0.979657 0.200601 0 0.200601 -0.979657 3711.dat
1 0 70 -32.6664 -5.717 -1 0 0 0 0.979657 0.200601 0 0.200601 -0.979657 3711.dat
1 0 70 -35.876 9.9575 -1 0 0 0 0.979657 0.200601 0 0.200601 -0.979657 3711.dat
1 0 70 -39.0857 25.632 -1 0 0 0 0.979657 0.200601 0 0.200601 -0.979657 3711.dat
1 0 70 -40.917 41.5266 -1 0 0 0 0.993413 0.114455 0 0.114455 -0.993413 3711.dat
1 0 70 -34.5556 56.2074 -1 0 0 0 0.917548 -0.397585 0 -0.397585 -0.917548 3711.dat
1 0 70 -28.1942 70.8881 -1 0 0 0 0.917548 -0.397585 0 -0.397585 -0.917548 3711.dat
1 0 70 -21.8329 85.5689 -1 0 0 0 0.917548 -0.397585 0 -0.397585 -0.917548 3711.dat
1 0 70 -15.4715 100.25 -1 0 0 0 0.917548 -0.397585 0 -0.397585 -0.917548 3711.dat
1 0 70 -9.1101 114.93 -1 0 0 0 0.917548 -0.397585 0 -0.397585 -0.917548 3711.dat
1 0 70 5.5544 121.329 -1 0 0 0 0.3999 -0.916542 0 -0.916542 -0.3999 3711.dat
1 0 70 20.344 115.225 -1 0 0 0 -0.381511 -0.924347 0 -0.924347 0.381511 3711.dat
1 0 70 28.4819 101.449 -1 0 0 0 -0.860974 -0.508618 0 -0.508618 0.860974 3711.dat
1 0 70 27.1075 85.5086 -1 0 0 0 -0.996288 0.085897 0 0.085897 0.996288 3711.dat
1 0 70 25.7331 69.568 -1 0 0 0 -0.996288 0.085897 0 0.085897 0.996288 3711.dat
1 0 70 24.3588 53.6274 -1 0 0 0 -0.996288 0.085897 0 0.085897 0.996288 3711.dat
1 0 70 22.9844 37.6867 -1 0 0 0 -0.996288 0.085897 0 0.085897 0.996288 3711.dat
1 0 70 21.6101 21.7461 -1 0 0 0 -0.996288 0.085897 0 0.085897 0.996288 3711.dat
1 0 70 20.2357 5.8055 -1 0 0 0 -0.996288 0.085897 0 0.085897 0.996288 3711.dat
1 0 70 18.8614 -10.1351 -1 0 0 0 -0.996288 0.085897 0 0.085897 0.996288 3711.dat
1 0 70 17.487 -26.0757 -1 0 0 0 -0.996288 0.085897 0 0.085897 0.996288 3711.dat
1 25 60 -149.017 -118.675 0 -1 0 0.337336 0 0.94167 -0.941671 0 0.337336 32271.dat
1 0 80 -2.6221 -100.232 0 1 0 -0.834646 0 0.550935 0.550787 0 0.834871 33299.dat
1 25 110 19.4153 -66.8372 1 0 0 0 0.834646 0.550935 0 -0.550787 0.834871 62462.dat
1 25 60 -142.955 -137.74 0 -1 0 -0.953582 0 0.301134 -0.301134 0 -0.953582 87080.dat
1 25 -20 -142.956 -137.74 0 1 0 0.953582 0 0.301134 0.301134 0 -0.953582 87086.dat
1 25 0 -126.494 22.662 0 1 0 -0.953582 0 -0.301134 -0.301134 0 0.953582 64683.dat
1 25 40 -126.494 22.662 0 -1 0 0.953582 0 -0.301134 0.301134 0 0.953582 64391.dat
1 0 165.25 7.549 -200.268 0 0 1 -0.172155 0.98507 0 -0.98507 -0.172155 0 56145.dat
1 0 -125.25 7.549 -200.268 0 0 -1 0.172155 0.98507 0 0.98507 -0.172155 0 56145.dat
1 0 160 6.7699 101.26 0 0 1 0.274114 0.961697 0 -0.961697 0.274114 0 56145.dat
1 0 -120 6.7699 101.26 0 0 -1 -0.274114 0.961697 0 0.961697 0.274114 0 56145.dat
1 256 165.25 7.549 -200.268 0 0 1 -0.172155 0.98507 0 -0.98507 -0.172155 0 55976.dat
1 256 -125.25 7.549 -200.268 0 0 -1 0.172155 0.98507 0 0.98507 -0.172155 0 55976.dat
1 256 160 6.7699 101.26 0 0 1 0.274114 0.961697 0 -0.961697 0.274114 0 55976.dat
1 256 -120 6.7699 101.26 0 0 -1 -0.274114 0.961697 0 0.961697 0.274114 0 55976.dat
1 71 170.25 7.549 -200.268 0 0 -1 0.172155 0.98507 0 0.98507 -0.172155 0 32123.dat
1 71 -130.25 7.549 -200.268 0 0 -1 0.172155 0.98507 0 0.98507 -0.172155 0 32123.dat
1 71 165 6.7699 101.26 0 0 -1 -0.274115 0.961697 0 0.961697 0.274115 0 32123.dat
1 71 -125 6.7699 101.26 0 0 -1 -0.274115 0.961697 0 0.961697 0.274115 0 32123.dat
1 0 20 -163.519 -150.069 -1 0 0 0 0.172155 0.98507 0 0.98507 -0.172155 32039.dat
1 71 20 -183.22 -146.625 -1 0 0 0 0.98507 -0.172155 0 -0.172155 -0.98507 4519.dat
1 0 60 -183.22 -146.625 0 0 1 -0.98507 -0.172155 0 0.172155 -0.98507 0 32016.dat
1 0 -20 -183.22 -146.625 0 0 -1 0.98507 -0.172155 0 -0.172155 -0.985069 0 32016.dat
1 71 -56.9552 -180.585 -131.547 -0.923881 0.38268 0 0.06588 0.159051 0.98507 0.376967 0.910087 -0.172155 4519.dat
1 71 96.9552 -180.585 -131.547 -0.923881 0.38268 0 -0.06588 -0.159051 -0.985069 -0.376967 -0.910087 0.172155 4519.dat
