0 Main
0 Name: 8274-1 - Combine Harvester - Dragstar.mpd
0 Author: LTRON
1 71 -25 32.107 0.56 0 1 0 -0.999 0 -0.035 -0.035 0 0.999 32056.dat
1 1 -30 32.107 0.56 1 0 0 0 0.035 0.999 0 -0.999 0.035 43093.dat
1 71 25 30.707 40.52 1 0 0 0 0.035 0.999 0 -0.999 0.035 32073.dat
1 71 -15 32.107 0.56 0 1 0 -0.999 0 -0.035 -0.035 0 0.999 32056.dat
1 71 0 30.707 40.52 1 0 0 0 0.035 0.999 0 -0.999 0.035 6536.dat
1 71 0 -7.853 -0.84 1 0 0 0 0.035 0.999 0 -0.999 0.035 44294.dat
1 71 0 -7.853 -0.84 1 0 0 0 -0.999 0.035 0 -0.035 -0.999 6536.dat
1 71 15 32.107 0.56 0 1 0 -0.999 0 -0.035 -0.035 0 0.999 32056.dat
1 71 25 32.107 0.56 0 1 0 -0.999 0 -0.035 -0.035 0 0.999 32056.dat
1 1 55 32.107 0.56 -1 0 0 0 -0.035 0.999 0 0.999 0.035 43093.dat
1 71 -40 -7.853 -0.84 1 0 0 0 -0.035 -0.999 0 0.999 -0.035 6536.dat
1 71 40 -7.853 -0.84 1 0 0 0 -0.035 -0.999 0 0.999 -0.035 6536.dat
1 27 -40 27.207 140.42 0 -1 0 0.999 0 -0.035 0.035 0 0.999 32278.dat
1 4 -40 28.607 100.46 1 0 0 0 -0.035 -0.999 0 0.999 -0.035 32054.dat
1 71 15 23.707 240.32 0 1 0 -0.999 0 -0.035 -0.035 0 0.999 32056.dat
1 71 0 23.707 240.32 1 0 0 0 0.999 -0.035 0 0.035 0.999 44294.dat
1 71 0 22.307 280.28 1 0 0 0 0.999 -0.035 0 0.035 0.999 44294.dat
1 71 0 23.707 240.32 0 0 -1 0.999 0.035 0 0.035 -0.999 0 3713.dat
1 71 0 22.307 280.28 0 0 -1 0.999 0.035 0 0.035 -0.999 0 3713.dat
1 71 25 23.707 240.32 0 1 0 -0.999 0 -0.035 -0.035 0 0.999 32056.dat
1 71 0 -16.253 238.92 1 0 0 0 0.999 -0.035 0 0.035 0.999 32073.dat
1 0 40 23.007 260.3 1 0 0 0 0.999 -0.035 0 0.035 0.999 6558.dat
1 71 40 -16.253 238.92 1 0 0 0 0.999 -0.035 0 0.035 0.999 6536.dat
1 0 40 4.077 229.63 0 -1 0 0.035 0 0.999 -0.999 0 0.035 2780.dat
1 72 0 -21.153 378.78 0 -1 0 0.999 0 -0.035 0.035 0 0.999 32278.dat
1 0 0 -24.653 478.68 1 0 0 0 0.999 -0.035 0 0.035 0.999 6558.dat
1 0 0 -23.253 438.72 1 0 0 0 0.999 -0.035 0 0.035 0.999 6558.dat
1 71 -25 23.707 240.32 0 1 0 -0.999 0 -0.035 -0.035 0 0.999 32056.dat
1 0 -40 23.007 260.3 -1 0 0 0 -0.999 -0.035 0 -0.035 0.999 6558.dat
1 71 -15 23.707 240.32 0 1 0 -0.999 0 -0.035 -0.035 0 0.999 32056.dat
1 71 -40 -16.253 238.92 1 0 0 0 0.999 -0.035 0 0.035 0.999 6536.dat
1 0 -40 4.077 229.63 0 -1 0 0.035 0 0.999 -0.999 0 0.035 2780.dat
1 27 40 27.207 140.42 0 -1 0 0.999 0 -0.035 0.035 0 0.999 32278.dat
1 4 42 28.607 100.46 -1 0 0 0 -0.035 0.999 0 0.999 0.035 32054.dat
1 4 40 -8.553 19.14 0 -1 0 0.999 0 -0.035 0.035 0 0.999 32054.dat
1 4 -40 -8.553 19.14 0 -1 0 0.999 0 -0.035 0.035 0 0.999 32054.dat
1 71 80 30.707 40.521 1 0 0 0 -0.035 -0.999 0 0.999 -0.035 48989.dat
1 72 107 31.407 20.541 1 0 0 0 -0.035 -0.999 0 0.999 -0.035 32209.dat
1 71 95 31.407 20.541 0 0 1 0.035 0.999 0 -0.999 0.035 0 32123.dat
1 71 105 31.407 20.541 0 0 1 0.035 0.999 0 -0.999 0.035 0 32123.dat
1 71 115 31.407 20.541 0 0 1 0.035 0.999 0 -0.999 0.035 0 32123.dat
1 71 -80 30.707 40.521 -1 0 0 0 -0.035 0.999 0 0.999 0.035 48989.dat
1 72 -107 31.407 20.541 -1 0 0 0 -0.035 0.999 0 0.999 0.035 32209.dat
1 71 -95 31.407 20.541 0 0 -1 0.035 -0.999 0 -0.999 -0.035 0 32123.dat
1 71 -105 31.407 20.541 0 0 -1 0.035 -0.999 0 -0.999 -0.035 0 32123.dat
1 71 -115 31.407 20.541 0 0 -1 0.035 -0.999 0 -0.999 -0.035 0 32123.dat
1 71 0 11.427 19.841 0 0 -1 -0.035 0.999 0 0.999 0.035 0 40490.dat
1 71 0 10.027 59.801 0 0 1 0.035 0.999 0 -0.999 0.035 0 40490.dat
1 71 -20 0.037 59.451 0 0 1 -0.999 0.035 0 -0.035 -0.999 0 4274.dat
1 71 -40 0.037 59.451 0 0 1 -0.999 0.035 0 -0.035 -0.999 0 4274.dat
1 71 20 0.037 59.451 0 0 1 -0.999 0.035 0 -0.035 -0.999 0 4274.dat
1 71 40 0.037 59.451 0 0 1 -0.999 0.035 0 -0.035 -0.999 0 4274.dat
1 0 -30 -7.955 59.171 1 0 0 0 0.999 -0.035 0 0.035 0.999 3794.dat
1 0 30 -7.955 59.171 1 0 0 0 0.999 -0.035 0 0.035 0.999 3794.dat
1 71 0 -15.947 58.891 1 0 0 0 0.999 -0.035 0 0.035 0.999 3743.dat
1 0 0 31.407 20.54 0 0 -1 -0.999 -0.035 0 -0.035 0.999 0 6558.dat
1 71 0 51.387 21.24 0 0 1 0.035 0.999 0 -0.999 0.035 0 40490.dat
1 0 0 -29.583 48.41 0 0 -1 -0.035 0.999 0 0.999 0.035 0 3706.dat
1 71 0 -28.533 18.44 0 -1 0 -0.999 0 0.035 -0.035 0 -0.999 3713.dat
1 71 0 -29.233 38.42 0 -1 0 -0.999 0 0.035 -0.035 0 -0.999 3647.dat
1 71 0 -29.933 58.4 0 -1 0 -0.999 0 0.035 -0.035 0 -0.999 3647.dat
1 71 -25 29.307 80.48 0 -1 0 -0.035 0 -0.999 0.999 0 -0.035 32056.dat
1 71 0 -10.653 79.08 -1 0 0 0 0.035 -0.999 0 -0.999 -0.035 4519.dat
1 71 0 27.907 120.44 -1 0 0 0 0.035 -0.999 0 -0.999 -0.035 4519.dat
1 71 -15 29.307 80.48 0 -1 0 -0.035 0 -0.999 0.999 0 -0.035 32056.dat
1 71 0 -10.653 79.08 -1 0 0 0 -0.999 -0.035 0 -0.035 0.999 6536.dat
1 71 0 27.907 120.44 0 0 -1 0.035 -0.999 0 -0.999 -0.035 0 3713.dat
1 71 15 29.307 80.48 0 -1 0 -0.035 0 -0.999 0.999 0 -0.035 32056.dat
1 71 25 29.307 80.48 0 -1 0 -0.035 0 -0.999 0.999 0 -0.035 32056.dat
1 71 0 -31.683 108.35 0 -1 0 0.999 0 -0.035 0.035 0 0.999 6538.dat
1 71 0 45.559 -155.004 -1 0 0 0 0.571401 0.820199 0 0.820199 -0.571401 32073.dat
1 71 0 45.559 -155.004 0 0 1 -0.571401 0.820199 0 -0.820199 -0.571401 0 3713.dat
1 71 -20 45.559 -155.004 0 -1 0 0.571401 0 -0.820199 0.820199 0 0.571401 32348.dat
1 0 -40 -5.053 -80.76 -1 0 0 0 0.999 0.035 0 0.035 -0.999 6558.dat
1 72 -40 -7.153 -20.82 0 1 0 0.999 0 0.035 0.035 0 -0.999 32140.dat
1 1 -50 -7.153 -20.82 1 0 0 0 0.035 0.999 0 -0.999 0.035 43093.dat
1 72 -65 -6.453 -40.8 0 -1 0 0.999 0 -0.035 0.035 0 0.999 6632.dat
1 72 -55 -6.453 -40.8 0 -1 0 0.999 0 -0.035 0.035 0 0.999 6632.dat
1 71 -40 -6.453 -40.8 1 0 0 0 0.999 -0.035 0 0.035 0.999 4519.dat
1 71 0 -6.418 -41.799 0 0 1 -0.035 -0.999 0 0.999 -0.035 0 32034.dat
1 71 40 -6.418 -41.799 1 0 0 0 -0.999 0.035 0 -0.035 -0.999 4519.dat
1 71 0 -5.718 -61.779 1 0 0 0 0.999 -0.035 0 0.035 0.999 32073.dat
1 71 0 -5.718 -61.779 0 0 1 -0.999 0.035 0 -0.035 -0.999 0 3713.dat
1 71 20 45.559 -155.004 0 -1 0 0.571401 0 -0.820199 0.820199 0 0.571401 32348.dat
1 0 40 -5.053 -80.76 1 0 0 0 0.999 -0.035 0 0.035 0.999 6558.dat
1 72 40 -7.153 -20.82 0 1 0 0.999 0 0.035 0.035 0 -0.999 32140.dat
1 1 50 -7.153 -20.82 -1 0 0 0 -0.035 0.999 0 0.999 0.035 43093.dat
1 0 50 14.927 -80.06 -1 0 0 0 0.999 0.035 0 0.035 -0.999 2780.dat
1 0 -50 14.927 -80.06 -1 0 0 0 0.999 0.035 0 0.035 -0.999 2780.dat
1 135 -40 45.559 -155.004 0 1 0 0.571401 0 0.820199 0.820199 0 -0.571401 41669.dat
1 135 40 45.559 -155.004 0 -1 0 -0.571401 0 0.820199 -0.820199 0 -0.571401 41669.dat
1 0 60 5.637 -100.39 0 0 1 0.999 -0.035 0 0.035 0.999 0 32291.dat
1 0 -60 5.637 -100.39 0 0 1 0.999 -0.035 0 0.035 0.999 0 32291.dat
1 27 0 25.617 -99.69 0 0 1 -0.035 -0.999 0 0.999 -0.035 0 32525.dat
1 71 -100 35.607 -99.34 0 -1 0 0.999 0 -0.035 0.035 0 0.999 4274.dat
1 71 -80 35.607 -99.34 0 -1 0 0.999 0 -0.035 0.035 0 0.999 4274.dat
1 71 80 35.607 -99.34 0 -1 0 0.999 0 -0.035 0.035 0 0.999 4274.dat
1 71 100 35.607 -99.34 0 -1 0 0.999 0 -0.035 0.035 0 0.999 4274.dat
1 71 60 50.592 -98.815 1 0 0 0 0.035 0.999 0 -0.999 0.035 32123.dat
1 71 60 25.617 -99.69 0 0 1 -0.999 0.035 0 -0.035 -0.999 0 4519.dat
1 72 60 40.602 -99.165 0 0 1 0.035 0.999 0 -0.999 0.035 0 32251.dat
1 71 -60 50.592 -98.815 1 0 0 0 0.035 0.999 0 -0.999 0.035 32123.dat
1 71 -60 25.617 -99.69 0 0 1 -0.999 0.035 0 -0.035 -0.999 0 4519.dat
1 72 -60 40.602 -99.165 0 0 -1 0.035 -0.999 0 -0.999 -0.035 0 32251.dat
1 72 55 -6.453 -40.8 0 -1 0 0.999 0 -0.035 0.035 0 0.999 6632.dat
1 72 65 -6.453 -40.8 0 -1 0 0.999 0 -0.035 0.035 0 0.999 6632.dat
1 27 -20 55.267 481.48 0 1 0 0.035 0 -0.999 -0.999 0 -0.035 32526.dat
1 0 -30 55.267 481.48 -1 0 0 0 -0.999 -0.035 0 -0.035 0.999 2780.dat
1 0 -40 15.307 480.08 -1 0 0 0 -0.999 -0.035 0 -0.035 0.999 6558.dat
1 71 0 15.307 480.08 0 0 1 -0.035 -0.999 0 0.999 -0.035 0 48989.dat
1 27 20 55.267 481.48 0 1 0 0.035 0 -0.999 -0.999 0 -0.035 32526.dat
1 0 30 55.267 481.48 1 0 0 0 -0.999 0.035 0 -0.035 -0.999 2780.dat
1 0 40 15.307 480.08 1 0 0 0 -0.999 0.035 0 -0.035 -0.999 6558.dat
1 72 -20 -26.053 518.64 0 1 0 -0.627401 0 0.778199 0.778199 0 0.627401 6629.dat
1 71 0 -26.053 518.64 -1 0 0 0 0.627401 -0.778199 0 -0.778199 -0.627401 4519.dat
1 0 0 50.717 611.35 -1 0 0 0 -0.035 0.999 0 0.999 0.035 32138.dat
1 4 0 41.726 611.035 0 0 -1 -0.999 -0.035 0 -0.035 0.999 0 32062.dat
1 0 -30 49.667 641.32 1 0 0 0 0.035 0.999 0 -0.999 0.035 43093.dat
1 0 -30 51.767 581.38 1 0 0 0 0.999 -0.035 0 0.035 0.999 2780.dat
1 71 -40 50.367 621.34 0 1 0 -0.999 0 -0.035 -0.035 0 0.999 32278.dat
1 27 -40 10.407 619.94 0 1 0 0.999 0 0.035 0.035 0 -0.999 32278.dat
1 1 -50 10.407 619.94 -1 0 0 0 0.93635 -0.349965 0 -0.349965 -0.93635 43093.dat
1 0 -50 13.907 520.04 -1 0 0 0 0.999 0.035 0 0.035 -0.999 2780.dat
1 72 20 -26.053 518.64 0 1 0 -0.627401 0 0.778199 0.778199 0 0.627401 6629.dat
1 0 30 51.767 581.38 1 0 0 0 0.999 -0.035 0 0.035 0.999 2780.dat
1 1 30 49.667 641.32 -1 0 0 0 0.035 -0.999 0 -0.999 -0.035 43093.dat
1 71 0 46.167 741.22 1 0 0 0 0.999 -0.035 0 0.035 0.999 32073.dat
1 71 -20 46.167 741.22 0 0 -1 0.999 0.035 0 0.035 -0.999 0 3713.dat
1 71 0 26.187 740.52 -1 0 0 0 -0.999 -0.035 0 -0.035 0.999 32184.dat
1 71 0 6.207 739.82 1 0 0 0 0.999 -0.035 0 0.035 0.999 32073.dat
1 71 20 46.167 741.22 0 0 1 0.999 -0.035 0 0.035 0.999 0 3713.dat
1 71 -20 6.907 719.84 -1 0 0 0 -0.035 0.999 0 0.999 0.035 32184.dat
1 71 20 6.907 719.84 -1 0 0 0 -0.035 0.999 0 0.999 0.035 32184.dat
1 1 30 7.607 699.86 -1 0 0 0 -0.035 0.999 0 0.999 0.035 43093.dat
1 1 -30 7.607 699.86 1 0 0 0 0.035 0.999 0 -0.999 0.035 43093.dat
1 27 40 10.407 619.94 0 -1 0 -0.999 0 0.035 -0.035 0 -0.999 32278.dat
1 1 50 10.407 619.94 1 0 0 0 -0.93635 -0.349965 0 0.349965 -0.93635 43093.dat
1 0 50 13.907 520.04 1 0 0 0 -0.999 0.035 0 -0.035 -0.999 2780.dat
1 71 40 50.367 621.34 0 -1 0 0.999 0 -0.035 0.035 0 0.999 32278.dat
1 0 0 -3.273 439.42 -1 0 0 0 -0.999 -0.035 0 -0.035 0.999 3706.dat
1 71 -35 -3.273 439.42 0 0 -1 0.035 -0.999 0 -0.999 -0.035 0 32123.dat
1 72 -25 -2.223 409.45 0 1 0 0.999 0 0.035 0.035 0 -0.999 32449.dat
1 71 -15 -3.273 439.42 0 0 -1 0.035 -0.999 0 -0.999 -0.035 0 32123.dat
1 4 -5 -3.273 439.42 0 -1 0 0.035 0 0.999 -0.999 0 0.035 41677.dat
1 4 5 -3.273 439.42 0 -1 0 0.035 0 0.999 -0.999 0 0.035 41677.dat
1 71 15 -3.273 439.42 0 0 -1 0.035 -0.999 0 -0.999 -0.035 0 32123.dat
1 71 0 -1.173 379.48 1 0 0 0 -0.999 0.035 0 -0.035 -0.999 32073.dat
1 72 -15 -0.123 349.51 0 1 0 0.999 0 0.035 0.035 0 -0.999 32449.dat
1 4 -5 -1.173 379.48 0 -1 0 0.035 0 0.999 -0.999 0 0.035 41677.dat
1 4 5 -1.173 379.48 0 -1 0 0.035 0 0.999 -0.999 0 0.035 41677.dat
1 72 5 1.977 289.57 0 1 0 0.999 0 0.035 0.035 0 -0.999 32449.dat
1 72 -5 1.977 289.57 0 1 0 0.999 0 0.035 0.035 0 -0.999 32449.dat
1 0 0 0.927 319.54 -1 0 0 0 0.999 0.035 0 0.035 -0.999 3705.dat
1 71 0 3.027 259.6 -1 0 0 0 0.999 0.035 0 0.035 -0.999 4519.dat
1 72 15 -0.123 349.51 0 1 0 0.999 0 0.035 0.035 0 -0.999 32449.dat
1 72 25 -2.223 409.45 0 1 0 0.999 0 0.035 0.035 0 -0.999 32449.dat
1 71 35 -3.273 439.42 0 0 -1 0.035 -0.999 0 -0.999 -0.035 0 32123.dat
1 71 0 16.707 440.12 1 0 0 0 -0.999 0.035 0 -0.035 -0.999 4519.dat
1 71 0 18.807 380.18 1 0 0 0 -0.999 0.035 0 -0.035 -0.999 4519.dat
1 71 -30 18.807 380.18 0 0 1 -0.035 -0.999 0 0.999 -0.035 0 6538.dat
1 71 30 18.807 380.18 0 0 1 -0.035 -0.999 0 0.999 -0.035 0 6538.dat
1 71 -30 16.707 440.12 0 0 1 -0.035 -0.999 0 0.999 -0.035 0 6538.dat
1 71 30 16.707 440.12 0 0 1 -0.035 -0.999 0 0.999 -0.035 0 6538.dat
1 1 -50 16.707 440.12 1 0 0 0 0.035 0.999 0 -0.999 0.035 43093.dat
1 1 -50 18.807 380.18 1 0 0 0 0.035 0.999 0 -0.999 0.035 43093.dat
1 1 50 18.807 380.18 -1 0 0 0 -0.035 0.999 0 0.999 0.035 43093.dat
1 1 50 16.707 440.12 -1 0 0 0 -0.035 0.999 0 0.999 0.035 43093.dat
1 135 20 3.027 259.6 0 -1 0 -0.999 0 0.035 -0.035 0 -0.999 41669.dat
1 135 30 0.927 319.54 0 -1 0 -0.999 0 0.035 -0.035 0 -0.999 41669.dat
1 135 40 -1.173 379.48 0 -1 0 -0.999 0 0.035 -0.035 0 -0.999 41669.dat
1 135 -40 -1.173 379.48 0 1 0 0.999 0 0.035 0.035 0 -0.999 41669.dat
1 135 -30 0.927 319.54 0 1 0 0.999 0 0.035 0.035 0 -0.999 41669.dat
1 135 -20 3.027 259.6 0 1 0 0.999 0 0.035 0.035 0 -0.999 41669.dat
1 27 -60 18.807 380.18 0 1 0 0.999 0 0.035 0.035 0 -0.999 32278.dat
1 27 60 18.807 380.18 0 1 0 -0.999 0 -0.035 -0.035 0 0.999 32278.dat
1 135 50 -3.273 439.42 0 -1 0 -0.999 0 0.035 -0.035 0 -0.999 41669.dat
1 71 -60 11.807 579.98 1 0 0 0 0.035 0.999 0 -0.999 0.035 32184.dat
1 1 -50 12.507 560 -1 0 0 0 -0.035 0.999 0 0.999 0.035 43093.dat
1 1 -50 11.107 599.96 -1 0 0 0 -0.035 0.999 0 0.999 0.035 43093.dat
1 0 -60 1.817 579.63 0 1 0 -0.999 0 -0.035 -0.035 0 0.999 2780.dat
1 71 -60 41.967 861.1 0 -1 0 0.999 0 -0.035 0.035 0 0.999 32278.dat
1 4 -60 46.867 721.24 1 0 0 0 0.035 0.999 0 -0.999 0.035 32054.dat
1 4 -60 45.467 761.2 1 0 0 0 0.035 0.999 0 -0.999 0.035 32054.dat
1 0 -50 38.467 961 1 0 0 0 0.035 0.999 0 -0.999 0.035 2780.dat
1 71 -40 -42.853 998.16 0 -1 0 0.035 0 0.999 -0.999 0 0.035 32526.dat
1 0 -50 -42.853 998.16 -1 0 0 0 -0.035 0.999 0 0.999 0.035 2780.dat
1 4 -40 37.067 1000.96 -1 0 0 0 -0.035 0.999 0 0.999 0.035 32054.dat
1 4 -40 -22.873 998.86 1 0 0 0 0.035 0.999 0 -0.999 0.035 32054.dat
1 4 -40 -2.893 999.56 -1 0 0 0 0.035 -0.999 0 -0.999 -0.035 32054.dat
1 71 0 37.067 1000.96 1 0 0 0 -0.035 -0.999 0 0.999 -0.035 4519.dat
1 71 0 -2.893 999.56 1 0 0 0 -0.035 -0.999 0 0.999 -0.035 4519.dat
1 4 40 -2.893 999.56 1 0 0 0 -0.035 -0.999 0 0.999 -0.035 32054.dat
1 4 40 37.067 1000.96 1 0 0 0 -0.035 -0.999 0 0.999 -0.035 32054.dat
1 27 -60 2.007 859.7 0 -1 0 0.999 0 -0.035 0.035 0 0.999 32278.dat
1 4 -60 6.907 719.84 1 0 0 0 0.035 0.999 0 -0.999 0.035 32054.dat
1 4 -60 5.507 759.8 1 0 0 0 0.035 0.999 0 -0.999 0.035 32054.dat
1 0 -70 2.042 858.701 1 0 0 0 0.035 0.999 0 -0.999 0.035 2780.dat
1 71 0 2.707 839.72 1 0 0 0 0.999 -0.035 0 0.035 0.999 44294.dat
1 0 -40 2.707 839.72 0 -1 0 0.999 0 -0.035 0.035 0 0.999 33299.dat
1 0 -20 2.007 859.7 -1 0 0 0 -0.035 0.999 0 0.999 0.035 42003.dat
1 71 0 2.707 839.72 0 0 1 -0.999 0.035 0 -0.035 -0.999 0 3713.dat
1 0 20 2.007 859.7 -1 0 0 0 -0.035 0.999 0 0.999 0.035 42003.dat
1 0 40 2.707 839.72 0 1 0 -0.999 0 -0.035 -0.035 0 0.999 33299.dat
1 72 -10 -0.093 919.64 0 0 -1 -0.035 0.999 0 0.999 0.035 0 6573.dat
1 71 -10 16.89 920.235 0 -1 0 -0.035 0 -0.999 0.999 0 -0.035 6589.dat
1 71 -27 -0.093 919.64 0 0 1 -0.035 -0.999 0 0.999 -0.035 0 6589.dat
1 0 -50 -0.093 919.64 -1 0 0 0 -0.035 0.999 0 0.999 0.035 3705.dat
1 71 40 -0.093 919.64 -1 0 0 0 -0.035 0.999 0 0.999 0.035 32073.dat
1 71 7 -0.093 919.64 0 0 -1 0.035 -0.999 0 -0.999 -0.035 0 6589.dat
1 71 40 -0.093 919.64 0 0 1 -0.035 -0.999 0 0.999 -0.035 0 3713.dat
1 71 -90 -0.093 919.64 0 0 1 0.035 0.999 0 -0.999 0.035 0 6538.dat
1 71 40 -42.853 998.16 0 -1 0 0.035 0 0.999 -0.999 0 0.035 32526.dat
1 0 50 -42.853 998.16 -1 0 0 0 -0.035 0.999 0 0.999 0.035 2780.dat
1 0 50 38.467 961 -1 0 0 0 -0.035 0.999 0 0.999 0.035 2780.dat
1 4 40 -22.873 998.86 -1 0 0 0 -0.035 0.999 0 0.999 0.035 32054.dat
1 71 60 41.967 861.1 0 -1 0 0.999 0 -0.035 0.035 0 0.999 32278.dat
1 4 60 46.867 721.24 -1 0 0 0 -0.035 0.999 0 0.999 0.035 32054.dat
1 4 60 45.467 761.2 -1 0 0 0 -0.035 0.999 0 0.999 0.035 32054.dat
1 27 60 2.007 859.7 0 -1 0 0.999 0 -0.035 0.035 0 0.999 32278.dat
1 4 60 6.907 719.84 -1 0 0 0 0.035 -0.999 0 -0.999 -0.035 32054.dat
1 4 60 5.507 759.8 -1 0 0 0 0.035 -0.999 0 -0.999 -0.035 32054.dat
1 0 70 2.042 858.701 1 0 0 0 0.035 0.999 0 -0.999 0.035 2780.dat
1 71 90 -0.093 919.64 0 0 1 0.035 0.999 0 -0.999 0.035 0 6538.dat
1 72 147 -0.093 919.64 1 0 0 0 0.999 -0.035 0 0.035 0.999 32209.dat
1 72 -147 -0.093 919.64 -1 0 0 0 0.999 0.035 0 0.035 -0.999 32209.dat
1 71 -80 19.362 935.325 -1 0 0 0 -0.035 0.999 0 0.999 0.035 32056.dat
1 4 -120 19.887 920.34 0 1 0 -0.035 0 0.999 0.999 0 0.035 32062.dat
1 4 -80 19.887 920.34 0 1 0 -0.035 0 0.999 0.999 0 0.035 32062.dat
1 4 -80 59.847 921.74 0 1 0 -0.035 0 0.999 0.999 0 0.035 32062.dat
1 72 -50 59.672 926.735 0 0 -1 0.999 0.035 0 0.035 -0.999 0 32449.dat
1 72 -50 60.022 916.745 0 0 -1 0.999 0.035 0 0.035 -0.999 0 32449.dat
1 0 -60 59.847 921.74 0 0 1 0.035 0.999 0 -0.999 0.035 0 6558.dat
1 71 -20 59.847 921.74 0 0 1 0.035 0.999 0 -0.999 0.035 0 4519.dat
1 71 -80 19.887 920.34 0 0 1 0.035 0.999 0 -0.999 0.035 0 6536.dat
1 71 -120 19.887 920.34 0 0 -1 0.035 -0.999 0 -0.999 -0.035 0 6536.dat
1 71 -80 20.412 905.355 -1 0 0 0 -0.035 0.999 0 0.999 0.035 32056.dat
1 0 -70 39.867 921.04 -1 0 0 0 -0.035 0.999 0 0.999 0.035 2780.dat
1 71 80 20.412 905.355 1 0 0 0 0.035 0.999 0 -0.999 0.035 32056.dat
1 4 120 19.887 920.34 0 -1 0 0.035 0 0.999 -0.999 0 0.035 32062.dat
1 4 80 19.887 920.34 0 -1 0 0.035 0 0.999 -0.999 0 0.035 32062.dat
1 4 80 59.847 921.74 0 -1 0 0.035 0 0.999 -0.999 0 0.035 32062.dat
1 72 50 60.022 916.745 0 0 1 0.999 -0.035 0 0.035 0.999 0 32449.dat
1 72 50 59.672 926.735 0 0 1 0.999 -0.035 0 0.035 0.999 0 32449.dat
1 0 60 59.847 921.74 0 0 -1 -0.035 0.999 0 0.999 0.035 0 6558.dat
1 71 20 59.847 921.74 0 0 -1 -0.035 0.999 0 0.999 0.035 0 4519.dat
1 71 80 19.887 920.34 0 0 -1 -0.035 0.999 0 0.999 0.035 0 6536.dat
1 71 120 19.887 920.34 0 0 1 -0.035 -0.999 0 0.999 -0.035 0 6536.dat
1 71 80 19.362 935.325 1 0 0 0 0.035 0.999 0 -0.999 0.035 32056.dat
1 0 70 39.867 921.04 1 0 0 0 0.035 0.999 0 -0.999 0.035 2780.dat
1 72 0 59.147 941.72 0 0 -1 0.999 0.035 0 0.035 -0.999 0 32524.dat
1 72 0 60.547 901.76 0 0 -1 0.999 0.035 0 0.035 -0.999 0 32524.dat
1 71 135 -0.093 919.64 0 0 -1 0.999 0.035 0 0.035 -0.999 0 32123.dat
1 71 -135 -0.093 919.64 0 0 -1 0.999 0.035 0 0.035 -0.999 0 32123.dat
1 71 -20 -10.0113 1138.214 0 -1 0 0.995453 0 0.092153 -0.092153 0 0.995453 32278.dat
1 0 0 -20.1481 1028.7142 -1 0 0 0 0.092153 0.995453 0 0.995453 -0.092153 32138.dat
1 71 0 2.8902 1277.5774 1 0 0 0 -0.092153 0.995453 0 -0.995453 -0.092153 32073.dat
1 71 -45 2.8902 1277.5774 0 0 -1 0.995453 -0.092153 0 -0.092153 -0.995453 0 32123.dat
1 71 -35 2.8902 1277.5774 0 0 -1 0.995453 -0.092153 0 -0.092153 -0.995453 0 32123.dat
1 71 0 2.8902 1277.5774 0 0 -1 -0.995453 0.092153 0 0.092153 0.995453 0 3713.dat
1 71 20 -10.0113 1138.214 0 -1 0 0.995453 0 0.092153 -0.092153 0 0.995453 32278.dat
1 71 35 2.8902 1277.5774 0 0 1 0.995453 0.092153 0 -0.092153 0.995453 0 32123.dat
1 71 45 2.8902 1277.5774 0 0 1 0.995453 0.092153 0 -0.092153 0.995453 0 32123.dat
1 0 30 -4.4821 1197.9412 -1 0 0 0 0.995453 -0.092153 0 -0.092153 -0.995453 2780.dat
1 0 -30 -4.4821 1197.9412 -1 0 0 0 0.995453 -0.092153 0 -0.092153 -0.995453 2780.dat
1 0 45 2.8902 1277.5774 -1 0 0 0 0.092153 0.995453 0 0.995453 -0.092153 59895.dat
1 0 -45 2.8902 1277.5774 -1 0 0 0 0.092153 0.995453 0 0.995453 -0.092153 59895.dat
1 72 40 -59.9974 1114.8011 0 -1 0 0.831138 0 0.554838 -0.554838 0 0.831138 32525.dat
1 0 50 -115.4812 1031.6874 -1 0 0 0 -0.554838 -0.831138 0 -0.831138 0.554838 2780.dat
1 72 -40 -59.9974 1114.8011 0 1 0 -0.831138 0 0.554838 0.554838 0 0.831138 32525.dat
1 0 -50 -115.4812 1031.6874 1 0 0 0 -0.554838 0.831138 0 -0.831138 -0.554838 2780.dat
1 27 -60 -133.6306 1040.0138 0 -1 0 0.418539 0 -0.907773 0.907773 0 0.418539 32525.dat
1 4 -60 -188.0965 1065.1267 -1 0 0 0 -0.907773 0.418539 0 0.418539 0.907773 32054.dat
1 27 -80 -93.0452 962.4128 0 1 0 -0.733665 0 -0.678942 -0.678942 0 0.733665 32278.dat
1 15 0 -249.5878 1199.1492 0 1 0 0.976856 0 0.210264 0.210264 0 -0.976856 32271.dat
1 0 0 -228.5614 1101.4635 -1 0 0 0 -0.976856 -0.210264 0 -0.210264 0.976856 6558.dat
1 71 0 -188.0504 1065.2103 -1 0 0 0 -0.417904 -0.907642 0 -0.907642 0.417904 32073.dat
1 71 -20 -188.0504 1065.2103 0 0 -1 -0.417904 -0.907642 0 -0.907642 0.417904 0 3713.dat
1 71 20 -188.0504 1065.2103 0 0 1 0.417904 -0.907642 0 0.907642 0.417904 0 3713.dat
1 71 -30 -224.3561 1081.9264 0 0 1 -0.210264 -0.976856 0 0.976856 -0.210264 0 6538.dat
1 71 0 -224.3561 1081.9264 1 0 0 0 -0.976856 0.210264 0 -0.210264 -0.976856 4519.dat
1 71 30 -224.3561 1081.9264 0 0 1 -0.210264 -0.976856 0 0.976856 -0.210264 0 6538.dat
1 71 100 -224.3561 1081.9264 -1 0 0 0 -0.976856 -0.210264 0 -0.210264 0.976856 44294.dat
1 71 -100 -224.3561 1081.9264 -1 0 0 0 -0.976856 -0.210264 0 -0.210264 0.976856 44294.dat
1 71 0 -249.5878 1199.1492 -1 0 0 0 -0.976856 -0.210264 0 -0.210264 0.976856 44294.dat
1 71 -20 -249.5878 1199.1492 0 0 1 0.976856 -0.210264 0 0.210264 0.976856 0 3713.dat
1 71 20 -249.5878 1199.1492 0 0 -1 0.976856 0.210264 0 0.210264 -0.976856 0 3713.dat
1 27 30 -239.0746 1150.3063 0 0 1 0.976856 -0.210264 0 0.210264 0.976856 0 44350.dat
1 27 -30 -239.0746 1150.3063 0 0 -1 -0.976856 -0.210264 0 -0.210264 0.976856 0 44351.dat
1 71 -120 -249.5878 1199.1492 1 0 0 0 -0.210264 -0.976856 0 0.976856 -0.210264 32073.dat
1 71 -70 -249.5878 1199.1492 0 0 1 0.976856 -0.210264 0 0.210264 0.976856 0 6538.dat
1 71 120 -249.5878 1199.1492 -1 0 0 0 0.210264 -0.976856 0 -0.976856 -0.210264 32073.dat
1 71 70 -249.5878 1199.1492 0 0 -1 0.976856 0.210264 0 0.210264 -0.976856 0 6538.dat
1 4 60 -188.0504 1065.2103 1 0 0 0 0.907642 0.417904 0 -0.417904 0.907642 32054.dat
1 27 60 -133.6306 1040.0138 0 -1 0 0.418539 0 -0.907773 0.907773 0 0.418539 32525.dat
1 27 80 -93.0452 962.4128 0 1 0 -0.733665 0 -0.678942 -0.678942 0 0.733665 32278.dat
1 72 155 -249.547 1199.1555 0 1 0 0.977414 0 0.209493 0.209493 0 -0.977414 32251.dat
1 71 165 -249.547 1199.1555 0 0 -1 0.977414 0.209493 0 0.209493 -0.977414 0 32123.dat
1 71 165 -224.4072 1081.8696 0 0 -1 0.977414 0.209493 0 0.209493 -0.977414 0 32123.dat
1 72 -155 -249.547 1199.1555 0 1 0 0.977414 0 0.209493 0.209493 0 -0.977414 32251.dat
1 71 -165 -249.547 1199.1555 0 0 -1 0.977414 0.209493 0 0.209493 -0.977414 0 32123.dat
1 71 -165 -224.4072 1081.8696 0 0 -1 0.977414 0.209493 0 0.209493 -0.977414 0 32123.dat
1 71 60 -8.3204 626.9406 -1 0 0 0 -0.349965 -0.93635 0 -0.93635 0.349965 32039.dat
1 71 -60 -8.3204 626.9406 -1 0 0 0 -0.349965 -0.93635 0 -0.93635 0.349965 32039.dat
1 4 -90 5.507 759.8 1 0 0 0 0.999 -0.035 0 0.035 0.999 32062.dat
1 71 -100 5.507 759.8 1 0 0 0 0.035 0.999 0 -0.999 0.035 6536.dat
1 1 -100 -3.783 739.47 0 0 1 -0.999 0.035 0 -0.035 -0.999 0 43093.dat
1 27 -100 -8.173 579.28 1 0 0 0 -0.999 0.035 0 -0.035 -0.999 32009.dat
1 1 -20 -18.163 578.93 0 0 1 0.999 -0.035 0 0.035 0.999 0 43093.dat
1 4 90 5.507 759.8 1 0 0 0 0.999 -0.035 0 0.035 0.999 32062.dat
1 71 100 5.507 759.8 1 0 0 0 0.035 0.999 0 -0.999 0.035 6536.dat
1 1 100 -3.783 739.47 0 0 1 -0.999 0.035 0 -0.035 -0.999 0 43093.dat
1 27 100 -8.173 579.28 -1 0 0 0 0.999 0.035 0 0.035 -0.999 32009.dat
1 1 20 -18.163 578.93 0 0 1 0.999 -0.035 0 0.035 0.999 0 43093.dat
1 71 -40 -27.453 558.6 0 0 1 0.035 0.999 0 -0.999 0.035 0 32039.dat
1 1 -60 -27.803 568.59 0 1 0 0.035 0 -0.999 -0.999 0 -0.035 43093.dat
1 71 0 -27.453 558.6 -1 0 0 0 0.035 -0.999 0 -0.999 -0.035 32073.dat
1 71 -20 -27.453 558.6 -1 0 0 0 -0.035 0.999 0 0.999 0.035 6536.dat
1 71 0 -27.453 558.6 -1 0 0 0 -0.999 -0.035 0 -0.035 0.999 6536.dat
1 71 20 -27.453 558.6 -1 0 0 0 -0.035 0.999 0 0.999 0.035 6536.dat
1 71 40 -27.453 558.6 0 0 -1 0.035 -0.999 0 -0.999 -0.035 0 32039.dat
1 1 60 -27.803 568.59 0 -1 0 0.035 0 0.999 -0.999 0 0.035 43093.dat
1 15 -10 4.777 209.65 0 1 0 0.999 0 0.035 0.035 0 -0.999 32527.dat
1 71 -60 4.077 229.63 0 1 0 -0.035 0 0.999 0.999 0 0.035 4274.dat
1 15 10 4.777 209.65 0 -1 0 -0.999 0 0.035 -0.035 0 -0.999 32528.dat
1 71 60 4.077 229.63 0 -1 0 -0.035 0 -0.999 0.999 0 -0.035 4274.dat
1 0 0 -35.883 228.23 0 0 1 0.035 0.999 0 -0.999 0.035 0 3708.dat
1 71 0 -40.083 348.11 -1 0 0 0 0.999 0.035 0 0.035 -0.999 6538.dat
1 1 -20 29.337 650.61 0 -1 0 0.999 0 -0.035 0.035 0 0.999 32523.dat
1 0 0 30.037 630.63 1 0 0 0 0.999 -0.035 0 0.035 0.999 6558.dat
1 0 0 29.337 650.61 1 0 0 0 0.999 -0.035 0 0.035 0.999 6558.dat
1 0 0 28.637 670.59 1 0 0 0 0.999 -0.035 0 0.035 0.999 6558.dat
1 71 0 30.737 610.65 0 0 1 0.999 -0.035 0 0.035 0.999 0 6536.dat
1 0 0 28.707 668.592 0 0 1 -0.999 0.035 0 -0.035 -0.999 0 42003.dat
1 1 20 29.337 650.61 0 -1 0 0.999 0 -0.035 0.035 0 0.999 32523.dat
1 4 0 18.017 688.222 0 -1 0 0.999 0 -0.035 0.035 0 0.999 32062.dat
1 1 -20 -10.7538 672.3867 0 -1 0 0.224753 0 -0.974019 0.974019 0 0.224753 32523.dat
1 0 0 8.727 667.892 1 0 0 0 0.035 0.999 0 -0.999 0.035 6558.dat
1 0 0 -30.2347 676.8823 1 0 0 0 0.974019 0.224753 0 -0.224753 0.974019 6558.dat
1 71 0 8.027 687.872 0 0 -1 0.999 0.035 0 0.035 -0.999 0 6536.dat
1 71 0 -40.2206 676.5305 0 -1 0 -0.035 0 -0.999 0.999 0 -0.035 43857.dat
1 1 20 -10.7528 672.3857 0 -1 0 0.224753 0 -0.974019 0.974019 0 0.224753 32523.dat
1 15 -10 -27.803 568.59 0 1 0 0.999 0 0.035 0.035 0 -0.999 32527.dat
1 15 10 -27.803 568.59 0 -1 0 -0.999 0 0.035 -0.035 0 -0.999 32528.dat
1 71 160 -0.093 919.64 0 0 -1 -0.999 -0.035 0 -0.035 0.999 0 41896.dat
1 256 160 -0.093 919.64 0 0 -1 -0.999 -0.035 0 -0.035 0.999 0 45982.dat
1 71 -160 -0.093 919.64 0 0 1 -0.999 0.035 0 -0.035 -0.999 0 41896.dat
1 256 -160 -0.093 919.64 0 0 1 -0.999 0.035 0 -0.035 -0.999 0 45982.dat
1 71 190 -0.093 919.64 0 0 -1 -0.999 -0.035 0 -0.035 0.999 0 3713.dat
1 71 -190 -0.093 919.64 0 0 1 -0.999 0.035 0 -0.035 -0.999 0 3713.dat
1 0 0 -44.283 467.99 0 -1 0 0.035 0 0.999 -0.999 0 0.035 3708.dat
1 71 0 -48.553 589.868 1 0 0 0 0.035 0.999 0 -0.999 0.035 2819.dat
1 71 140 31.407 20.54 0 0 1 -0.035 -0.999 0 0.999 -0.035 0 56145.dat
1 256 140 31.407 20.54 0 0 1 -0.035 -0.999 0 0.999 -0.035 0 55976.dat
1 71 -140 31.407 20.54 0 0 -1 0.035 -0.999 0 -0.999 -0.035 0 56145.dat
1 256 -140 31.407 20.54 0 0 -1 0.035 -0.999 0 -0.999 -0.035 0 55976.dat
1 71 150 31.407 20.54 0 0 -1 -0.999 -0.035 0 -0.035 0.999 0 3713.dat
1 71 -150 31.407 20.54 0 0 1 -0.999 0.035 0 -0.035 -0.999 0 3713.dat
1 72 0 -172.913 713.54 0 0 1 0.999011 -0.034696 0 0.034696 0.999011 0 32524.dat
1 1 -40 -173.263 723.53 0 0 1 -0.034696 -0.999011 0 0.999011 -0.034696 0 43093.dat
1 1 40 -173.263 723.53 0 0 1 -0.034696 -0.999011 0 0.999011 -0.034696 0 43093.dat
1 71 -40 -174.313 753.5 0.000304 -1 0 0.999 0.000304 -0.035 0.035 0.000011 0.999 32034.dat
1 71 40 -174.313 753.5 0.000304 -1 0 0.999 0.000304 -0.035 0.035 0.000011 0.999 32034.dat
1 71 -40 -175.713 793.46 0 0 1 -0.035 -0.999 0 0.999 -0.035 0 4519.dat
1 71 40 -175.713 793.46 0 0 1 -0.035 -0.999 0 0.999 -0.035 0 4519.dat
1 72 0 -154.333 754.2 0 0 1 0.034696 0.999011 0 -0.999011 0.034696 0 32524.dat
1 0 40 -164.323 753.85 0 -1 0 -0.999 0 0.035 -0.035 0 -0.999 2780.dat
1 0 -40 -164.323 753.85 0 -1 0 -0.999 0 0.035 -0.035 0 -0.999 2780.dat
1 71 -40 -135.753 794.86 0 0 -1 0.035 -0.999 0 -0.999 -0.035 0 4519.dat
1 71 -40 -155.733 794.16 0 0 -1 0.035 -0.999 0 -0.999 -0.035 0 32184.dat
1 71 -40 -136.803 824.83 1 0 0 0 -0.999 0.035 0 -0.035 -0.999 6538.dat
1 71 -40 -134.703 764.89 1 0 0 0 -0.999 0.035 0 -0.035 -0.999 6538.dat
1 71 -40 -137.853 854.8 0 0 -1 0.035 -0.999 0 -0.999 -0.035 0 4519.dat
1 71 -40 -133.653 734.92 0 0 -1 0.035 -0.999 0 -0.999 -0.035 0 4519.dat
1 71 40 -135.753 794.86 0 0 -1 0.035 -0.999 0 -0.999 -0.035 0 4519.dat
1 71 40 -155.733 794.16 0 0 -1 0.035 -0.999 0 -0.999 -0.035 0 32184.dat
1 71 40 -136.803 824.83 1 0 0 0 -0.999 0.035 0 -0.035 -0.999 6538.dat
1 71 40 -134.703 764.89 1 0 0 0 -0.999 0.035 0 -0.035 -0.999 6538.dat
1 71 40 -137.853 854.8 0 0 -1 0.035 -0.999 0 -0.999 -0.035 0 4519.dat
1 71 40 -133.653 734.92 0 0 -1 0.035 -0.999 0 -0.999 -0.035 0 4519.dat
1 71 40 -177.113 833.42 -1 0 0 0 -0.999 -0.035 0 -0.035 0.999 32016.dat
1 71 -40 -177.113 833.42 -1 0 0 0 -0.999 -0.035 0 -0.035 0.999 32016.dat
1 4 0 -133.478 729.925 1 0 0 0 0.035 0.999 0 -0.999 0.035 2905.dat
1 0 0 -113.323 725.63 0 0 1 -0.035 -0.999 0 0.999 -0.035 0 2780.dat
1 4 0 -133.828 739.915 1 0 0 0 0.035 0.999 0 -0.999 0.035 2905.dat
1 0 0 -133.653 734.92 0 0 1 -0.035 -0.999 0 0.999 -0.035 0 6558.dat
1 0 0 -134.353 754.901 0 -0.707107 0.707107 -0.035 -0.7064 -0.7064 0.999 -0.024749 -0.024749 32014.dat
1 4 -21.213 -113.1602 755.6435 -0.707107 -0.707107 0 0.7064 -0.7064 -0.035 0.024749 -0.024749 0.999 32062.dat
1 4 21.214 -113.1612 755.6425 0.707107 -0.707107 0 0.7064 0.7064 -0.035 0.024749 0.024749 0.999 32062.dat
1 4 -42.427 -91.9695 756.3859 -0.707107 0 0.707107 0.7064 -0.035 0.7064 0.024749 0.999 0.024749 32054.dat
1 4 42.426 -91.9694 756.3849 0.707107 0 0.707107 0.7064 -0.035 -0.7064 0.024749 0.999 -0.024749 32054.dat
1 4 0 -93.693 736.32 0 0 -1 0.035 -0.999 0 -0.999 -0.035 0 32054.dat
1 71 0 -95.793 796.26 0 0 -1 0.035 -0.999 0 -0.999 -0.035 0 32073.dat
1 71 0 -95.793 796.26 1 0 0 0 -0.999 0.035 0 -0.035 -0.999 3713.dat
1 71 0 -76.513 816.94 0 1 0 -0.035 0 0.999 0.999 0 0.035 32039.dat
1 1 0 -66.523 817.29 0 -1 0 -0.999 0 0.035 -0.035 0 -0.999 43093.dat
1 71 0 -75.113 776.98 0 1 0 -0.035 0 0.999 0.999 0 0.035 32039.dat
1 1 0 -65.123 777.33 0 -1 0 -0.999 0 0.035 -0.035 0 -0.999 43093.dat
1 4 0 -138.028 859.795 -1 0 0 0 -0.035 0.999 0 0.999 0.035 2905.dat
1 0 0 -118.223 865.49 0 0 -1 0.035 -0.999 0 -0.999 -0.035 0 2780.dat
1 4 0 -137.678 849.805 -1 0 0 0 -0.035 0.999 0 0.999 0.035 2905.dat
1 0 0 -137.853 854.8 0 0 -1 0.035 -0.999 0 -0.999 -0.035 0 6558.dat
1 0 0 -137.153 834.819 0 0.707107 -0.707107 0.035 -0.7064 -0.7064 -0.999 -0.024749 -0.024749 32014.dat
1 4 21.213 -115.9602 835.5615 0.707107 0.707107 0 0.7064 -0.7064 0.035 0.024749 -0.024749 -0.999 32062.dat
1 4 -21.214 -115.9612 835.5624 -0.707107 0.707107 0 0.7064 0.7064 0.035 0.024749 0.024749 -0.999 32062.dat
1 4 42.427 -94.7694 836.3039 0.707107 0 -0.707107 0.7064 0.035 0.7064 0.024749 -0.999 0.024749 32054.dat
1 4 -42.426 -94.7694 836.3049 -0.707107 0 -0.707107 0.7064 0.035 -0.7064 0.024749 -0.999 -0.024749 32054.dat
1 4 0 -97.893 856.2 0 0 1 -0.035 -0.999 0 0.999 -0.035 0 32054.dat
1 72 0 -138.553 874.78 0 0 -1 -0.999 -0.035 0 -0.035 0.999 0 32524.dat
1 72 0 -132.953 714.94 0 0 -1 -0.999 -0.035 0 -0.035 0.999 0 32524.dat
1 71 0 -78.613 876.88 1 0 0 0 -0.035 -0.999 0 0.999 -0.035 4519.dat
1 0 0 -98.593 876.18 1 0 0 0 -0.999 0.035 0 -0.035 -0.999 42003.dat
1 71 -20 -58.633 877.58 -1 0 0 0 -0.035 0.999 0 0.999 0.035 32039.dat
1 71 20 -58.633 877.58 -1 0 0 0 -0.035 0.999 0 0.999 0.035 32039.dat
1 4 -20 -48.643 877.93 0 0 -1 -0.999 -0.035 0 -0.035 0.999 0 32062.dat
1 4 20 -48.643 877.93 0 0 -1 -0.999 -0.035 0 -0.035 0.999 0 32062.dat
1 71 20 -28.663 878.63 1 0 0 0 -0.035 -0.999 0 0.999 -0.035 6538.dat
1 71 -20 -28.663 878.63 1 0 0 0 -0.035 -0.999 0 0.999 -0.035 6538.dat
1 1 -20 -8.683 879.33 0 -1 0 -0.999 0 0.035 -0.035 0 -0.999 43093.dat
1 1 20 -8.683 879.33 0 -1 0 -0.999 0 0.035 -0.035 0 -0.999 43093.dat
1 71 0 -73.013 717.04 1 0 0 0 -0.035 -0.999 0 0.999 -0.035 4519.dat
1 0 0 -92.993 716.34 1 0 0 0 -0.999 0.035 0 -0.035 -0.999 42003.dat
1 71 -20 -53.033 717.74 -1 0 0 0 -0.035 0.999 0 0.999 0.035 32039.dat
1 71 20 -53.033 717.74 -1 0 0 0 -0.035 0.999 0 0.999 0.035 32039.dat
1 4 -20 -43.043 718.09 0 0 -1 -0.999 -0.035 0 -0.035 0.999 0 32062.dat
1 4 20 -43.043 718.09 0 0 -1 -0.999 -0.035 0 -0.035 0.999 0 32062.dat
1 71 20 -23.063 718.79 1 0 0 0 -0.035 -0.999 0 0.999 -0.035 6538.dat
1 71 -20 -23.063 718.79 1 0 0 0 -0.035 -0.999 0 0.999 -0.035 6538.dat
1 1 -20 -3.083 719.49 0 -1 0 -0.999 0 0.035 -0.035 0 -0.999 43093.dat
1 1 20 -3.083 719.49 0 -1 0 -0.999 0 0.035 -0.035 0 -0.999 43093.dat
1 71 56.568 -81.3406 856.7799 -0.707 -0.707 0 0.706293 -0.706293 -0.035 0.024745 -0.024745 0.999 32348.dat
1 0 49.498 -89.8035 896.4925 0.707 -0.707 0 0.706293 0.706293 -0.035 0.024745 0.024745 0.999 2780.dat
1 1 49.498 -88.4035 856.5325 0.707 0 0.707 0.706293 -0.035 -0.706293 0.024745 0.999 -0.024745 43093.dat
1 71 42.428 -94.0664 816.325 0.707 -0.707 0 -0.706293 -0.706293 0.035 -0.024745 -0.024745 -0.999 40490.dat
1 71 -56.569 -81.3416 856.7799 0.707 -0.707 0 0.706293 0.706293 -0.035 0.024745 0.024745 0.999 32348.dat
1 0 -49.499 -89.8045 896.4924 -0.707 -0.707 0 0.706293 -0.706293 -0.035 0.024745 -0.024745 0.999 2780.dat
1 1 -49.499 -88.4045 856.5324 -0.707 0 0.707 0.706293 -0.035 0.706293 0.024745 0.999 0.024745 43093.dat
1 71 -42.429 -94.0674 816.325 0.707 0.707 0 0.706293 -0.706293 0.035 0.024745 -0.024745 -0.999 40490.dat
1 0 -42.426 -64.7627 787.3449 0 0.707 0.707 0.035 0.706293 -0.706293 -0.999 0.024745 -0.024745 3707.dat
1 71 -42.426 -62.3127 717.4149 0.707 0.707 0 -0.706293 0.706293 -0.035 -0.024745 0.024745 0.999 3713.dat
1 71 -42.426 -63.0127 737.3949 0 -0.707 -0.707 -0.035 0.706293 -0.706293 0.999 0.024745 -0.024745 6536.dat
1 71 -42.426 -63.7127 757.3749 0 -0.707 0.707 -0.035 -0.706293 -0.706293 0.999 -0.024745 -0.024745 6536.dat
1 71 -42.426 -64.4127 777.3549 0 -0.707 -0.707 -0.035 0.706293 -0.706293 0.999 0.024745 -0.024745 6536.dat
1 71 -42.426 -65.1127 797.3349 -0.707 -0.707 0 0.706293 -0.706293 -0.035 0.024745 -0.024745 0.999 3713.dat
1 71 -42.426 -65.8127 817.3149 0 -0.707 -0.707 -0.035 0.706293 -0.706293 0.999 0.024745 -0.024745 6536.dat
1 71 -42.426 -66.5127 837.2949 0 -0.707 0.707 -0.035 -0.706293 -0.706293 0.999 -0.024745 -0.024745 6536.dat
1 71 -42.426 -67.2127 857.2749 0 -0.707 -0.707 -0.035 0.706293 -0.706293 0.999 0.024745 -0.024745 6536.dat
1 1 -63.636 -60.1498 857.5223 -0.707 0 -0.707 -0.706293 -0.035 0.706293 -0.024745 0.999 0.024745 43093.dat
1 1 -63.636 -58.7498 817.5623 -0.707 0 -0.707 -0.706293 -0.035 0.706293 -0.024745 0.999 0.024745 43093.dat
1 1 -63.636 -57.3498 777.6024 -0.707 0 -0.707 -0.706293 -0.035 0.706293 -0.024745 0.999 0.024745 43093.dat
1 1 -63.636 -55.9498 737.6423 -0.707 0 -0.707 -0.706293 -0.035 0.706293 -0.024745 0.999 0.024745 43093.dat
1 71 -84.846 -77.1386 736.9 0 -0.707 -0.707 -0.035 0.706293 -0.706293 0.999 0.024745 -0.024745 32034.dat
1 71 -84.846 -78.5386 776.86 0 -0.707 -0.707 -0.035 0.706293 -0.706293 0.999 0.024745 -0.024745 32034.dat
1 71 -84.846 -79.9386 816.82 0 -0.707 -0.707 -0.035 0.706293 -0.706293 0.999 0.024745 -0.024745 32034.dat
1 71 -84.846 -81.3386 856.78 0 -0.707 -0.707 -0.035 0.706293 -0.706293 0.999 0.024745 -0.024745 32034.dat
1 0 42.426 -64.7627 787.3449 0 -0.707 -0.707 -0.035 0.706293 -0.706293 0.999 0.024745 -0.024745 3707.dat
1 71 42.426 -62.3127 717.4149 0.707 -0.707 0 0.706293 0.706293 -0.035 0.024745 0.024745 0.999 3713.dat
1 71 42.426 -67.2127 857.2749 0 0.707 0.707 0.035 0.706293 -0.706293 -0.999 0.024745 -0.024745 6536.dat
1 71 42.4253 -66.5134 837.2949 0 0.707 -0.707 0.035 -0.706293 -0.706293 -0.999 -0.024745 -0.024745 6536.dat
1 71 42.426 -65.8127 817.3149 0 0.707 0.707 0.035 0.706293 -0.706293 -0.999 0.024745 -0.024745 6536.dat
1 71 42.426 -65.1127 797.3349 -0.707 0.707 0 -0.706293 -0.706293 -0.035 -0.024745 -0.024745 0.999 3713.dat
1 71 42.4267 -64.412 777.3549 0 0.707 0.707 0.035 0.706293 -0.706293 -0.999 0.024745 -0.024745 6536.dat
1 71 42.426 -63.7127 757.3749 0 0.707 -0.707 0.035 -0.706293 -0.706293 -0.999 -0.024745 -0.024745 6536.dat
1 71 42.426 -63.0127 737.3949 0 0.707 0.707 0.035 0.706293 -0.706293 -0.999 0.024745 -0.024745 6536.dat
1 1 63.636 -55.9498 737.6423 0.707 0 0.707 -0.706293 0.035 0.706293 -0.024745 -0.999 0.024745 43093.dat
1 1 63.636 -57.3498 777.6024 0.707 0 0.707 -0.706293 0.035 0.706293 -0.024745 -0.999 0.024745 43093.dat
1 1 63.636 -58.7497 817.5613 0.707 0 0.707 -0.706293 0.035 0.706293 -0.024745 -0.999 0.024745 43093.dat
1 1 63.636 -60.1498 857.5223 0.707 0 0.707 -0.706293 0.035 0.706293 -0.024745 -0.999 0.024745 43093.dat
1 71 84.846 -81.3386 856.78 0 0.707 0.707 0.035 0.706293 -0.706293 -0.999 0.024745 -0.024745 32034.dat
1 71 84.846 -79.9385 816.819 0 0.707 0.707 0.035 0.706293 -0.706293 -0.999 0.024745 -0.024745 32034.dat
1 71 84.846 -78.5386 776.86 0 0.707 0.707 0.035 0.706293 -0.706293 -0.999 0.024745 -0.024745 32034.dat
1 71 84.846 -77.1386 736.9 0 0.707 0.707 0.035 0.706293 -0.706293 -0.999 0.024745 -0.024745 32034.dat
1 71 0 -55.833 797.66 1 0 0 0 -0.999 0.035 0 -0.035 -0.999 40490.dat
1 0 0 -43.043 718.09 0 0 1 -0.999 0.035 0 -0.035 -0.999 0 2780.dat
1 0 0 -44.443 758.05 0 0 1 -0.999 0.035 0 -0.035 -0.999 0 2780.dat
1 0 0 -47.243 837.97 0 0 1 -0.999 0.035 0 -0.035 -0.999 0 2780.dat
1 0 0 -48.643 877.93 0 0 1 -0.999 0.035 0 -0.035 -0.999 0 2780.dat
1 4 0 -29.458 758.575 -1 0 0 0 0.999 0.035 0 0.035 -0.999 2905.dat
1 1 40 -24.463 758.75 0 -1 0 -0.999 0 0.035 -0.035 0 -0.999 43093.dat
1 1 -40 -24.463 758.75 0 -1 0 -0.999 0 0.035 -0.035 0 -0.999 43093.dat
1 4 0 -39.448 758.225 -1 0 0 0 0.999 0.035 0 0.035 -0.999 2905.dat
1 4 0 -32.258 838.495 1 0 0 0 0.999 -0.035 0 0.035 0.999 2905.dat
1 1 -40 -27.263 838.67 0 1 0 -0.999 0 -0.035 -0.035 0 0.999 43093.dat
1 1 40 -27.263 838.67 0 1 0 -0.999 0 -0.035 -0.035 0 0.999 43093.dat
1 4 0 -42.248 838.145 1 0 0 0 0.999 -0.035 0 0.035 0.999 2905.dat
1 71 40 -15.173 779.08 1 0 0 0 0.999 -0.035 0 0.035 0.999 40490.dat
1 71 -40 -15.173 779.08 1 0 0 0 0.999 -0.035 0 0.035 0.999 40490.dat
