0 Main
0 Name: 1714-1 - Surveillance Scooter.mpd
0 Author: LTRON
1 0 0 0 0 1 0 0 0 1 0 0 0 1 2625.dat
1 4 -30 -8 -10 0 0 1 0 1 0 -1 0 0 2412.dat
1 4 30 -8 -10 0 0 1 0 1 0 -1 0 0 2412.dat
1 0 0 -24 60 1 0 0 0 1 0 0 0 1 3039.dat
1 4 -30 -24 30 0 0 1 0 1 0 -1 0 0 3937.dat
1 4 30 -24 30 0 0 -1 0 1 0 1 0 0 3937.dat
1 0 0 -24 -20 1 0 0 0 1 0 0 0 1 3298.dat
1 0 -38.66 -19 30 0 0.866 -0.5 0 0.5 0.866 1 0 0 3938.dat
1 0 -52.516 -27 30 -0.5 0.866 0 0.866 0.5 0 0 0 -1 4595.dat
1 36 -43.856 -22 66 -0.5 0 0.866 0.866 0 0.5 0 1 0 4589.dat
1 0 0 -32 -20 1 0 0 0 1 0 0 0 1 3069.dat
1 0 38.66 -19 30 0 -0.866 -0.5 0 0.5 -0.866 1 0 0 3938.dat
1 0 52.516 -27 30 -0.5 -0.866 0 -0.866 0.5 0 0 0 -1 4595.dat
1 36 43.856 -22 66 -0.5 0 -0.866 -0.866 0 0.5 0 1 0 4589.dat
1 0 31.856 -42.784 40 0.852837 0.5 -0.150424 -0.4924 0.866 0.08685 0.1737 0 0.9848 3959.dat
1 42 35.4662 -44.8684 16.3648 0.852837 0.150424 0.5 -0.4924 -0.08685 0.866 0.1737 -0.9848 0 6141.dat
1 0 -17.6195 -62.5822 -6.2994 -0.090027 -0.144121 -0.985 0.521629 0.835054 -0.17 0.847771 -0.529572 0 3962.dat
