0 Main
0 Name: 42040-1 - Fire Plane.mpd
0 Author: LTRON
1 71 0 -67.6649 1.929 0 -1 0 0.9986 0 0.0523 -0.0523 0 0.9986 32271.dat
1 1 10 -67.6649 1.929 -1 0 0 0 -0.9986 0.0523 0 0.0523 0.9986 43093.dat
1 1 20 -66.6181 21.9016 1 0 0 0 0.9986 0.0523 0 -0.0523 0.9986 6558.dat
1 4 0 -62.4313 101.7919 1 0 0 0 0.9986 0.0523 0 -0.0523 0.9986 32062.dat
1 4 0 -63.478 81.8193 1 0 0 0 0.9986 0.0523 0 -0.0523 0.9986 32062.dat
1 71 0 -83.4506 82.8661 -1 0 0 0 0.9986 -0.0523 0 -0.0523 -0.9986 92907.dat
1 71 20 -69.7583 -38.0162 0 -1 0 -0.9986 0 -0.0523 0.0523 0 -0.9986 32524.dat
1 0 0 -82.9272 92.8524 0 1 0 0.0523 0 0.9986 0.9986 0 -0.0523 2780.dat
1 0 10 -72.8985 -97.934 1 0 0 0 -0.0523 0.9986 0 -0.9986 -0.0523 2780.dat
1 1 10 -71.8517 -77.9614 -1 0 0 0 -0.9986 0.0523 0 0.0523 0.9986 43093.dat
1 71 5 -73.9452 -117.9066 0 1 0 0.0523 0 0.9986 0.9986 0 -0.0523 99773.dat
1 71 -5 -73.9452 -117.9066 0 1 0 0.0523 0 0.9986 0.9986 0 -0.0523 99773.dat
1 71 0 -76.0386 -157.8517 1 0 0 0 -0.0523 0.9986 0 -0.9986 -0.0523 4519.dat
1 15 20 -76.0386 -157.8517 -1 0 0 0 -0.9986 0.0523 0 0.0523 0.9986 6536.dat
1 15 -20 -76.0386 -157.8517 -1 0 0 0 -0.9986 0.0523 0 0.0523 0.9986 6536.dat
1 71 20 -74.9919 -137.8792 -1 0 0 0 -0.0523 -0.9986 0 -0.9986 0.0523 87082.dat
1 71 -120 -82.4039 102.8387 0 0 1 -0.9986 -0.0523 0 0.0523 -0.9986 0 32278.dat
1 71 -240 -67.6649 1.929 0 -1 0 0.9986 0 0.0523 -0.0523 0 0.9986 32271.dat
1 1 -250 -67.6649 1.929 1 0 0 0 0.9986 0.0523 0 -0.0523 0.9986 43093.dat
1 1 -260 -66.6181 21.9016 -1 0 0 0 -0.9986 0.0523 0 0.0523 0.9986 6558.dat
1 4 -240 -62.4313 101.7919 1 0 0 0 0.9986 0.0523 0 -0.0523 0.9986 32062.dat
1 4 -240 -63.478 81.8193 1 0 0 0 0.9986 0.0523 0 -0.0523 0.9986 32062.dat
1 71 -240 -83.4506 82.8661 -1 0 0 0 0.9986 -0.0523 0 -0.0523 -0.9986 92907.dat
1 71 -260 -69.7583 -38.0162 0 -1 0 -0.9986 0 -0.0523 0.0523 0 -0.9986 32524.dat
1 0 -240 -82.9272 92.8524 0 1 0 0.0523 0 0.9986 0.9986 0 -0.0523 2780.dat
1 0 -250 -72.8985 -97.934 1 0 0 0 -0.0523 0.9986 0 -0.9986 -0.0523 2780.dat
1 1 -250 -71.8517 -77.9614 1 0 0 0 0.9986 0.0523 0 -0.0523 0.9986 43093.dat
1 71 -235 -73.9452 -117.9066 0 1 0 0.0523 0 0.9986 0.9986 0 -0.0523 99773.dat
1 71 -245 -73.9452 -117.9066 0 1 0 0.0523 0 0.9986 0.9986 0 -0.0523 99773.dat
1 71 -240 -76.0386 -157.8517 1 0 0 0 -0.0523 0.9986 0 -0.9986 -0.0523 4519.dat
1 15 -220 -76.0386 -157.8517 -1 0 0 0 -0.9986 0.0523 0 0.0523 0.9986 6536.dat
1 15 -260 -76.0386 -157.8517 -1 0 0 0 -0.9986 0.0523 0 0.0523 0.9986 6536.dat
1 71 -260 -74.9919 -137.8792 -1 0 0 0 -0.0523 -0.9986 0 -0.9986 0.0523 87082.dat
1 19 10 -28.1723 144.0569 -1 0 0 0 0.8303 0.5573 0 0.5573 -0.8303 3749.dat
1 19 -250 -28.1723 144.0569 1 0 0 0 0.5573 0.8303 0 -0.8303 0.5573 3749.dat
1 71 20 -28.1723 144.0569 0 0 -1 -0.5573 0.8303 0 0.8303 0.5573 0 42610.dat
1 71 -260 -28.1723 144.0569 0 0 -1 -0.5573 0.8303 0 0.8303 0.5573 0 42610.dat
1 0 -260 -28.1723 144.0569 0 0 -1 -0.5573 0.8303 0 0.8303 0.5573 0 51011.dat
1 0 20 -28.1723 144.0569 0 0 -1 -0.5573 0.8303 0 0.8303 0.5573 0 51011.dat
1 0 -20 -81.8805 112.825 0 1 0 0.0523 0 0.9986 0.9986 0 -0.0523 2780.dat
1 0 -220 -81.8805 112.825 0 1 0 0.0523 0 0.9986 0.9986 0 -0.0523 2780.dat
1 15 -20 -61.3846 121.7645 -1 0 0 0 -0.9986 0.0523 0 0.0523 0.9986 6536.dat
1 15 -220 -61.3846 121.7645 -1 0 0 0 -0.9986 0.0523 0 0.0523 0.9986 6536.dat
1 4 -10 -61.3846 121.7645 1 0 0 0 0.9986 0.0523 0 -0.0523 0.9986 32062.dat
1 4 -230 -61.3846 121.7645 1 0 0 0 0.9986 0.0523 0 -0.0523 0.9986 32062.dat
1 71 -120 -174.8549 -132.6456 0 1 0 -0.0523 0 -0.9986 -0.9986 0 0.0523 32184.dat
1 71 -100 -172.7629 -92.7016 0 1 0 -0.0523 0 -0.9986 -0.9986 0 0.0523 32073.dat
1 71 -140 -172.7629 -92.7016 0 1 0 -0.0523 0 -0.9986 -0.9986 0 0.0523 32073.dat
1 15 20 -93.9209 -116.8576 -0.8 0 -0.6 0.59916 -0.0523 -0.79888 -0.03138 -0.9986 0.04184 6629.dat
1 15 -260 -93.9209 -116.8576 0.8 0 0.6 0.59916 0.0523 -0.79888 -0.03138 0.9986 0.04184 6629.dat
1 72 20 -94.9669 -136.8296 0 -0.6 0.8 0.0523 -0.79888 -0.59916 0.9986 0.04184 0.03138 11214.dat
1 72 -260 -94.9669 -136.8296 0 -0.8 0.6 0.0523 -0.59916 -0.79888 0.9986 0.03138 0.04184 11214.dat
1 71 -120 -94.9669 -136.8296 0 0 1 0.9986 0.0523 0 -0.0523 0.9986 0 32278.dat
1 71 -120 -172.7629 -92.7016 0 1 0 -0.0523 0 -0.9986 -0.9986 0 0.0523 32184.dat
1 1 8 -109.3755 -106.0348 0 -0.6 0.8 0.0523 -0.79888 -0.59916 0.9986 0.04184 0.03138 43093.dat
1 1 -248 -109.3755 -106.0348 0 -0.8 0.6 0.0523 -0.59916 -0.79888 0.9986 0.03138 0.04184 43093.dat
1 71 8 -108.3295 -86.0628 -0.6 -0.8 0 -0.79888 0.59916 -0.0523 0.04184 -0.03138 -0.9986 59443.dat
1 71 -248 -108.3295 -86.0628 -0.8 -0.6 0 -0.59916 0.79888 -0.0523 0.03138 -0.04184 -0.9986 59443.dat
1 1 -16 -141.3307 -104.3612 0 -0.6 0.8 0.0523 -0.79888 -0.59916 0.9986 0.04184 0.03138 43093.dat
1 71 -16 -140.2847 -84.3892 -0.6 -0.8 0 -0.79888 0.59916 -0.0523 0.04184 -0.03138 -0.9986 59443.dat
1 1 -224 -141.3307 -104.3612 0 -0.8 0.6 0.0523 -0.59916 -0.79888 0.9986 0.03138 0.04184 43093.dat
1 71 -224 -140.2847 -84.3892 -0.8 -0.6 0 -0.59916 0.79888 -0.0523 0.03138 -0.04184 -0.9986 59443.dat
1 1 -200 -173.2859 -102.6876 0 -0.8 0.6 0.0523 -0.59916 -0.79888 0.9986 0.03138 0.04184 43093.dat
1 71 -200 -172.2399 -82.7156 -0.8 -0.6 0 -0.59916 0.79888 -0.0523 0.03138 -0.04184 -0.9986 59443.dat
1 1 -40 -173.2859 -102.6876 0 -0.6 0.8 0.0523 -0.79888 -0.59916 0.9986 0.04184 0.03138 43093.dat
1 71 -40 -172.2399 -82.7156 -0.6 -0.8 0 -0.79888 0.59916 -0.0523 0.04184 -0.03138 -0.9986 59443.dat
1 72 -40 -170.6709 -52.7576 0 0.8 -0.6 -0.0523 -0.59916 -0.79888 -0.9986 0.03138 0.04184 11214.dat
1 72 -200 -170.6709 -52.7576 0 0.6 -0.8 -0.0523 -0.79888 -0.59916 -0.9986 0.04184 0.03138 11214.dat
1 0 -100 -211.0889 -250.9086 0 0 1 -0.9986 -0.0523 0 0.0523 -0.9986 0 3705.dat
1 71 -100 -241.0469 -249.3396 0 1 0 -0.9986 0 0.0523 0.0523 0 0.9986 6536.dat
1 71 -120 -221.0749 -250.3856 0 1 0 -0.9986 0 0.0523 0.0523 0 0.9986 32184.dat
1 71 -100 -201.1029 -251.4316 0 1 0 -0.9986 0 0.0523 0.0523 0 0.9986 6536.dat
1 0 -80 -200.5799 -241.4456 0 1 0 0.0523 0 0.9986 0.9986 0 -0.0523 2780.dat
1 0 -80 -240.5239 -239.3536 0 1 0 0.0523 0 0.9986 0.9986 0 -0.0523 2780.dat
1 14 -120 -219.5059 -220.4276 -1 0 0 0 -0.9986 0.0523 0 0.0523 0.9986 2853.dat
1 71 -110 -219.5059 -220.4276 0 -1 0 -0.9986 0 -0.0523 0.0523 0 -0.9986 2852.dat
1 71 -110 -219.5059 -220.4276 0 1 0 -0.9986 0 0.0523 0.0523 0 0.9986 2852.dat
1 14 -150 -219.5059 -220.4276 0 1 0 -0.9986 0 0.0523 0.0523 0 0.9986 2851.dat
1 14 -70 -219.5059 -220.4276 0 -1 0 0.9986 0 0.0523 -0.0523 0 0.9986 2851.dat
1 14 -110 -217.9369 -190.4696 1 0 0 0 0.9986 0.0523 0 -0.0523 0.9986 2853.dat
1 0 -120 -223.1669 -290.3296 0 0 1 0.0523 -0.9986 0 0.9986 0.0523 0 3706.dat
1 14 -120 -221.8594 -265.3646 0 -1 0 0.9986 0 0.0523 -0.0523 0 0.9986 32123.dat
1 14 -120 -222.3824 -275.3506 0 -1 0 0.9986 0 0.0523 -0.0523 0 0.9986 32123.dat
1 0 -140 -211.0889 -250.9086 0 0 1 -0.9986 -0.0523 0 0.0523 -0.9986 0 3705.dat
1 71 -140 -241.0469 -249.3396 0 -1 0 -0.0523 0 0.9986 -0.9986 0 -0.0523 32184.dat
1 71 -140 -201.1029 -251.4316 0 -1 0 -0.0523 0 0.9986 -0.9986 0 -0.0523 32184.dat
1 1 -160 -240.5239 -239.3536 0 0 1 -0.0523 0.9986 0 -0.9986 -0.0523 0 43093.dat
1 1 -160 -200.5799 -241.4456 0 0 -1 -0.0523 -0.9986 0 -0.9986 0.0523 0 43093.dat
1 0 -160 -237.9089 -189.4236 0 0 -1 0.0523 0.9986 0 0.9986 -0.0523 0 18651.dat
1 0 -80 -237.9089 -189.4236 0 0 -1 0.0523 0.9986 0 0.9986 -0.0523 0 18651.dat
1 71 -120 -238.1704 -194.4166 -1 0 0 0 0.0523 0.9986 0 0.9986 -0.0523 99773.dat
1 0 -120 -237.6474 -184.4306 0 0 -1 0.9986 -0.0523 0 -0.0523 -0.9986 0 11478.dat
1 71 -160 -235.8169 -149.4796 0 0 -1 0.0523 0.9986 0 0.9986 -0.0523 0 32054.dat
1 71 -80 -235.8169 -149.4796 0 0 -1 0.0523 0.9986 0 0.9986 -0.0523 0 32054.dat
1 71 -120 -177.9929 -192.5616 -1 0 0 0 -0.9986 0.0523 0 0.0523 0.9986 44294.dat
1 15 -60 -177.9929 -192.5616 0 -1 0 0.9986 0 0.0523 -0.0523 0 0.9986 41669.dat
1 15 -80 -177.9929 -192.5616 1 0 0 0 -0.9986 -0.0523 0 0.0523 -0.9986 6536.dat
1 4 -95 -176.9469 -172.5896 0 -1 0 -0.9986 0 -0.0523 0.0523 0 -0.9986 41677.dat
1 4 -105 -176.9469 -172.5896 0 -1 0 -0.9986 0 -0.0523 0.0523 0 -0.9986 41677.dat
1 71 -120 -176.9469 -172.5896 -1 0 0 0 -0.9986 0.0523 0 0.0523 0.9986 32073.dat
1 4 -120 -179.0389 -212.5336 0 -1 0 0.9986 0 0.0523 -0.0523 0 0.9986 32316.dat
1 1 -120 -180.0849 -232.5056 1 0 0 0 0.9986 0.0523 0 -0.0523 0.9986 6558.dat
1 1 -120 -179.0389 -212.5336 1 0 0 0 0.9986 0.0523 0 -0.0523 0.9986 6558.dat
1 0 -140 -180.0849 -232.5056 0 0 -1 -0.9986 0.0523 0 0.0523 0.9986 0 42003.dat
1 0 -100 -180.0849 -232.5056 0 0 -1 -0.9986 0.0523 0 0.0523 0.9986 0 42003.dat
1 0 -140 -177.9929 -192.5616 0 1 0 -0.9986 0 0.0523 0.0523 0 0.9986 60483.dat
1 15 -160 -177.9929 -192.5616 1 0 0 0 -0.9986 -0.0523 0 0.0523 -0.9986 6536.dat
1 15 -180 -177.9929 -192.5616 0 1 0 -0.9986 0 0.0523 0.0523 0 0.9986 41669.dat
1 71 -160 -197.9649 -191.5156 0 0 -1 -0.0523 -0.9986 0 -0.9986 0.0523 0 32054.dat
1 71 -80 -197.9649 -191.5156 0 0 -1 -0.0523 -0.9986 0 -0.9986 0.0523 0 32054.dat
1 0 -80 -175.9009 -152.6176 -1 0 0 0 0.0523 0.9986 0 0.9986 -0.0523 42003.dat
1 0 -160 -175.9009 -152.6176 -1 0 0 0 0.0523 0.9986 0 0.9986 -0.0523 42003.dat
1 0 -160 -185.8869 -152.0946 0 1 0 -0.9986 0 0.0523 0.0523 0 0.9986 2780.dat
1 0 -160 -184.8409 -132.1226 0 1 0 -0.9986 0 0.0523 0.0523 0 0.9986 2780.dat
1 0 -80 -185.8869 -152.0946 0 1 0 -0.9986 0 0.0523 0.0523 0 0.9986 2780.dat
1 0 -80 -184.8409 -132.1226 0 1 0 -0.9986 0 0.0523 0.0523 0 0.9986 2780.dat
1 4 -160 -193.7809 -111.6276 1 0 0 0 -0.9986 -0.0523 0 0.0523 -0.9986 32316.dat
1 4 -80 -193.7809 -111.6276 1 0 0 0 -0.9986 -0.0523 0 0.0523 -0.9986 32316.dat
1 4 -100 -255.7889 -148.4336 0 -1 0 -0.9986 0 -0.0523 0.0523 0 -0.9986 64683.dat
1 1 -120 -259.9729 -228.3216 -1 0 0 0 -0.0523 -0.9986 0 -0.9986 0.0523 6558.dat
1 1 -120 -257.8809 -188.3776 -1 0 0 0 -0.0523 -0.9986 0 -0.9986 0.0523 6558.dat
1 4 -120 -258.9269 -208.3496 0 -1 0 0.9986 0 0.0523 -0.0523 0 0.9986 32316.dat
1 4 -140 -255.7889 -148.4336 0 1 0 0.9986 0 -0.0523 -0.0523 0 -0.9986 64391.dat
1 71 -180 -216.8909 -170.4976 0 -1 0 -0.9986 0 -0.0523 0.0523 0 -0.9986 32054.dat
1 71 -60 -216.8909 -170.4976 0 -1 0 -0.9986 0 -0.0523 0.0523 0 -0.9986 32054.dat
1 71 -180 -216.8909 -170.4976 0.7071 0 0.7071 -0.036981 0.9986 0.036981 -0.70611 -0.0523 0.70611 87082.dat
1 71 -60 -216.8909 -170.4976 -0.7071 0 0.7071 -0.036981 0.9986 -0.036981 -0.70611 -0.0523 -0.70611 87082.dat
1 80 -201.2132 -215.7814 -149.3141 0.7071 0 0.7071 -0.036981 0.9986 0.036981 -0.70611 -0.0523 0.70611 62462.dat
1 80 -38.7868 -215.7814 -149.3141 -0.7071 0 0.7071 -0.036981 0.9986 -0.036981 -0.70611 -0.0523 -0.70611 62462.dat
1 1 -180 -186.9329 -172.0666 0 1 0 -0.9986 0 0.0523 0.0523 0 0.9986 43093.dat
1 1 -60 -186.9329 -172.0666 0 1 0 -0.9986 0 0.0523 0.0523 0 0.9986 43093.dat
1 15 -180 -176.9469 -172.5896 0 -1 0 -0.9986 0 -0.0523 0.0523 0 -0.9986 32013.dat
1 15 -60 -176.9469 -172.5896 0 -1 0 -0.9986 0 -0.0523 0.0523 0 -0.9986 32013.dat
1 15 -180 -174.8549 -132.6456 1 0 0 0 0.0523 -0.9986 0 0.9986 0.0523 32140.dat
1 1 -180 -234.7709 -129.5076 0 1 0 -0.0523 0 -0.9986 -0.9986 0 0.0523 6558.dat
1 0 -180 -214.2759 -120.5676 0 1 0 -0.0523 0 -0.9986 -0.9986 0 0.0523 2780.dat
1 0 -180 -174.8549 -132.6456 0 0 1 -0.0523 0.9986 0 -0.9986 -0.0523 0 18651.dat
1 15 -60 -174.8549 -132.6456 -1 0 0 0 -0.0523 -0.9986 0 -0.9986 0.0523 32140.dat
1 1 -60 -234.7709 -129.5076 0 1 0 -0.0523 0 -0.9986 -0.9986 0 0.0523 6558.dat
1 0 -60 -214.2759 -120.5676 0 1 0 -0.0523 0 -0.9986 -0.9986 0 0.0523 2780.dat
1 0 -60 -174.8549 -132.6456 0 0 1 -0.0523 0.9986 0 -0.9986 -0.0523 0 18651.dat
1 72 -120 -125.8761 -115.184 0 1 0 -0.9986 0 0.0523 0.0523 0 0.9986 55013.dat
1 19 -120 -196.7767 -111.4707 1 0 0 0 0.0523 -0.9986 0 0.9986 0.0523 6589.dat
1 0 -120 -183.7949 -112.1506 -1 0 0 0 0.9986 -0.0523 0 -0.0523 -0.9986 48496.dat
1 4 -120 -173.8089 -112.6736 0 -1 0 0.0523 0 -0.9986 0.9986 0 0.0523 3713.dat
1 72 -120 -214.119 -117.5718 0 1 0 -0.0523 0 -0.9986 -0.9986 0 0.0523 59426.dat
1 19 -120 -214.642 -127.5578 1 0 0 0 0.9986 0.0523 0 -0.0523 0.9986 6589.dat
1 14 -120 -215.5834 -145.5326 1 0 0 0 0.9986 0.0523 0 -0.0523 0.9986 32123.dat
1 71 -80 -93.9209 -116.8576 0 0 1 -0.0523 0.9986 0 -0.9986 -0.0523 0 32054.dat
1 71 -160 -93.9209 -116.8576 0 0 1 -0.0523 0.9986 0 -0.9986 -0.0523 0 32054.dat
1 15 -100 -93.9209 -116.8576 0 1 0 -0.9986 0 0.0523 0.0523 0 0.9986 6536.dat
1 15 -140 -93.9209 -116.8576 0 -1 0 -0.9986 0 -0.0523 0.0523 0 -0.9986 6536.dat
1 4 -100 -83.9349 -117.3806 0 1 0 -0.9986 0 0.0523 0.0523 0 0.9986 32062.dat
1 4 -140 -83.9349 -117.3806 0 1 0 -0.9986 0 0.0523 0.0523 0 0.9986 32062.dat
1 0 -120 -83.9349 -117.3806 0 0 1 0.0523 -0.9986 0 0.9986 0.0523 0 87408.dat
1 0 -120 -53.9769 -118.9496 1 0 0 0 -0.0523 0.9986 0 -0.9986 -0.0523 32270.dat
1 71 -120 -34.0049 -119.9956 1 0 0 0 -0.0523 0.9986 0 -0.9986 -0.0523 32073.dat
1 71 -170 -34.0049 -119.9956 0 0 -1 -0.9986 0.0523 0 0.0523 0.9986 0 59443.dat
1 19 -103 -34.0049 -119.9956 0 0 -1 -0.9986 0.0523 0 0.0523 0.9986 0 6589.dat
1 71 -70 -34.0049 -119.9956 0 0 -1 -0.9986 0.0523 0 0.0523 0.9986 0 59443.dat
1 0 -80 -171.7169 -72.7296 0 1 0 0.0523 0 0.9986 0.9986 0 -0.0523 42003.dat
1 0 -160 -171.7169 -72.7296 0 -1 0 0.0523 0 -0.9986 0.9986 0 0.0523 42003.dat
1 1 -80 -191.6889 -71.6836 0 0 -1 0.9986 -0.0523 0 -0.0523 -0.9986 0 6558.dat
1 1 -160 -191.6889 -71.6836 0 0 -1 0.9986 -0.0523 0 -0.0523 -0.9986 0 6558.dat
1 0 -220 -95.4899 -146.8156 0 -1 0 0.0523 0 -0.9986 0.9986 0 0.0523 2780.dat
1 0 -20 -95.4899 -146.8156 0 -1 0 0.0523 0 -0.9986 0.9986 0 0.0523 2780.dat
1 0 -230 -34 -120 -1 0 0 0 0.9986 -0.0523 0 -0.0523 -0.9986 3706.dat
1 15 -260 -34 -120 0 0 1 -0.0523 0.9986 0 -0.9986 -0.0523 0 56903.dat
1 4 -280 -34 -120 0 0 1 -0.9986 -0.0523 0 0.0523 -0.9986 0 3713.dat
1 0 -10 -34 -120 1 0 0 0 -0.9986 -0.0523 0 0.0523 -0.9986 3706.dat
1 4 40 -34 -120 0 0 -1 0.9986 -0.0523 0 -0.0523 -0.9986 0 3713.dat
1 15 20 -34 -120 0 0 -1 -0.0523 -0.9986 0 -0.9986 0.0523 0 56903.dat
1 15 60 -30.8598 -60.0822 1 0 0 0 0.9986 0.0523 0 -0.0523 0.9986 62531.dat
1 0 40 -65.0481 51.8605 0 0 1 -0.0523 0.9986 0 -0.9986 -0.0523 0 2780.dat
1 0 60 -25.1029 49.767 0 0 1 -0.0523 0.9986 0 -0.9986 -0.0523 0 2780.dat
1 0 40 -76.562 -167.838 0 0 1 -0.0523 0.9986 0 -0.9986 -0.0523 0 2780.dat
1 0 60 -36.6168 -169.9315 0 0 1 -0.0523 0.9986 0 -0.9986 -0.0523 0 2780.dat
1 15 40 -77.0853 -177.8243 0.6 -0.8 0 -0.7989 -0.5992 -0.0523 0.0419 0.0314 -0.9986 64683.dat
1 15 40 -64.5247 61.8468 -0.6 -0.8 0 0.7989 -0.5992 0.0523 -0.0419 0.0314 0.9986 64393.dat
1 15 -300 -30.8598 -60.0822 -1 0 0 0 0.9986 -0.0523 0 -0.0523 -0.9986 62531.dat
1 0 -280 -76.562 -167.838 0 -0.8 -0.6 0.0523 0.5992 -0.7989 0.9986 -0.0314 0.0419 2780.dat
1 0 -280 -65.0481 51.8605 0 -0.8 -0.6 0.0523 0.5992 -0.7989 0.9986 -0.0314 0.0419 2780.dat
1 0 -300 -25.1029 49.767 0 0 -1 0.0523 0.9986 0 0.9986 -0.0523 0 2780.dat
1 15 -280 -77.0853 -177.8243 0.6 0.8 0 0.7989 -0.5992 -0.0523 -0.0419 0.0314 -0.9986 64391.dat
1 15 -280 -64.5247 61.8468 -0.6 0.8 0 -0.7989 -0.5992 0.0523 0.0419 0.0314 0.9986 64681.dat
1 0 -300 -36.6168 -169.9315 0 -0.8 -0.6 0.0523 0.5992 -0.7989 0.9986 -0.0314 0.0419 2780.dat
1 15 -180 -208.5197 -10.7166 0 1 0 0.0523 0 0.9986 0.9986 0 -0.0523 15458.dat
1 0 -180 -239.5253 -29.1191 0 1 0 -0.9986 0 0.0523 0.0523 0 0.9986 2780.dat
1 0 -180 -235.3384 50.7713 0 1 0 -0.9986 0 0.0523 0.0523 0 0.9986 2780.dat
1 1 -180 -246.3715 31.322 0 1 0 -0.9986 0 0.0523 0.0523 0 0.9986 6558.dat
1 4 -180 -245.3247 51.2946 1 0 0 0 0.9986 0.0523 0 -0.0523 0.9986 32525.dat
1 0 -180 -253.2176 91.7632 0 1 0 -0.9986 0 0.0523 0.0523 0 0.9986 2780.dat
1 0 -180 -252.1709 111.7358 0 1 0 -0.9986 0 0.0523 0.0523 0 0.9986 2780.dat
1 0 -180 -263.2039 92.2865 1 0 0 0 0.0523 -0.9986 0 0.9986 0.0523 42003.dat
1 4 -170 -264.1459 74.3112 1 0 0 0 0.0523 -0.9986 0 0.9986 0.0523 32062.dat
1 0 -180 -181.701 -72.2044 0 1 0 -0.9986 0 0.0523 0.0523 0 0.9986 2780.dat
1 15 -60 -208.5197 -10.7166 0 -1 0 0.0523 0 -0.9986 0.9986 0 0.0523 15458.dat
1 0 -60 -181.6997 -72.2016 0 -1 0 0.9986 0 0.0523 -0.0523 0 0.9986 2780.dat
1 1 -60 -246.3717 31.3194 0 -1 0 -0.9986 0 -0.0523 0.0523 0 -0.9986 6558.dat
1 1 -60 -249.5097 -28.5966 0 -1 0 -0.9986 0 -0.0523 0.0523 0 -0.9986 6558.dat
1 1 -60 -247.4177 11.3474 0 -1 0 -0.9986 0 -0.0523 0.0523 0 -0.9986 6558.dat
1 0 -60 -235.3397 50.7684 0 -1 0 -0.9986 0 -0.0523 0.0523 0 -0.9986 2780.dat
1 4 -60 -245.3257 51.2914 -1 0 0 0 0.9986 -0.0523 0 -0.0523 -0.9986 32525.dat
1 0 -70 -184.3637 68.1254 1 0 0 0 -0.9986 -0.0523 0 0.0523 -0.9986 2780.dat
1 0 -70 -224.3077 70.2174 1 0 0 0 -0.9986 -0.0523 0 0.0523 -0.9986 2780.dat
1 71 -80 -268.4357 -7.5786 0 1 0 0.0523 0 0.9986 0.9986 0 -0.0523 63869.dat
1 0 -60 -252.1737 111.7304 0 -1 0 -0.9986 0 -0.0523 0.0523 0 -0.9986 2780.dat
1 0 -60 -253.2197 91.7584 0 -1 0 -0.9986 0 -0.0523 0.0523 0 -0.9986 2780.dat
1 71 -80 -205.3817 49.1994 0 0 -1 -0.9986 0.0523 0 0.0523 0.9986 0 63869.dat
1 0 -80 -205.3817 49.1994 0 0 -1 0.9986 -0.0523 0 -0.0523 -0.9986 0 18651.dat
1 0 -80 -192.4947 8.4709 -1 0 0 0 0.9986 -0.0523 0 -0.0523 -0.9986 11478.dat
1 0 -80 -182.5087 7.9479 -1 0 0 0 0.9986 -0.0523 0 -0.0523 -0.9986 11478.dat
1 71 -80 -209.5657 -30.6886 0 0 -1 -0.9986 0.0523 0 0.0523 0.9986 0 4519.dat
1 14 -80 -204.5727 -30.9501 -1 0 0 0 0.0523 0.9986 0 0.9986 -0.0523 32123.dat
1 14 -80 -214.5587 -30.4271 -1 0 0 0 0.0523 0.9986 0 0.9986 -0.0523 32123.dat
1 4 -80 -227.4457 10.3014 -1 0 0 0 -0.9986 0.0523 0 0.0523 0.9986 32316.dat
1 28 -80 -227.4457 10.3014 0 0 -1 0.9986 -0.0523 0 -0.0523 -0.9986 0 15462.dat
1 4 -80 -277.3757 12.9164 -1 0 0 0 -0.0523 -0.9986 0 -0.9986 0.0523 59443.dat
1 71 -80 -297.3477 13.9624 0 0 -1 0.9986 -0.0523 0 -0.0523 -0.9986 0 2736.dat
1 0 -60 -263.2057 92.2814 -1 0 0 0 0.0523 0.9986 0 0.9986 -0.0523 42003.dat
1 4 -70 -264.2517 72.3094 -1 0 0 0 0.0523 0.9986 0 0.9986 -0.0523 32062.dat
1 15 -120 -170.668 -52.7552 0 0 -1 0.9986 -0.0523 0 -0.0523 -0.9986 0 40490.dat
1 0 -160 -209.4618 -28.6919 0 -1 0 -0.0523 0 0.9986 -0.9986 0 -0.0523 60483.dat
1 0 -150 -189.4898 -29.7379 -1 0 0 0 0.0523 0.9986 0 0.9986 -0.0523 2780.dat
1 0 -130 -209.4618 -28.6919 -1 0 0 0 0.0523 0.9986 0 0.9986 -0.0523 3705.dat
1 4 -140 -165.3338 49.1041 0 -1 0 -0.9986 0 -0.0523 0.0523 0 -0.9986 32526.dat
1 1 -120 -168.4718 -10.8119 1 0 0 0 0.9986 0.0523 0 -0.0523 0.9986 6558.dat
1 1 -120 -166.3798 29.1321 1 0 0 0 0.9986 0.0523 0 -0.0523 0.9986 6558.dat
1 4 -120 -229.4338 -27.6459 1 0 0 0 0.0523 -0.9986 0 0.9986 0.0523 32039.dat
1 71 -120 -166.3798 29.1321 0 -1 0 0.9986 0 0.0523 -0.0523 0 0.9986 32524.dat
1 71 -120 -239.4198 -27.1229 0 -1 0 0.9986 0 0.0523 -0.0523 0 0.9986 2736.dat
1 4 -100 -165.3338 49.1041 0 -1 0 -0.9986 0 -0.0523 0.0523 0 -0.9986 32526.dat
1 0 -90 -167.4258 9.1601 -1 0 0 0 0.0523 0.9986 0 0.9986 -0.0523 2780.dat
1 0 -90 -165.3338 49.1041 -1 0 0 0 0.0523 0.9986 0 0.9986 -0.0523 2780.dat
1 0 -150 -167.4258 9.1601 -1 0 0 0 0.0523 0.9986 0 0.9986 -0.0523 2780.dat
1 0 -150 -165.3338 49.1041 -1 0 0 0 0.0523 0.9986 0 0.9986 -0.0523 2780.dat
1 71 -80 -166.3798 29.1321 0 -1 0 0.9986 0 0.0523 -0.0523 0 0.9986 32524.dat
1 71 -160 -166.3798 29.1321 0 -1 0 0.9986 0 0.0523 -0.0523 0 0.9986 32524.dat
1 71 -120 -169.5178 -30.7839 1 0 0 0 -0.9986 -0.0523 0 0.0523 -0.9986 44294.dat
1 0 -180 -168.4718 -10.8119 1 0 0 0 0.0523 -0.9986 0 0.9986 0.0523 42003.dat
1 0 -60 -168.4718 -10.8119 1 0 0 0 0.0523 -0.9986 0 0.9986 0.0523 42003.dat
1 0 -60 -178.4578 -10.2889 0 -1 0 0.9986 0 0.0523 -0.0523 0 0.9986 2780.dat
1 0 -60 -177.4118 9.6831 0 -1 0 0.9986 0 0.0523 -0.0523 0 0.9986 2780.dat
1 0 -180 -178.4578 -10.2889 0 -1 0 0.9986 0 0.0523 -0.0523 0 0.9986 2780.dat
1 0 -180 -177.4118 9.6831 0 -1 0 0.9986 0 0.0523 -0.0523 0 0.9986 2780.dat
1 0 -160 -211.5552 -68.6371 1 0 0 0 0.0523 -0.9986 0 0.9986 0.0523 42003.dat
1 1 -150 -212.6012 -88.6091 -1 0 0 0 -0.0523 -0.9986 0 -0.9986 0.0523 43093.dat
1 1 -140 -271.4712 -65.4991 0 -1 0 -0.0523 0 0.9986 -0.9986 0 -0.0523 32140.dat
1 0 -150 -231.5272 -67.5911 -1 0 0 0 0.0523 0.9986 0 0.9986 -0.0523 2780.dat
1 0 -150 -251.4992 -66.5451 -1 0 0 0 0.0523 0.9986 0 0.9986 -0.0523 2780.dat
1 1 -160 -251.4992 -66.5451 0 1 0 0.0523 0 0.9986 0.9986 0 -0.0523 32523.dat
1 71 -160 -210.5092 -48.6651 0 1 0 -0.9986 0 0.0523 0.0523 0 0.9986 32054.dat
1 4 -120 -230.4812 -47.6191 0 0 -1 -0.0523 -0.9986 0 -0.9986 0.0523 0 32316.dat
1 0 -140 -240.4672 -47.0961 0 0 -1 0.9986 -0.0523 0 -0.0523 -0.9986 0 6628.dat
1 0 -100 -240.4672 -47.0961 0 0 -1 0.9986 -0.0523 0 -0.0523 -0.9986 0 6628.dat
1 0 -80 -211.5552 -68.6371 1 0 0 0 0.0523 -0.9986 0 0.9986 0.0523 42003.dat
1 71 -80 -210.5092 -48.6651 0 1 0 -0.9986 0 0.0523 0.0523 0 0.9986 32054.dat
1 1 -90 -212.6012 -88.6091 1 0 0 0 0.0523 -0.9986 0 0.9986 0.0523 43093.dat
1 1 -100 -271.4712 -65.4991 0 -1 0 -0.0523 0 0.9986 -0.9986 0 -0.0523 32140.dat
1 0 -90 -251.4992 -66.5451 -1 0 0 0 0.0523 0.9986 0 0.9986 -0.0523 2780.dat
1 0 -90 -231.5272 -67.5911 -1 0 0 0 0.0523 0.9986 0 0.9986 -0.0523 2780.dat
1 1 -80 -251.4992 -66.5451 0 1 0 0.0523 0 0.9986 0.9986 0 -0.0523 32523.dat
1 0 -140 -159.9391 151.9639 0 0 1 0.9986 0.0523 0 -0.0523 0.9986 0 6632.dat
1 0 -100 -160.2006 146.9709 0 0 -1 -0.0523 -0.9986 0 -0.9986 0.0523 0 18651.dat
1 0 -140 -160.2006 146.9709 0 0 -1 -0.0523 -0.9986 0 -0.9986 0.0523 0 18651.dat
1 0 -140 -160.4621 141.9779 0 0 1 0.9986 0.0523 0 -0.0523 0.9986 0 6632.dat
1 15 -260 -81.3586 122.8149 0.8 0 0.6 0.59916 0.0523 -0.79888 -0.03138 0.9986 0.04184 6629.dat
1 15 20 -81.3586 122.8149 -0.8 0 -0.6 0.59916 -0.0523 -0.79888 -0.03138 -0.9986 0.04184 6629.dat
1 0 -200 -161.7696 117.0129 0 0 1 -0.0523 0.9986 0 -0.9986 -0.0523 0 2780.dat
1 0 -180 -161.7696 117.0129 0 0 1 -0.0523 0.9986 0 -0.9986 -0.0523 0 2780.dat
1 0 -60 -161.7696 117.0129 0 0 1 -0.0523 0.9986 0 -0.9986 -0.0523 0 2780.dat
1 0 -40 -161.7696 117.0129 0 0 1 -0.0523 0.9986 0 -0.9986 -0.0523 0 2780.dat
1 0 -160 -161.7696 117.0129 0 0 1 0.0523 -0.9986 0 0.9986 0.0523 0 6628.dat
1 0 -80 -161.7696 117.0129 0 0 1 0.0523 -0.9986 0 0.9986 0.0523 0 6628.dat
1 1 -260 -81.8816 112.8289 0 0.6 0.8 0.0523 -0.79888 0.59916 0.9986 0.04184 -0.03138 43093.dat
1 1 20 -81.8816 112.8289 0 0.8 0.6 0.0523 -0.59916 0.79888 0.9986 0.03138 -0.04184 43093.dat
1 15 -180 -222.2086 110.1649 -1 0 0 0 0.0523 0.9986 0 0.9986 -0.0523 32140.dat
1 15 -60 -222.2086 110.1649 1 0 0 0 -0.0523 0.9986 0 -0.9986 -0.0523 32140.dat
1 1 -180 -182.2646 108.0729 0 -1 0 -0.0523 0 0.9986 -0.9986 0 -0.0523 6558.dat
1 1 -60 -182.2646 108.0729 0 -1 0 -0.0523 0 0.9986 -0.9986 0 -0.0523 6558.dat
1 0 -120 -160.7236 136.9849 0 0 1 -0.0523 0.9986 0 -0.9986 -0.0523 0 2780.dat
1 71 -120 -200.9291 134.0839 -1 0 0 0 0.0523 0.9986 0 0.9986 -0.0523 99773.dat
1 71 -120 -201.4521 124.0979 -1 0 0 0 0.0523 0.9986 0 0.9986 -0.0523 99773.dat
1 4 -80 -200.6676 139.0769 0 1 0 0.0523 0 0.9986 0.9986 0 -0.0523 32062.dat
1 4 -160 -200.6676 139.0769 0 1 0 0.0523 0 0.9986 0.9986 0 -0.0523 32062.dat
1 71 -80 -220.1166 150.1089 0 0 1 0.0523 -0.9986 0 0.9986 0.0523 0 32184.dat
1 71 -160 -220.1166 150.1089 0 0 1 0.0523 -0.9986 0 0.9986 0.0523 0 32184.dat
1 15 -60 -201.1927 129.0916 1 0 0 0 -0.0523 0.9986 0 -0.9986 -0.0523 32523.dat
1 15 -180 -201.1927 129.0916 1 0 0 0 -0.0523 0.9986 0 -0.9986 -0.0523 32523.dat
1 1 -60 -201.1927 129.0916 0 -1 0 -0.0523 0 0.9986 -0.9986 0 -0.0523 6558.dat
1 1 -180 -201.1927 129.0916 0 -1 0 -0.0523 0 0.9986 -0.9986 0 -0.0523 6558.dat
1 15 -60 -200.146 149.0642 1 0 0 0 -0.0523 0.9986 0 -0.9986 -0.0523 32523.dat
1 15 -180 -200.146 149.0642 1 0 0 0 -0.0523 0.9986 0 -0.9986 -0.0523 32523.dat
1 71 -120 -179.1267 167.99 1 0 0 0 0.9986 0.0523 0 -0.0523 0.9986 63869.dat
1 71 -120 -179.1267 167.99 1 0 0 0 0.9986 0.0523 0 -0.0523 0.9986 32073.dat
1 4 -100 -179.1267 167.99 0 0 1 -0.0523 0.9986 0 -0.9986 -0.0523 0 3713.dat
1 4 -140 -179.1267 167.99 0 0 -1 0.0523 0.9986 0 0.9986 -0.0523 0 3713.dat
1 15 -140 -266.429 412.8947 0 1 0 0.9986 0 -0.0523 -0.0523 0 -0.9986 40490.dat
1 1 -140 -268.521 372.9507 -1 0 0 0 0.9986 -0.0523 0 -0.0523 -0.9986 6558.dat
1 71 -120 -263.291 472.8107 -1 0 0 0 0.9986 -0.0523 0 -0.0523 -0.9986 87082.dat
1 15 -120 -346.317 417.0787 0 -1 0 0.9986 0 0.0523 -0.0523 0 0.9986 18945.dat
1 19 -120 -269.567 352.9787 1 0 0 0 0.9986 0.0523 0 -0.0523 0.9986 32556.dat
1 15 -100 -266.429 412.8947 0 1 0 0.9986 0 -0.0523 -0.0523 0 -0.9986 40490.dat
1 0 -90 -270.613 333.0067 -1 0 0 0 0.9986 -0.0523 0 -0.0523 -0.9986 2780.dat
1 0 -150 -270.613 333.0067 -1 0 0 0 0.9986 -0.0523 0 -0.0523 -0.9986 2780.dat
1 71 -120 -273.277 473.3337 0 -1 0 -0.9986 0 -0.0523 0.0523 0 -0.9986 3673.dat
1 0 -120 -283.263 473.8567 0 0 1 0.0523 -0.9986 0 0.9986 0.0523 0 15100.dat
1 15 -120 -362.105 498.0127 1 0 0 0 -0.0523 0.9986 0 -0.9986 -0.0523 40490.dat
1 0 -120 -423.067 481.1787 0 0 1 0.0523 -0.9986 0 0.9986 0.0523 0 15100.dat
1 0 -120 -433.053 481.7017 0 1 0 0.9986 0 -0.0523 -0.0523 0 -0.9986 2780.dat
1 71 -120 -443.039 482.2247 -1 0 0 0 -0.0523 -0.9986 0 -0.9986 0.0523 92907.dat
1 4 -120 -424.113 461.2067 -1 0 0 0 -0.0523 -0.9986 0 -0.9986 0.0523 32062.dat
1 1 -120 -454.071 462.7757 0 0 1 -0.9986 -0.0523 0 0.0523 -0.9986 0 4274.dat
1 36 -120 -462.0598 463.1941 1 0 0 0 0.9986 0.0523 0 -0.0523 0.9986 98138.dat
1 4 -160 -273.751 273.0907 0 -1 0 0.9986 0 0.0523 -0.0523 0 0.9986 32525.dat
1 0 -150 -271.659 313.0347 -1 0 0 0 0.9986 -0.0523 0 -0.0523 -0.9986 2780.dat
1 0 -150 -272.705 293.0627 -1 0 0 0 0.9986 -0.0523 0 -0.0523 -0.9986 2780.dat
1 71 -140 -252.733 292.0167 0 0 -1 -0.0523 -0.9986 0 -0.9986 0.0523 0 63869.dat
1 4 -140 -253.256 282.0307 0 -1 0 0.0523 0 -0.9986 0.9986 0 0.0523 32062.dat
1 71 -140 -233.807 270.9987 0 0 1 0.0523 -0.9986 0 0.9986 0.0523 0 32184.dat
1 71 -140 -212.789 289.9247 0 0 1 0.0523 -0.9986 0 0.9986 0.0523 0 4519.dat
1 4 -140 -212.789 289.9247 1 0 0 0 -0.9986 -0.0523 0 0.0523 -0.9986 3713.dat
1 15 -140 -210.697 329.8687 1 0 0 0 -0.9986 -0.0523 0 0.0523 -0.9986 32034.dat
1 71 -130 -210.697 329.8687 -1 0 0 0 0.9986 -0.0523 0 -0.0523 -0.9986 3673.dat
1 0 -120 -250.641 331.9607 -1 0 0 0 -0.9986 0.0523 0 0.0523 0.9986 10197.dat
1 15 -120 -210.697 329.8687 1 0 0 0 0.0523 -0.9986 0 0.9986 0.0523 32034.dat
1 71 -120 -180.739 328.2997 0 0 -1 -0.9986 0.0523 0 0.0523 0.9986 0 2736.dat
1 0 -130 -250.641 331.9607 -1 0 0 0 0.976017 -0.21774 0 -0.21774 -0.976017 2780.dat
1 71 -140 -237.5782 390.5196 0 -1 0 -0.976017 0 -0.21774 0.21774 0 -0.976017 32524.dat
1 71 -120 -264.337 452.8387 1 0 0 0 0.995515 0.093994 0 -0.093994 0.995515 44294.dat
1 71 -165 -264.337 452.8387 0 1 0 0.995515 0 -0.093994 -0.093994 0 -0.995515 32056.dat
1 71 -155 -264.337 452.8387 0 1 0 0.995515 0 -0.093994 -0.093994 0 -0.995515 32056.dat
1 0 -170 -266.2169 432.9284 1 0 0 0 -0.093994 0.995515 0 -0.995515 -0.093994 2780.dat
1 1 -170 -268.0968 413.0181 1 0 0 0 -0.093994 0.995515 0 -0.995515 -0.093994 43093.dat
1 15 -280 -264.337 452.8387 1 0 0 0 0.995515 0.093994 0 -0.093994 0.995515 18945.dat
1 28 -122 -224.5164 449.0789 -1 0 0 0 0.995515 -0.093994 0 -0.093994 -0.995515 15462.dat
1 71 -85 -264.337 452.8387 0 -1 0 -0.093994 0 0.995515 -0.995515 0 -0.093994 32056.dat
1 71 -75 -264.337 452.8387 0 -1 0 -0.093994 0 0.995515 -0.995515 0 -0.093994 32056.dat
1 1 -70 -268.0973 413.0171 -1 0 0 0 0.093994 0.995515 0 0.995515 -0.093994 43093.dat
1 0 -70 -266.2171 432.9279 -1 0 0 0 0.093994 0.995515 0 0.995515 -0.093994 2780.dat
1 71 -120 -227.531 390.8307 0 -0.0418 -0.9991 -0.9986 0.052253 -0.002186 0.0523 0.997701 -0.041741 87082.dat
1 71 -120 -207.559 389.7847 0 -1 0 0.0523 0 -0.9986 0.9986 0 0.0523 32184.dat
1 0 -140 -208.082 379.7987 0 -1 0 0.0523 0 -0.9986 0.9986 0 0.0523 3705.dat
1 4 -140 -208.605 369.8127 0 -1 0 -0.9986 0 -0.0523 0.0523 0 -0.9986 3713.dat
1 4 -100 -207.036 399.7707 0 -1 0 0.0523 0 -0.9986 0.9986 0 0.0523 32062.dat
1 0 -120 -273.751 273.0907 1 0 0 0 0.374609 0.927133 0 -0.927133 0.374609 18651.dat
1 4 -120 -281.2436 291.6336 1 0 0 0 0.927133 -0.374609 0 0.374609 0.927133 32039.dat
1 4 -120 -284.9897 300.9049 0 0 1 0.374609 0.927133 0 -0.927133 0.374609 0 32062.dat
1 4 -120 -292.4823 319.4478 -1 0 0 0 0.927133 0.374609 0 0.374609 -0.927133 59443.dat
1 4 -120 -299.9749 337.9906 0 0 -1 -0.374609 0.927133 0 0.927133 0.374609 0 32062.dat
1 4 -120 -307.4673 356.5335 -1 0 0 0 0.927133 0.374609 0 0.374609 -0.927133 59443.dat
1 71 -120 -318.7062 384.3477 0 0 -1 -0.374609 0.927133 0 0.927133 0.374609 0 4519.dat
1 71 -120 -233.807 270.9987 1 0 0 0 -0.0523 0.9986 0 -0.9986 -0.0523 87082.dat
1 15 -100 -253.779 272.0447 0 -1 0 -0.0523 0 0.9986 -0.9986 0 -0.0523 32523.dat
1 71 -120 -215.927 230.0087 1 0 0 0 0.0523 -0.9986 0 0.9986 0.0523 6572.dat
1 4 -120 -255.871 232.1007 1 0 0 0 0.0523 -0.9986 0 0.9986 0.0523 32062.dat
1 4 -120 -275.843 233.1467 1 0 0 0 0.0523 -0.9986 0 0.9986 0.0523 32039.dat
1 71 -120 -235.899 231.0547 1 0 0 0 0.0523 -0.9986 0 0.9986 0.0523 4519.dat
1 15 -120 -235.899 231.0547 1 0 0 0 -0.9986 -0.0523 0 0.0523 -0.9986 32034.dat
1 14 -95 -235.899 231.0547 0 0 -1 -0.0523 -0.9986 0 -0.9986 0.0523 0 32123.dat
1 14 -145 -235.899 231.0547 0 0 -1 -0.0523 -0.9986 0 -0.9986 0.0523 0 32123.dat
1 19 -120 -234.33 261.0127 0 0 -1 -0.0523 -0.9986 0 -0.9986 0.0523 0 3749.dat
1 71 -120 -295.815 234.1927 0 -1 0 -0.9986 0 -0.0523 0.0523 0 -0.9986 4519.dat
1 4 -120 -315.787 235.2387 0 -1 0 -0.0523 0 0.9986 -0.9986 0 -0.0523 3713.dat
1 1 -160 -277.935 193.2027 1 0 0 0 0.9986 0.0523 0 -0.0523 0.9986 6558.dat
1 1 -160 -278.981 173.2307 1 0 0 0 0.9986 0.0523 0 -0.0523 0.9986 6558.dat
1 0 -170 -276.889 213.1747 1 0 0 0 0.9986 0.0523 0 -0.0523 0.9986 2780.dat
1 72 -120 -175.983 227.9167 1 0 0 0 0.9986 0.0523 0 -0.0523 0.9986 2739.dat
1 71 -120 -219.065 170.0927 1 0 0 0 0.9986 0.0523 0 -0.0523 0.9986 32073.dat
1 15 -180 -219.065 170.0927 0 0 -1 0.0523 0.9986 0 0.9986 -0.0523 0 32013.dat
1 15 -140 -219.065 170.0927 0 -1 0 0.0523 0 -0.9986 0.9986 0 0.0523 32140.dat
1 15 -120 -219.065 170.0927 1 0 0 0 -0.9986 -0.0523 0 0.0523 -0.9986 6536.dat
1 71 -120 -259.009 172.1847 1 0 0 0 0.9986 0.0523 0 -0.0523 0.9986 32073.dat
1 15 -120 -259.009 172.1847 1 0 0 0 -0.9986 -0.0523 0 0.0523 -0.9986 6536.dat
1 15 -100 -219.065 170.0927 0 -1 0 0.0523 0 -0.9986 0.9986 0 0.0523 32140.dat
1 15 -60 -219.065 170.0927 0 0 1 -0.0523 0.9986 0 -0.9986 -0.0523 0 32013.dat
1 72 -120 -238.6186 179.1275 0 0 1 -0.0523 0.9986 0 -0.9986 -0.0523 0 87083.dat
1 0 -120 -240.083 151.1667 -1 0 0 0 0.9986 -0.0523 0 -0.0523 -0.9986 32072.dat
1 4 -120 -237.991 191.1107 1 0 0 0 0.9986 0.0523 0 -0.0523 0.9986 3713.dat
1 28 -120 -281.073 133.2867 0 -0.7071 -0.7071 0.0523 0.70611 -0.70611 0.9986 -0.036981 0.036981 15462.dat
1 0 -120 -280.027 153.2587 -0.7071 -0.7071 0 -0.70611 0.70611 -0.0523 0.036981 -0.036981 -0.9986 32072.dat
1 4 -120 -281.073 133.2867 0.7071 -0.7071 0 0.70611 0.70611 0.0523 -0.036981 -0.036981 0.9986 3713.dat
1 15 -120 -282.119 113.3147 0 0 -1 -0.0523 -0.9986 0 -0.9986 0.0523 0 32034.dat
1 0 -120 -283.165 93.3427 -0.7071 -0.7071 0 -0.70611 0.70611 -0.0523 0.036981 -0.036981 -0.9986 32072.dat
1 4 -80 -273.751 273.0907 0 -1 0 0.9986 0 0.0523 -0.0523 0 0.9986 32525.dat
1 1 -80 -278.981 173.2307 -1 0 0 0 -0.9986 0.0523 0 0.0523 0.9986 6558.dat
1 1 -80 -277.935 193.2027 -1 0 0 0 -0.9986 0.0523 0 0.0523 0.9986 6558.dat
1 0 -70 -276.889 213.1747 1 0 0 0 0.9986 0.0523 0 -0.0523 0.9986 2780.dat
1 15 40 -264.337 452.8387 -1 0 0 0 -0.995515 0.093994 0 0.093994 0.995515 18945.dat
1 15 -180 -283.165 93.3427 0 -1 0 0.9986 0 0.0523 -0.0523 0 0.9986 41239.dat
1 0 -190 -289.441 -26.4893 1 0 0 0 0.9986 0.0523 0 -0.0523 0.9986 2780.dat
1 0 -190 -287.349 13.4547 1 0 0 0 0.9986 0.0523 0 -0.0523 0.9986 2780.dat
1 0 -170 -285.257 53.3987 1 0 0 0 0.9986 0.0523 0 -0.0523 0.9986 2780.dat
1 0 -170 -283.165 93.3427 1 0 0 0 0.9986 0.0523 0 -0.0523 0.9986 2780.dat
1 0 -170 -280.027 153.2587 1 0 0 0 0.9986 0.0523 0 -0.0523 0.9986 2780.dat
1 0 -170 -286.303 33.4267 1 0 0 0 0.9986 0.0523 0 -0.0523 0.9986 3705.dat
1 0 -160 -286.303 33.4267 0 -1 0 0.9986 0 0.0523 -0.0523 0 0.9986 60483.dat
1 15 -120 -286.303 33.4267 0 0 -1 0.9986 -0.0523 0 -0.0523 -0.9986 0 32034.dat
1 4 -160 -280.027 153.2587 0 1 0 0.9986 0 -0.0523 -0.0523 0 -0.9986 32526.dat
1 0 -170 -284.211 73.3707 1 0 0 0 0.9986 0.0523 0 -0.0523 0.9986 3705.dat
1 4 -210 -284.211 73.3707 0 0 1 -0.0523 0.9986 0 -0.9986 -0.0523 0 59443.dat
1 0 -140 -284.211 73.3707 0 0 1 -0.0523 0.9986 0 -0.9986 -0.0523 0 32072.dat
1 15 -300 -288.395 -6.5173 -1 0 0 0 0.9986 -0.0523 0 -0.0523 -0.9986 64782.dat
1 0 -410 -290.487 -46.4613 -1 0 0 0 0.9986 -0.0523 0 -0.0523 -0.9986 2780.dat
1 0 -410 -289.441 -26.4893 -1 0 0 0 0.9986 -0.0523 0 -0.0523 -0.9986 2780.dat
1 0 -410 -286.303 33.4267 -1 0 0 0 0.9986 -0.0523 0 -0.0523 -0.9986 2780.dat
1 0 -360 -285.78 43.4127 0 0 1 -0.0523 0.9986 0 -0.9986 -0.0523 0 2780.dat
1 0 -300 -285.78 43.4127 0 0 1 -0.0523 0.9986 0 -0.9986 -0.0523 0 2780.dat
1 0 -280 -285.78 43.4127 0 0 1 -0.0523 0.9986 0 -0.9986 -0.0523 0 2780.dat
1 0 -260 -285.78 43.4127 0 0 1 -0.0523 0.9986 0 -0.9986 -0.0523 0 2780.dat
1 4 -240 -285.257 53.3987 0 0 1 0.9986 0.0523 0 -0.0523 0.9986 0 32316.dat
1 0 -180 -270.515 -47.5073 0 1 0 -0.9986 0 0.0523 0.0523 0 0.9986 18651.dat
1 0 -180 -290.487 -46.4613 0 1 0 -0.9986 0 0.0523 0.0523 0 0.9986 10197.dat
1 0 -180 -292.579 -86.4053 1 0 0 0 -0.9986 -0.0523 0 0.0523 -0.9986 32192.dat
1 4 -180 -272.5049 -108.6982 0 0 1 -0.669129 -0.743091 0 0.743091 -0.669129 0 32062.dat
1 0 -180 -265.8136 -116.1293 1 0 0 0 0.743091 -0.669129 0 0.669129 0.743091 32126.dat
1 1 -160 -292.579 -86.4053 -1 0 0 0 -0.9986 0.0523 0 0.0523 0.9986 6558.dat
1 4 -160 -290.487 -46.4613 0 -1 0 0.9986 0 0.0523 -0.0523 0 0.9986 32316.dat
1 0 -150 -288.395 -6.5173 1 0 0 0 0.9986 0.0523 0 -0.0523 0.9986 2780.dat
1 15 -140 -290.487 -46.4613 0 1 0 -0.9986 0 0.0523 0.0523 0 0.9986 32524.dat
1 1 -120 -293.625 -106.3773 -1 0 0 0 -0.9986 0.0523 0 0.0523 0.9986 6558.dat
1 1 -120 -287.349 13.4547 -1 0 0 0 -0.9986 0.0523 0 0.0523 0.9986 6558.dat
1 15 -120 -290.487 -46.4613 0 1 0 -0.9986 0 0.0523 0.0523 0 0.9986 32524.dat
1 15 -100 -290.487 -46.4613 0 1 0 -0.9986 0 0.0523 0.0523 0 0.9986 32524.dat
1 1 -80 -292.579 -86.4053 1 0 0 0 0.9986 0.0523 0 -0.0523 0.9986 6558.dat
1 0 -90 -288.395 -6.5173 1 0 0 0 0.9986 0.0523 0 -0.0523 0.9986 2780.dat
1 4 -80 -290.487 -46.4613 0 -1 0 0.9986 0 0.0523 -0.0523 0 0.9986 32316.dat
1 15 -60 -283.165 93.3427 0 1 0 -0.9986 0 0.0523 0.0523 0 0.9986 41239.dat
1 0 -70 -285.257 53.3987 -1 0 0 0 -0.9986 0.0523 0 0.0523 0.9986 2780.dat
1 0 -70 -283.165 93.3427 -1 0 0 0 -0.9986 0.0523 0 0.0523 0.9986 2780.dat
1 0 -70 -280.027 153.2587 -1 0 0 0 -0.9986 0.0523 0 0.0523 0.9986 2780.dat
1 0 -70 -286.303 33.4267 -1 0 0 0 -0.9986 0.0523 0 0.0523 0.9986 3705.dat
1 0 -80 -286.303 33.4267 0 1 0 -0.9986 0 0.0523 0.0523 0 0.9986 60483.dat
1 4 -80 -280.027 153.2587 0 1 0 0.9986 0 -0.0523 -0.0523 0 -0.9986 32526.dat
1 0 -70 -284.211 73.3707 -1 0 0 0 -0.9986 0.0523 0 0.0523 0.9986 3705.dat
1 4 -30 -284.211 73.3707 0 0 -1 -0.0523 -0.9986 0 -0.9986 0.0523 0 59443.dat
1 0 -100 -284.211 73.3707 0 0 -1 -0.0523 -0.9986 0 -0.9986 0.0523 0 32072.dat
1 15 60 -288.395 -6.5173 1 0 0 0 0.9986 0.0523 0 -0.0523 0.9986 64782.dat
1 0 170 -286.303 33.4267 1 0 0 0 0.9986 0.0523 0 -0.0523 0.9986 2780.dat
1 0 170 -289.441 -26.4893 1 0 0 0 0.9986 0.0523 0 -0.0523 0.9986 2780.dat
1 0 170 -290.487 -46.4613 1 0 0 0 0.9986 0.0523 0 -0.0523 0.9986 2780.dat
1 0 120 -285.78 43.4127 0 0 -1 0.0523 0.9986 0 0.9986 -0.0523 0 2780.dat
1 0 60 -285.78 43.4127 0 0 -1 0.0523 0.9986 0 0.9986 -0.0523 0 2780.dat
1 0 40 -285.78 43.4127 0 0 -1 0.0523 0.9986 0 0.9986 -0.0523 0 2780.dat
1 0 20 -285.78 43.4127 0 0 -1 0.0523 0.9986 0 0.9986 -0.0523 0 2780.dat
1 4 0 -285.257 53.3987 0 0 -1 0.9986 -0.0523 0 -0.0523 -0.9986 0 32316.dat
1 0 -60 -270.515 -47.5073 0 -1 0 -0.9986 0 -0.0523 0.0523 0 -0.9986 18651.dat
1 0 -60 -290.487 -46.4613 0 -1 0 0.9986 0 0.0523 -0.0523 0 0.9986 10197.dat
1 0 -60 -292.579 -86.4053 1 0 0 0 -0.9986 -0.0523 0 0.0523 -0.9986 32192.dat
1 4 -60 -272.5049 -108.6982 0 0 1 -0.669129 -0.743091 0 0.743091 -0.669129 0 32062.dat
1 0 -60 -265.8136 -116.1293 1 0 0 0 0.743091 -0.669129 0 0.669129 0.743091 32126.dat
1 0 -20 -276.317 32.9037 0 -1 0 0.9986 0 0.0523 -0.0523 0 0.9986 2780.dat
1 0 -120 -276.317 32.9037 0 -1 0 0.9986 0 0.0523 -0.0523 0 0.9986 2780.dat
1 0 -220 -276.317 32.9037 0 -1 0 0.9986 0 0.0523 -0.0523 0 0.9986 2780.dat
1 4 -120 -266.331 32.3807 0 0 1 -0.0523 0.9986 0 -0.9986 -0.0523 0 32278.dat
1 1 120 -291.01 -56.4473 0 0 1 -0.0523 0.9986 0 -0.9986 -0.0523 0 4274.dat
1 47 120 -291.4284 -64.4361 -1 0 0 0 0.0523 0.9986 0 0.9986 -0.0523 6141.dat
1 1 100 -291.01 -56.4473 0 0 1 -0.0523 0.9986 0 -0.9986 -0.0523 0 4274.dat
1 47 100 -291.4284 -64.4361 -1 0 0 0 0.0523 0.9986 0 0.9986 -0.0523 6141.dat
1 1 -340 -291.01 -56.4473 0 0 1 -0.0523 0.9986 0 -0.9986 -0.0523 0 4274.dat
1 47 -340 -291.4284 -64.4361 -1 0 0 0 0.0523 0.9986 0 0.9986 -0.0523 6141.dat
1 1 -360 -291.01 -56.4473 0 0 1 -0.0523 0.9986 0 -0.9986 -0.0523 0 4274.dat
1 47 -360 -291.4284 -64.4361 -1 0 0 0 0.0523 0.9986 0 0.9986 -0.0523 6141.dat
1 28 -60 -221.1653 130.1383 0 -1 0 0.0523 0 -0.9986 0.9986 0 0.0523 15462.dat
1 28 -180 -221.1653 130.1383 0 -1 0 0.0523 0 -0.9986 0.9986 0 0.0523 15462.dat
1 15 -60 -259.017 172.1769 0 0 1 0.9986 0.0523 0 -0.0523 0.9986 0 32013.dat
1 15 -60 -179.1267 167.99 0 0 1 0.9986 0.0523 0 -0.0523 0.9986 0 32013.dat
1 15 -180 -259.017 172.1769 0 0 -1 0.9986 -0.0523 0 -0.0523 -0.9986 0 32013.dat
1 15 -180 -179.1267 167.99 0 0 -1 0.9986 -0.0523 0 -0.0523 -0.9986 0 32013.dat
1 0 -60 -249.0307 171.6535 0 0 -1 0.9986 -0.0523 0 -0.0523 -0.9986 0 2780.dat
1 0 -60 -189.113 168.5134 0 0 -1 0.9986 -0.0523 0 -0.0523 -0.9986 0 2780.dat
1 0 -180 -249.0307 171.6535 0 0 -1 0.9986 -0.0523 0 -0.0523 -0.9986 0 2780.dat
1 0 -180 -189.113 168.5134 0 0 -1 0.9986 -0.0523 0 -0.0523 -0.9986 0 2780.dat
1 0 -60 -239.0444 171.1302 -0.0872 0 -0.9962 0.0521 0.9986 -0.0046 0.9948 -0.0523 -0.0871 15100.dat
1 0 -60 -199.0992 169.0367 -0.0872 0 -0.9962 0.0521 0.9986 -0.0046 0.9948 -0.0523 -0.0871 15100.dat
1 0 -180 -239.0444 171.1302 0.0872 0 -0.9962 0.0521 0.9986 0.0046 0.9948 -0.0523 0.0871 15100.dat
1 0 -180 -199.0992 169.0367 0.0872 0 -0.9962 0.0521 0.9986 0.0046 0.9948 -0.0523 0.0871 15100.dat
1 15 -169.5413 -212.8154 289.463 -0.0872 0.9962 0 -0.0521 -0.0046 -0.9986 -0.9948 -0.0871 0.0523 18945.dat
1 15 -70.4587 -212.8154 289.463 0.0872 0.9962 0 -0.0521 0.0046 -0.9986 -0.9948 0.0871 0.0523 18945.dat
1 0 -160 -206.5112 409.7545 1 0 0 0 0.9986 0.0523 0 -0.0523 0.9986 45590.dat
1 0 -100 -206.5112 409.7545 1 0 0 0 0.9986 0.0523 0 -0.0523 0.9986 45590.dat
1 1 -160 -207.0346 399.7683 0 -1 0 0.0523 0 -0.9986 0.9986 0 0.0523 43093.dat
1 1 -80 -207.0346 399.7683 0 -1 0 0.0523 0 -0.9986 0.9986 0 0.0523 43093.dat
1 15 -520 -288.4101 -6.5297 1 0 0 0 0.9986 0.0523 0 -0.0523 0.9986 18945.dat
1 15 280 -288.4101 -6.5297 -1 0 0 0 -0.9986 0.0523 0 0.0523 0.9986 18945.dat
1 0 220 -285.7933 43.4018 0 1 0 -0.0523 0 -0.9986 -0.9986 0 0.0523 2780.dat
1 0 320 -285.7933 43.4018 0 1 0 -0.0523 0 -0.9986 -0.9986 0 0.0523 2780.dat
1 0 -460 -285.7933 43.4018 0 1 0 -0.0523 0 -0.9986 -0.9986 0 0.0523 2780.dat
1 0 -560 -285.7933 43.4018 0 1 0 -0.0523 0 -0.9986 -0.9986 0 0.0523 2780.dat
1 0 -630 -286.3166 33.4155 -1 0 0 0 0.0523 0.9986 0 0.9986 -0.0523 2780.dat
1 0 -630 -287.3634 13.4429 -1 0 0 0 0.0523 0.9986 0 0.9986 -0.0523 2780.dat
1 0 390 -286.3166 33.4155 1 0 0 0 -0.9986 -0.0523 0 0.0523 -0.9986 2780.dat
1 0 390 -287.3634 13.4429 1 0 0 0 -0.9986 -0.0523 0 0.0523 -0.9986 2780.dat
1 4 200 -285.2699 53.3881 0 0 -1 -0.9986 0.0523 0 0.0523 0.9986 0 32278.dat
1 4 -440 -285.2699 53.3881 0 0 -1 -0.9986 0.0523 0 0.0523 0.9986 0 32278.dat
1 71 0 -284.2232 73.3607 0 1 0 0.0523 0 0.9986 0.9986 0 -0.0523 87082.dat
