0 Main
0 Name: 5540 - Formula I Racer - B Model.mpd
0 Author: LTRON
1 0 0 0 0 0 0 -1 0 1 0 1 0 0 3035.dat
1 0 0 0 -110 0 0 -1 0 1 0 1 0 0 3021.dat
1 0 0 -8 60 0 0 -1 0 1 0 1 0 0 3795.dat
1 0 0 -8 -100 0 0 -1 0 1 0 1 0 0 3832.dat
1 4 10 -32 20 0 0 -1 0 1 0 1 0 0 3660.dat
1 4 -10 -32 20 0 0 1 0 1 0 -1 0 0 3660.dat
1 4 10 -32 -20 0 0 -1 0 1 0 1 0 0 3660.dat
1 4 -10 -32 -20 0 0 1 0 1 0 -1 0 0 3660.dat
1 4 -10 -32 -50 0 0 1 0 1 0 -1 0 0 3665.dat
1 4 10 -32 -50 0 0 -1 0 1 0 1 0 0 3665.dat
1 0 -10 -32 -70 0 0 1 0 1 0 -1 0 0 3665.dat
1 0 10 -32 -70 0 0 -1 0 1 0 1 0 0 3665.dat
1 0 -10 -32 -90 0 0 1 0 1 0 -1 0 0 3665.dat
1 0 10 -32 -90 0 0 -1 0 1 0 1 0 0 3665.dat
1 0 -10 -32 -130 0 0 1 0 1 0 -1 0 0 3665.dat
1 0 10 -32 -130 0 0 -1 0 1 0 1 0 0 3665.dat
1 0 -10 -32 -190 0 0 1 0 1 0 -1 0 0 3665.dat
1 0 10 -32 -190 0 0 -1 0 1 0 1 0 0 3665.dat
1 0 10 -32 -170 0 0 -1 0 1 0 1 0 0 4287.dat
1 0 -10 -32 -170 0 0 1 0 1 0 -1 0 0 4287.dat
1 0 10 -32 -150 0 0 -1 0 1 0 1 0 0 4287.dat
1 0 -10 -32 -150 0 0 1 0 1 0 -1 0 0 4287.dat
1 0 10 -32 -110 0 0 -1 0 1 0 1 0 0 4287.dat
1 0 -10 -32 -110 0 0 1 0 1 0 -1 0 0 4287.dat
1 4 -10 -32 100 0 0 1 0 1 0 -1 0 0 3009.dat
1 4 10 -32 100 0 0 1 0 1 0 -1 0 0 3009.dat
1 15 10 -56 120 0 0 1 0 1 0 -1 0 0 3008.dat
1 15 -10 -56 120 0 0 1 0 1 0 -1 0 0 3008.dat
1 4 0 -56 30 1 0 0 0 1 0 0 0 1 3010.dat
1 15 0 -56 10 1 0 0 0 1 0 0 0 1 3004.dat
1 4 0 -40 -40 0 0 -1 0 1 0 1 0 0 3020.dat
1 0 0 -40 -140 0 0 -1 0 1 0 1 0 0 3795.dat
1 4 0 -80 90 -1 0 0 0 1 0 0 0 -1 3004.dat
1 4 -10 -80 50 0 0 1 0 1 0 -1 0 0 3622.dat
1 4 10 -80 50 0 0 1 0 1 0 -1 0 0 3622.dat
1 0 0 -48 -90 1 0 0 0 1 0 0 0 1 3023.dat
1 0 0 -48 -110 1 0 0 0 1 0 0 0 1 3023.dat
1 0 0 -48 -150 1 0 0 0 1 0 0 0 1 3023.dat
1 7 0 -48 -190 1 0 0 0 1 0 0 0 1 4175.dat
1 7 -50 -40 -160 0 0 -1 0 1 0 1 0 0 3069.dat
1 7 50 -40 -160 0 0 -1 0 1 0 1 0 0 3069.dat
1 15 0 -80 10 -1 0 0 0 1 0 0 0 -1 3004.dat
1 0 0 -64 -130 -1 0 0 0 1 0 0 0 -1 3004.dat
1 4 0 -72 -150 -1 0 0 0 1 0 0 0 -1 3004.dat
1 0 -10 -56 -100 0 0 1 0 1 0 -1 0 0 3023.dat
1 0 10 -56 -100 0 0 1 0 1 0 -1 0 0 3023.dat
1 7 -30 -56 -110 0 0 1 0 1 0 -1 0 0 4070.dat
1 7 30 -56 -110 0 0 -1 0 1 0 1 0 0 4070.dat
1 7 30 -56 -140 0 0 -1 0 1 0 1 0 0 3937.dat
1 7 30 -56 -140 0 0 -1 0 1 0 1 0 0 3938.dat
1 7 -30 -56 -140 0 0 1 0 1 0 -1 0 0 3937.dat
1 7 -30 -56 -140 0 0 1 0 1 0 -1 0 0 3938.dat
1 7 30 -56 -180 0 0 -1 0 1 0 1 0 0 3937.dat
1 7 30 -56 -180 0 0 -1 0 1 0 1 0 0 3938.dat
1 7 -30 -56 -180 0 0 1 0 1 0 -1 0 0 3937.dat
1 7 -30 -56 -180 0 0 1 0 1 0 -1 0 0 3938.dat
1 4 -30 -80 30 -1 0 0 0 1 0 0 0 -1 4287.dat
1 4 30 -80 30 -1 0 0 0 1 0 0 0 -1 4287.dat
1 4 0 -80 -110 -1 0 0 0 1 0 0 0 -1 3010.dat
1 7 -10 -80 -90 -1 0 0 0 1 0 0 0 -1 4070.dat
1 7 10 -80 -90 -1 0 0 0 1 0 0 0 -1 4070.dat
1 7 -30 -80 -130 0 0 1 0 1 0 -1 0 0 4070.dat
1 7 30 -80 -130 0 0 -1 0 1 0 1 0 0 4070.dat
1 7 -30 -80 -170 0 0 1 0 1 0 -1 0 0 4070.dat
1 7 30 -80 -170 0 0 -1 0 1 0 1 0 0 4070.dat
1 0 -30 -80 -150 0 0 -1 0 1 0 1 0 0 3062.dat
1 0 30 -80 -150 0 0 -1 0 1 0 1 0 0 3062.dat
1 0 -30 -80 -190 0 0 -1 0 1 0 1 0 0 3062.dat
1 0 30 -80 -190 0 0 -1 0 1 0 1 0 0 3062.dat
1 7 0 -62 -170 -0.707107 0.707107 0 0.707107 0.707107 0 0 0 -1 3713.dat
1 0 0 -62 -200 0 0.707107 0.707107 0 0.707107 -0.707107 -1 0 0 3705.dat
1 0 0 -72 -190 1 0 0 0 1 0 0 0 1 3700.dat
1 7 0 -62 -205 -0.707107 0.707107 0 0.707107 0.707107 0 0 0 -1 4265.dat
1 4 30 -80 0 0 0 1 0 1 0 -1 0 0 4864.dat
1 4 -30 -80 0 0 0 -1 0 1 0 1 0 0 4864.dat
1 4 30 -80 -40 0 0 1 0 1 0 -1 0 0 4864.dat
1 4 -30 -80 -40 0 0 -1 0 1 0 1 0 0 4864.dat
1 4 30 -80 -80 0 0 1 0 1 0 -1 0 0 4864.dat
1 4 -30 -80 -80 0 0 -1 0 1 0 1 0 0 4864.dat
1 7 0 -80 -160 0 0 -1 0 1 0 1 0 0 3020.dat
1 15 0 -56 300 0 0 -1 0 1 0 1 0 0 3034.dat
1 15 -30 -56 320 0 0 -1 0 1 0 1 0 0 3460.dat
1 15 30 -56 320 0 0 -1 0 1 0 1 0 0 3460.dat
1 15 -30 -64 250 0 0 -1 0 1 0 1 0 0 3024.dat
1 15 30 -64 250 0 0 -1 0 1 0 1 0 0 3024.dat
1 15 0 -64 280 -1 0 0 0 1 0 0 0 -1 3020.dat
1 15 0 -64 310 -1 0 0 0 1 0 0 0 -1 3460.dat
1 15 0 -64 340 -1 0 0 0 1 0 0 0 -1 3832.dat
1 15 0 -64 380 -1 0 0 0 1 0 0 0 -1 3832.dat
1 4 0 -72 320 0 0 1 0 1 0 -1 0 0 3795.dat
1 4 0 -72 390 1 0 0 0 1 0 0 0 1 3794.dat
1 15 0 -56 210 1 0 0 0 1 0 0 0 1 3023.dat
1 15 30 -72 320 0 0 -1 0 1 0 1 0 0 4162.dat
1 15 -30 -72 320 0 0 -1 0 1 0 1 0 0 4162.dat
1 4 0 -80 180 0 0 -1 0 1 0 1 0 0 3007.dat
1 4 -10 -80 320 0 0 -1 0 1 0 1 0 0 3666.dat
1 4 10 -80 320 0 0 -1 0 1 0 1 0 0 3666.dat
1 4 0 -96 390 -1 0 0 0 1 0 0 0 -1 3665.dat
1 0 0 -88 180 0 0 1 0 1 0 -1 0 0 3020.dat
1 0 0 -88 300 0 0 1 0 1 0 -1 0 0 3034.dat
1 4 0 -96 370 1 0 0 0 1 0 0 0 1 3794.dat
1 4 0 -96 350 1 0 0 0 1 0 0 0 1 3794.dat
1 4 0 -96 330 1 0 0 0 1 0 0 0 1 3794.dat
1 4 0 -96 310 1 0 0 0 1 0 0 0 1 3794.dat
1 4 0 -96 290 1 0 0 0 1 0 0 0 1 3794.dat
1 4 0 -96 270 1 0 0 0 1 0 0 0 1 3794.dat
1 4 0 -120 410 -1 0 0 0 1 0 0 0 -1 3665.dat
1 4 0 -120 360 0 0 1 0 1 0 -1 0 0 3010.dat
1 4 0 -120 310 1 0 0 0 1 0 0 0 1 4286.dat
1 4 0 -144 330 1 0 0 0 1 0 0 0 1 3040.dat
1 4 0 -144 360 0 0 -1 0 1 0 1 0 0 3004.dat
1 4 0 -144 410 0 0 -1 0 1 0 1 0 0 3622.dat
1 15 0 -168 350 1 0 0 0 1 0 0 0 1 3040.dat
1 15 0 -168 400 0 0 -1 0 1 0 1 0 0 3010.dat
1 4 0 -192 390 1 0 0 0 1 0 0 0 1 4286.dat
1 4 0 -192 410 -1 0 0 0 1 0 0 0 -1 3040.dat
1 4 0 -200 400 0 0 1 0 1 0 -1 0 0 3069.dat
1 0 30 -112 -90 -1 0 0 0 1 0 0 0 -1 3040.dat
1 0 -30 -112 -90 -1 0 0 0 1 0 0 0 -1 3040.dat
1 0 -30 -112 -110 0 0 1 0 1 0 -1 0 0 4070.dat
1 4 -44 -102 -110 0 1 0 0 0 -1 -1 0 0 3070.dat
1 0 30 -112 -110 0 0 -1 0 1 0 1 0 0 4070.dat
1 4 44 -102 -110 0 -1 0 0 0 -1 1 0 0 3070.dat
1 7 -30 -104 -130 0 0 -1 0 1 0 1 0 0 6141.dat
1 7 30 -104 -130 0 0 -1 0 1 0 1 0 0 6141.dat
1 7 -30 -104 -150 0 0 -1 0 1 0 1 0 0 6141.dat
1 7 30 -104 -150 0 0 -1 0 1 0 1 0 0 6141.dat
1 7 -30 -104 -170 0 0 -1 0 1 0 1 0 0 6141.dat
1 7 30 -104 -170 0 0 -1 0 1 0 1 0 0 6141.dat
1 7 -30 -104 -190 0 0 -1 0 1 0 1 0 0 6141.dat
1 7 30 -104 -190 0 0 -1 0 1 0 1 0 0 6141.dat
1 7 0 -104 -160 0 0 -1 0 1 0 1 0 0 3020.dat
1 0 -20 -88 -180 0 0 -1 0 1 0 1 0 0 4032.dat
1 0 20 -88 -180 0 0 -1 0 1 0 1 0 0 4032.dat
1 0 -20 -88 -140 0 0 -1 0 1 0 1 0 0 4032.dat
1 0 20 -88 -140 0 0 -1 0 1 0 1 0 0 4032.dat
1 0 -30 -88 -100 0 0 -1 0 1 0 1 0 0 3023.dat
1 0 -10 -88 -100 0 0 -1 0 1 0 1 0 0 3023.dat
1 0 10 -88 -100 0 0 -1 0 1 0 1 0 0 3023.dat
1 0 30 -88 -100 0 0 -1 0 1 0 1 0 0 3023.dat
1 0 -30 -88 -40 0 0 -1 0 1 0 1 0 0 3710.dat
1 0 30 -88 -40 0 0 -1 0 1 0 1 0 0 3710.dat
1 0 0 -88 20 1 0 0 0 1 0 0 0 1 3020.dat
1 7 60 -46 -110 0 -1 0 1 0 0 0 0 1 4599.dat
1 7 56 -46 -90 0 0 1 1 0 0 0 1 0 4589.dat
1 7 -60 -46 -110 0 1 0 -1 0 0 0 0 1 4599.dat
1 7 -56 -46 -90 0 0 -1 -1 0 0 0 1 0 4589.dat
1 15 0 16 30 1 0 0 0 1 0 0 0 1 4477.dat
1 15 0 16 -70 1 0 0 0 1 0 0 0 1 4477.dat
1 15 60 16 -20 1 0 0 0 1 0 0 0 1 3031.dat
1 15 -40 16 -20 1 0 0 0 1 0 0 0 1 3032.dat
1 15 -140 8 -20 1 0 0 0 1 0 0 0 1 3028.dat
1 15 120 8 -20 1 0 0 0 1 0 0 0 1 3456.dat
1 4 -170 0 10 0 0 -1 0 1 0 1 0 0 3623.dat
1 4 170 0 10 0 0 -1 0 1 0 1 0 0 3623.dat
1 0 -50 -16 30 1 0 0 0 1 0 0 0 1 4070.dat
1 0 50 -16 30 1 0 0 0 1 0 0 0 1 4070.dat
1 0 0 -88 50 1 0 0 0 1 0 0 0 1 3023.dat
1 0 -30 -88 60 0 0 -1 0 1 0 1 0 0 3023.dat
1 0 30 -88 60 0 0 -1 0 1 0 1 0 0 3023.dat
1 7 -20 -96 -180 0 0 -1 0 1 0 1 0 0 4032.dat
1 7 20 -96 -180 0 0 -1 0 1 0 1 0 0 4032.dat
1 7 -20 -96 -140 0 0 -1 0 1 0 1 0 0 4032.dat
1 7 20 -96 -140 0 0 -1 0 1 0 1 0 0 4032.dat
1 0 10 -112 -110 -1 0 0 0 1 0 0 0 -1 4070.dat
1 0 -10 -112 -110 -1 0 0 0 1 0 0 0 -1 4070.dat
1 15 0 -102 -96 -1 0 0 0 0 -1 0 -1 0 3069.dat
1 15 0 -112 30 -1 0 0 0 1 0 0 0 -1 4861.dat
1 0 -10 -112 10 0 0 1 0 1 0 -1 0 0 3040.dat
1 0 10 -112 10 0 0 -1 0 1 0 1 0 0 3040.dat
1 0 -10 -120 -140 0 0 -1 0 1 0 1 0 0 3023.dat
1 0 10 -120 -140 0 0 -1 0 1 0 1 0 0 3023.dat
1 7 30 -112 -160 0 0 -1 0 1 0 1 0 0 3743.dat
1 7 -30 -112 -160 0 0 -1 0 1 0 1 0 0 3743.dat
1 0 30 -120 -100 0 0 -1 0 1 0 1 0 0 3023.dat
1 0 -30 -120 -100 0 0 -1 0 1 0 1 0 0 3023.dat
1 0 10 -120 -110 0 0 -1 0 1 0 1 0 0 3024.dat
1 0 -10 -120 -110 0 0 -1 0 1 0 1 0 0 3024.dat
1 47 20 -128 -110 -1 0 0 0 1 0 0 0 -1 3023.dat
1 47 -20 -128 -110 1 0 0 0 1 0 0 0 1 3023.dat
1 47 30 -128 -90 0 0 -1 0 1 0 1 0 0 3024.dat
1 47 -30 -128 -90 0 0 -1 0 1 0 1 0 0 3024.dat
1 0 0 -88 100 0 0 -1 0 1 0 1 0 0 3020.dat
1 7 0 -112 -150 0 0 -1 0 1 0 1 0 0 3021.dat
1 7 0 -112 -190 1 0 0 0 1 0 0 0 1 4175.dat
1 0 0 -120 20 0 0 -1 0 1 0 1 0 0 3068.dat
1 0 0 -128 -140 0 0 -1 0 1 0 1 0 0 3068.dat
1 0 0 -120 -180 0 0 -1 0 1 0 1 0 0 3068.dat
1 47 0 -136 -110 -1 0 0 0 1 0 0 0 -1 3023.dat
1 15 30 -152 -90 0 0 -1 0 1 0 1 0 0 4070.dat
1 15 -30 -152 -90 0 0 1 0 1 0 -1 0 0 4070.dat
1 7 0.07 -61.93 -240 0.707 0 0.707 0.707 0 -0.707 0 1 0 4032.dat
1 15 0.07 -61.93 -248 0.707 0 0.707 0.707 0 -0.707 0 1 0 3022.dat
1 15 -7 -54.86 -256 0.707 0 0.707 0.707 0 -0.707 0 1 0 4477.dat
1 15 7.14 -69 -256 0.707 0 0.707 0.707 0 -0.707 0 1 0 4477.dat
1 7 0.07 -61.93 -264 0.707 0 0.707 0.707 0 -0.707 0 1 0 4032.dat
1 0 -49.42 -97.28 -264 0.707 0 0.707 0.707 0 -0.707 0 1 0 3710.dat
1 0 49.56 -26.58 -264 0.707 0 0.707 0.707 0 -0.707 0 1 0 3710.dat
1 0 60 -70 -170 0 -1 0 -1 0 0 0 0 -1 4070.dat
1 0 50 -70 -140 0 0 1 -1 0 0 0 -1 0 3062.dat
1 0 60 -70 -130 0 -1 0 -1 0 0 0 0 -1 4070.dat
1 0 50 -6 6 1 0 0 0 0 -1 0 1 0 752.dat
1 0 50 -70 -106 0 0 -1 1 0 0 0 -1 0 752.dat
1 0 50.184 -6 10.243 -1 -0.0004 0 0 -0.1377 0.9905 0.0004 -0.9905 -0.1377 755.dat
1 0 50.1813 -6.9559 3.3651 -1 -0.0008 -0.0001 0.0001 -0.2788 0.9604 0.0008 -0.9604 -0.2788 756.dat
1 0 50.1793 -7.6567 0.9511 -1 -0.0009 -0.0002 0.0001 -0.3309 0.9437 0.001 -0.9437 -0.3309 756.dat
1 0 50.1769 -8.49 -1.4256 -1 -0.0011 -0.0002 0.0002 -0.3731 0.9278 0.0011 -0.9278 -0.3731 756.dat
1 0 50.1742 -9.4287 -3.7594 -1 -0.0012 -0.0003 0.0002 -0.4078 0.9131 0.0012 -0.9131 -0.4078 756.dat
1 0 50.1713 -10.4505 -6.0474 -1 -0.0012 -0.0003 0.0002 -0.4367 0.8996 0.0013 -0.8996 -0.4367 756.dat
1 0 50.1682 -11.553 -8.3187 -1 -0.0013 -0.0004 0.0003 -0.4609 0.8875 0.0013 -0.8875 -0.4609 756.dat
1 0 50.1649 -12.7076 -10.542 -1 -0.0014 -0.0004 0.0003 -0.4814 0.8765 0.0014 -0.8765 -0.4814 756.dat
1 0 50.1614 -13.9189 -12.7477 -1 -0.0014 -0.0004 0.0003 -0.4989 0.8666 0.0015 -0.8666 -0.4989 756.dat
1 0 50.1578 -15.1787 -14.9359 -1 -0.0015 -0.0005 0.0003 -0.514 0.8578 0.0015 -0.8578 -0.514 756.dat
1 0 50.1542 -16.4712 -17.093 -1 -0.0015 -0.0005 0.0004 -0.527 0.8499 0.0015 -0.8499 -0.527 756.dat
1 0 50.1504 -17.7992 -19.2345 -1 -0.0015 -0.0005 0.0004 -0.5382 0.8428 0.0016 -0.8428 -0.5382 756.dat
1 0 50.1465 -19.1489 -21.3479 -1 -0.0016 -0.0006 0.0004 -0.548 0.8365 0.0016 -0.8365 -0.548 756.dat
1 0 50.1426 -20.5253 -23.4488 -1 -0.0016 -0.0006 0.0004 -0.5565 0.8308 0.0016 -0.8308 -0.5565 756.dat
1 0 50.1386 -21.9251 -25.5387 -1 -0.0016 -0.0006 0.0004 -0.5639 0.8259 0.0017 -0.8258 -0.5639 756.dat
1 0 50.1346 -23.3458 -27.6194 -1 -0.0016 -0.0006 0.0004 -0.5703 0.8214 0.0017 -0.8214 -0.5703 756.dat
1 0 50.1305 -24.7852 -29.6925 -1 -0.0016 -0.0006 0.0004 -0.5759 0.8175 0.0017 -0.8175 -0.5759 756.dat
1 0 50.1264 -26.232 -31.7465 -1 -0.0017 -0.0006 0.0004 -0.5806 0.8142 0.0017 -0.8142 -0.5806 756.dat
1 0 50.1222 -27.6941 -33.7969 -1 -0.0017 -0.0007 0.0004 -0.5846 0.8113 0.0017 -0.8113 -0.5846 756.dat
1 0 50.118 -29.1609 -35.8324 -1 -0.0017 -0.0007 0.0004 -0.588 0.8089 0.0018 -0.8089 -0.588 756.dat
1 0 50.1138 -30.6406 -37.8681 -1 -0.0017 -0.0007 0.0004 -0.5907 0.8069 0.0018 -0.8069 -0.5907 756.dat
1 0 50.1096 -32.1327 -39.906 -1 -0.0017 -0.0007 0.0004 -0.5929 0.8053 0.0018 -0.8053 -0.5929 756.dat
1 0 50.1053 -33.6172 -41.9223 -1 -0.0017 -0.0007 0.0004 -0.5944 0.8041 0.0018 -0.8041 -0.5944 756.dat
1 0 50.1011 -35.1127 -43.9449 -1 -0.0017 -0.0007 0.0004 -0.5955 0.8033 0.0018 -0.8033 -0.5955 756.dat
1 0 50.0968 -36.6187 -45.9759 -1 -0.0017 -0.0007 0.0004 -0.5961 0.8029 0.0018 -0.8029 -0.5961 756.dat
1 0 50.0925 -38.1155 -47.9916 -1 -0.0017 -0.0007 0.0004 -0.5961 0.8029 0.0018 -0.8029 -0.5961 756.dat
1 0 50.0882 -39.6125 -50.0071 -1 -0.0017 -0.0007 0.0004 -0.5956 0.8033 0.0018 -0.8033 -0.5956 756.dat
1 0 50.084 -41.109 -52.0244 -1 -0.0017 -0.0007 0.0004 -0.5946 0.804 0.0018 -0.804 -0.5946 756.dat
1 0 50.0797 -42.6142 -54.0586 -1 -0.0017 -0.0007 0.0004 -0.5931 0.8051 0.0018 -0.8051 -0.5931 756.dat
1 0 50.0755 -44.0991 -56.073 -1 -0.0017 -0.0007 0.0004 -0.5911 0.8066 0.0018 -0.8066 -0.5911 756.dat
1 0 50.0712 -45.5915 -58.1084 -1 -0.0017 -0.0007 0.0004 -0.5885 0.8085 0.0018 -0.8085 -0.5885 756.dat
1 0 50.067 -47.0719 -60.1412 -1 -0.0017 -0.0007 0.0004 -0.5852 0.8109 0.0018 -0.8109 -0.5852 756.dat
1 0 50.0628 -48.5489 -62.1864 -1 -0.0017 -0.0007 0.0004 -0.5814 0.8136 0.0018 -0.8136 -0.5814 756.dat
1 0 50.0586 -50.012 -64.2328 -1 -0.0016 -0.0007 0.0003 -0.5768 0.8169 0.0018 -0.8169 -0.5768 756.dat
1 0 50.0545 -51.4601 -66.2823 -1 -0.0016 -0.0007 0.0003 -0.5714 0.8206 0.0018 -0.8206 -0.5714 756.dat
1 0 50.0504 -52.9011 -68.3504 -1 -0.0016 -0.0007 0.0003 -0.5652 0.8249 0.0017 -0.8249 -0.5652 756.dat
1 0 50.0463 -54.324 -70.4255 -1 -0.0016 -0.0007 0.0003 -0.5581 0.8298 0.0017 -0.8298 -0.5581 756.dat
1 0 50.0423 -55.7265 -72.5093 -1 -0.0016 -0.0007 0.0003 -0.5499 0.8352 0.0017 -0.8352 -0.5499 756.dat
1 0 50.0384 -57.1063 -74.6036 -1 -0.0015 -0.0007 0.0002 -0.5404 0.8414 0.0017 -0.8414 -0.5404 756.dat
1 0 50.0345 -58.4693 -76.724 -1 -0.0015 -0.0007 0.0002 -0.5295 0.8483 0.0016 -0.8483 -0.5295 756.dat
1 0 50.0307 -59.8025 -78.8583 -1 -0.0015 -0.0007 0.0002 -0.517 0.856 0.0016 -0.856 -0.517 756.dat
1 0 50.027 -61.1016 -81.0075 -1 -0.0014 -0.0007 0.0001 -0.5024 0.8646 0.0016 -0.8646 -0.5024 756.dat
1 0 50.0234 -62.3695 -83.1876 -1 -0.0014 -0.0006 0.0001 -0.4855 0.8742 0.0015 -0.8742 -0.4855 756.dat
1 0 50.0199 -63.5908 -85.3849 -1 -0.0013 -0.0006 0.0001 -0.4658 0.8849 0.0015 -0.8849 -0.4658 756.dat
1 0 50.0166 -64.7656 -87.6149 -1 -0.0013 -0.0006 0 -0.4425 0.8968 0.0014 -0.8968 -0.4425 756.dat
1 0 50.0134 -65.8756 -89.8623 -1 -0.0012 -0.0006 0 -0.4149 0.9099 0.0013 -0.9099 -0.4149 756.dat
1 0 50.0104 -66.9231 -92.1577 -1 -0.0011 -0.0005 -0.0001 -0.3816 0.9243 0.0012 -0.9243 -0.3816 756.dat
1 0 50.0077 -67.8843 -94.4839 -1 -0.001 -0.0005 -0.0001 -0.3414 0.9399 0.0011 -0.9399 -0.3414 756.dat
1 0 50.0053 -68.7402 -96.838 -1 -0.0008 -0.0004 -0.0002 -0.2919 0.9564 0.0009 -0.9564 -0.2919 756.dat
1 0 50.0032 -69.4765 -99.2469 -1 -0.0007 -0.0004 -0.0002 -0.2303 0.9731 0.0007 -0.9731 -0.2303 756.dat
1 0 50.0015 -70.0586 -101.703 -1 -0.0004 -0.0004 -0.0003 -0.1532 0.9882 0.0005 -0.9882 -0.1532 756.dat
1 0 50.0004 -70.4432 -104.179 -1 -0.0002 -0.0003 -0.0003 -0.0561 0.9984 0.0002 -0.9984 -0.0561 756.dat
1 0 50 -70.586 -106.704 -1 0 -0.0003 -0.0003 -0.0003 1 0 1 0.0003 755.dat
1 0 -60 -70 -170 0 1 0 1 0 0 0 0 -1 4070.dat
1 0 -50 -70 -140 0 0 -1 1 0 0 0 -1 0 3062.dat
1 0 -60 -70 -130 0 1 0 1 0 0 0 0 -1 4070.dat
1 0 -50 -7 6 1 0 0 0 0 -1 0 1 0 752.dat
1 0 -50 -71 -106 0 0 -1 1 0 0 0 -1 0 752.dat
1 0 -49.816 -7 10.243 -1 -0.0004 0 0 -0.1377 0.9905 0.0004 -0.9905 -0.1377 755.dat
1 0 -49.8187 -7.9559 3.3651 -1 -0.0008 -0.0001 0.0001 -0.2788 0.9604 0.0008 -0.9604 -0.2788 756.dat
1 0 -49.8207 -8.6567 0.9511 -1 -0.0009 -0.0002 0.0001 -0.3309 0.9437 0.001 -0.9437 -0.3309 756.dat
1 0 -49.8231 -9.49 -1.4256 -1 -0.0011 -0.0002 0.0002 -0.3731 0.9278 0.0011 -0.9278 -0.3731 756.dat
1 0 -49.8258 -10.4287 -3.7594 -1 -0.0012 -0.0003 0.0002 -0.4078 0.9131 0.0012 -0.9131 -0.4078 756.dat
1 0 -49.8287 -11.4505 -6.0474 -1 -0.0012 -0.0003 0.0002 -0.4367 0.8996 0.0013 -0.8996 -0.4367 756.dat
1 0 -49.8318 -12.553 -8.3187 -1 -0.0013 -0.0004 0.0003 -0.4609 0.8875 0.0013 -0.8875 -0.4609 756.dat
1 0 -49.8351 -13.7076 -10.542 -1 -0.0014 -0.0004 0.0003 -0.4814 0.8765 0.0014 -0.8765 -0.4814 756.dat
1 0 -49.8386 -14.9189 -12.7477 -1 -0.0014 -0.0004 0.0003 -0.4989 0.8666 0.0015 -0.8666 -0.4989 756.dat
1 0 -49.8422 -16.1787 -14.9359 -1 -0.0015 -0.0005 0.0003 -0.514 0.8578 0.0015 -0.8578 -0.514 756.dat
1 0 -49.8458 -17.4712 -17.093 -1 -0.0015 -0.0005 0.0004 -0.527 0.8499 0.0015 -0.8499 -0.527 756.dat
1 0 -49.8496 -18.7992 -19.2345 -1 -0.0015 -0.0005 0.0004 -0.5382 0.8428 0.0016 -0.8428 -0.5382 756.dat
1 0 -49.8535 -20.1489 -21.3479 -1 -0.0016 -0.0006 0.0004 -0.548 0.8365 0.0016 -0.8365 -0.548 756.dat
1 0 -49.8574 -21.5253 -23.4488 -1 -0.0016 -0.0006 0.0004 -0.5565 0.8308 0.0016 -0.8308 -0.5565 756.dat
1 0 -49.8614 -22.9251 -25.5387 -1 -0.0016 -0.0006 0.0004 -0.5639 0.8259 0.0017 -0.8258 -0.5639 756.dat
1 0 -49.8654 -24.3458 -27.6194 -1 -0.0016 -0.0006 0.0004 -0.5703 0.8214 0.0017 -0.8214 -0.5703 756.dat
1 0 -49.8695 -25.7852 -29.6925 -1 -0.0016 -0.0006 0.0004 -0.5759 0.8175 0.0017 -0.8175 -0.5759 756.dat
1 0 -49.8736 -27.232 -31.7465 -1 -0.0017 -0.0006 0.0004 -0.5806 0.8142 0.0017 -0.8142 -0.5806 756.dat
1 0 -49.8778 -28.6941 -33.7969 -1 -0.0017 -0.0007 0.0004 -0.5846 0.8113 0.0017 -0.8113 -0.5846 756.dat
1 0 -49.882 -30.1609 -35.8324 -1 -0.0017 -0.0007 0.0004 -0.588 0.8089 0.0018 -0.8089 -0.588 756.dat
1 0 -49.8862 -31.6406 -37.8681 -1 -0.0017 -0.0007 0.0004 -0.5907 0.8069 0.0018 -0.8069 -0.5907 756.dat
1 0 -49.8904 -33.1327 -39.906 -1 -0.0017 -0.0007 0.0004 -0.5929 0.8053 0.0018 -0.8053 -0.5929 756.dat
1 0 -49.8947 -34.6172 -41.9223 -1 -0.0017 -0.0007 0.0004 -0.5944 0.8041 0.0018 -0.8041 -0.5944 756.dat
1 0 -49.8989 -36.1127 -43.9449 -1 -0.0017 -0.0007 0.0004 -0.5955 0.8033 0.0018 -0.8033 -0.5955 756.dat
1 0 -49.9032 -37.6187 -45.9759 -1 -0.0017 -0.0007 0.0004 -0.5961 0.8029 0.0018 -0.8029 -0.5961 756.dat
1 0 -49.9075 -39.1155 -47.9916 -1 -0.0017 -0.0007 0.0004 -0.5961 0.8029 0.0018 -0.8029 -0.5961 756.dat
1 0 -49.9118 -40.6125 -50.0071 -1 -0.0017 -0.0007 0.0004 -0.5956 0.8033 0.0018 -0.8033 -0.5956 756.dat
1 0 -49.916 -42.109 -52.0244 -1 -0.0017 -0.0007 0.0004 -0.5946 0.804 0.0018 -0.804 -0.5946 756.dat
1 0 -49.9203 -43.6142 -54.0586 -1 -0.0017 -0.0007 0.0004 -0.5931 0.8051 0.0018 -0.8051 -0.5931 756.dat
1 0 -49.9245 -45.0991 -56.073 -1 -0.0017 -0.0007 0.0004 -0.5911 0.8066 0.0018 -0.8066 -0.5911 756.dat
1 0 -49.9288 -46.5915 -58.1084 -1 -0.0017 -0.0007 0.0004 -0.5885 0.8085 0.0018 -0.8085 -0.5885 756.dat
1 0 -49.933 -48.0719 -60.1412 -1 -0.0017 -0.0007 0.0004 -0.5852 0.8109 0.0018 -0.8109 -0.5852 756.dat
1 0 -49.9372 -49.5489 -62.1864 -1 -0.0017 -0.0007 0.0004 -0.5814 0.8136 0.0018 -0.8136 -0.5814 756.dat
1 0 -49.9414 -51.012 -64.2328 -1 -0.0016 -0.0007 0.0003 -0.5768 0.8169 0.0018 -0.8169 -0.5768 756.dat
1 0 -49.9455 -52.4601 -66.2823 -1 -0.0016 -0.0007 0.0003 -0.5714 0.8206 0.0018 -0.8206 -0.5714 756.dat
1 0 -49.9496 -53.9011 -68.3504 -1 -0.0016 -0.0007 0.0003 -0.5652 0.8249 0.0017 -0.8249 -0.5652 756.dat
1 0 -49.9537 -55.324 -70.4255 -1 -0.0016 -0.0007 0.0003 -0.5581 0.8298 0.0017 -0.8298 -0.5581 756.dat
1 0 -49.9577 -56.7265 -72.5093 -1 -0.0016 -0.0007 0.0003 -0.5499 0.8352 0.0017 -0.8352 -0.5499 756.dat
1 0 -49.9616 -58.1063 -74.6036 -1 -0.0015 -0.0007 0.0002 -0.5404 0.8414 0.0017 -0.8414 -0.5404 756.dat
1 0 -49.9655 -59.4693 -76.724 -1 -0.0015 -0.0007 0.0002 -0.5295 0.8483 0.0016 -0.8483 -0.5295 756.dat
1 0 -49.9693 -60.8025 -78.8583 -1 -0.0015 -0.0007 0.0002 -0.517 0.856 0.0016 -0.856 -0.517 756.dat
1 0 -49.973 -62.1016 -81.0075 -1 -0.0014 -0.0007 0.0001 -0.5024 0.8646 0.0016 -0.8646 -0.5024 756.dat
1 0 -49.9766 -63.3695 -83.1876 -1 -0.0014 -0.0006 0.0001 -0.4855 0.8742 0.0015 -0.8742 -0.4855 756.dat
1 0 -49.9801 -64.5908 -85.3849 -1 -0.0013 -0.0006 0.0001 -0.4658 0.8849 0.0015 -0.8849 -0.4658 756.dat
1 0 -49.9834 -65.7656 -87.6149 -1 -0.0013 -0.0006 0 -0.4425 0.8968 0.0014 -0.8968 -0.4425 756.dat
1 0 -49.9866 -66.8756 -89.8623 -1 -0.0012 -0.0006 0 -0.4149 0.9099 0.0013 -0.9099 -0.4149 756.dat
1 0 -49.9896 -67.9231 -92.1577 -1 -0.0011 -0.0005 -0.0001 -0.3816 0.9243 0.0012 -0.9243 -0.3816 756.dat
1 0 -49.9923 -68.8843 -94.4839 -1 -0.001 -0.0005 -0.0001 -0.3414 0.9399 0.0011 -0.9399 -0.3414 756.dat
1 0 -49.9947 -69.7402 -96.838 -1 -0.0008 -0.0004 -0.0002 -0.2919 0.9564 0.0009 -0.9564 -0.2919 756.dat
1 0 -49.9968 -70.4765 -99.2469 -1 -0.0007 -0.0004 -0.0002 -0.2303 0.9731 0.0007 -0.9731 -0.2303 756.dat
1 0 -49.9985 -71.0586 -101.703 -1 -0.0004 -0.0004 -0.0003 -0.1532 0.9882 0.0005 -0.9882 -0.1532 756.dat
1 0 -49.9996 -71.4432 -104.179 -1 -0.0002 -0.0003 -0.0003 -0.0561 0.9984 0.0002 -0.9984 -0.0561 756.dat
1 0 -50 -71.586 -106.704 -1 0 -0.0003 -0.0003 -0.0003 1 0 1 0.0003 755.dat
1 4 0 -176 -60 1 0 0 0 1 0 0 0 1 3032.dat
1 4 -180 -176 -40 1 0 0 0 1 0 0 0 1 3028.dat
1 4 180 -176 -40 1 0 0 0 1 0 0 0 1 3028.dat
1 15 -60 -184 -60 0 0 -1 0 1 0 1 0 0 3020.dat
1 15 60 -184 -60 0 0 -1 0 1 0 1 0 0 3020.dat
1 15 -70 -168 -40 -1 0 0 0 1 0 0 0 -1 3021.dat
1 15 70 -168 -40 -1 0 0 0 1 0 0 0 -1 3021.dat
1 15 0 -168 -80 -1 0 0 0 1 0 0 0 -1 3832.dat
1 15 -30 -160 -90 -1 0 0 0 1 0 0 0 -1 3024.dat
1 15 30 -160 -90 -1 0 0 0 1 0 0 0 -1 3024.dat
1 0 -170 -168 -40 0 0 1 0 1 0 -1 0 0 3023.dat
1 0 -170 -160 -40 0 0 1 0 1 0 -1 0 0 4275.dat
1 0 -170 -38.5 -25 0 0 1 0.92388 -0.382683 0 0.382683 0.92388 0 4275.dat
1 0 -170 -126.9 -61.733 0 0 -1 -0.92388 -0.382683 0 -0.382683 0.92388 0 4276.dat
1 0 -170 -82.702 -43.118 0 0 -1 -0.92388 -0.382683 0 -0.382683 0.92388 0 3623.dat
1 0 -170 -86.885 -53.818 0 0 -1 -0.92388 -0.382683 0 -0.382683 0.92388 0 3460.dat
1 0 -170 -15.926 20.272 0 0 1 -0.008727 0.999962 0 -0.999962 -0.008727 0 4531.dat
1 0 170 -160 -40 0 0 1 0 1 0 -1 0 0 4275.dat
1 0 170 -38.5 -25 0 0 1 0.92388 -0.382683 0 0.382683 0.92388 0 4275.dat
1 0 170 -126.9 -61.733 0 0 -1 -0.92388 -0.382683 0 -0.382683 0.92388 0 4276.dat
1 0 170 -82.702 -43.118 0 0 -1 -0.92388 -0.382683 0 -0.382683 0.92388 0 3623.dat
1 0 170 -86.885 -53.818 0 0 -1 -0.92388 -0.382683 0 -0.382683 0.92388 0 3460.dat
1 0 170 -15.926 20.272 0 0 1 -0.008727 0.999962 0 -0.999962 -0.008727 0 4531.dat
1 0 170 -168 -40 0 0 1 0 1 0 -1 0 0 3023.dat
1 0 90 56 -20 0 0 -1 0 1 0 1 0 0 3700.dat
1 0 90 48 -20 0 0 -1 0 1 0 1 0 0 3023.dat
1 0 90 24 -10 -1 0 0 0 1 0 0 0 -1 4287.dat
1 0 90 24 -30 1 0 0 0 1 0 0 0 1 4287.dat
1 7 100 66 -20 1 0 0 0 1 0 0 0 1 3749.dat
1 7 105 66 -20 0 0 1 0 1 0 -1 0 0 4265.dat
1 0 -90 56 -20 0 0 1 0 1 0 -1 0 0 3700.dat
1 0 -90 48 -20 0 0 1 0 1 0 -1 0 0 3023.dat
1 0 -90 24 -30 1 0 0 0 1 0 0 0 1 4287.dat
1 0 -90 24 -10 -1 0 0 0 1 0 0 0 -1 4287.dat
1 7 -100 66 -20 -1 0 0 0 1 0 0 0 -1 3749.dat
1 7 -105 66 -20 0 0 -1 0 1 0 1 0 0 4265.dat
1 15 10 -48 230 0 0 1 0 1 0 -1 0 0 3623.dat
1 15 -10 -48 230 0 0 1 0 1 0 -1 0 0 3623.dat
1 0 0 -48 370 1 0 0 0 1 0 0 0 1 3938.dat
1 4 0 -32 180 1 0 0 0 1 0 0 0 1 3022.dat
1 0 -115 66 -20 0 0 -1 0 1 0 1 0 0 2815.dat
1 0 115 66 -20 0 0 -1 0 1 0 1 0 0 2815.dat
