0 
0 Name: New Model.ldr
0 Author: 
1 15 153.0105 -8 -0.3437 -0.866025 0 -0.5 0 1 0 0.5 0 -0.866025 6075.dat
1 16 125.7022 -55 -45.061 0.866013 -0.499978 0 0 0 -1 0.499978 0.866013 0 476.dat
1 16 118.7012 -54 -32.9372 0.866013 -0.499978 0 0 0 -1 0.499978 0.866013 0 4095.dat
1 47 125.7014 -54 -45.0605 -0.866013 0 0.499978 0 1 0 -0.499978 0 -0.866013 u66.dat
