0 Main
0 Name: 42094-1 - Tracked Loader.mpd
0 Author: LTRON
1 0 0 -145 0 1 0 0 0 -1 0 0 0 -1 63869.dat
1 71 0 -145 0 1 0 0 0 -1 0 0 0 -1 4519.dat
1 71 -20 -145 0 0 1 0 -1 0 0 0 0 1 74695.dat
1 71 20 -145 0 0 1 0 -1 0 0 0 0 1 74695.dat
1 0 0 -145 20 -1 0 0 0 0 1 0 1 0 87082.dat
1 0 -20 -165 10 0 1 0 0 0 1 1 0 0 2780.dat
1 0 20 -165 10 0 1 0 0 0 1 1 0 0 2780.dat
1 71 0 -165 80 -1 0 0 0 -1 0 0 0 1 64179.dat
1 1 -40 -165 20 0 -1 0 1 0 0 0 0 1 6558.dat
1 71 0 -125 -200 1 0 0 0 -0.538 -0.842 0 0.842 -0.538 92693.dat
1 25 0 -150.265 -216.157 1 0 0 0 -0.538 -0.842 0 0.842 -0.538 92695.dat
1 72 0 -272.15 -294.1 1 0 0 0 -0.538 -0.842 0 0.842 -0.538 92696.dat
1 1 40 -165 20 0 -1 0 1 0 0 0 0 1 6558.dat
1 71 -40 -185 20 1 0 0 0 -1 0 0 0 -1 22961.dat
1 71 40 -185 20 -1 0 0 0 -1 0 0 0 1 22961.dat
1 72 0 -185 20 0 0 1 0 -1 0 1 0 0 32034.dat
1 0 0 -165 30 1 0 0 0 0 1 0 -1 0 18171.dat
1 70 0 -165 2 0 -1 0 0 0 -1 1 0 0 15462.dat
1 19 0 -165 43 0 -1 0 1 0 0 0 0 1 6589.dat
1 0 0 -165 -20 0 -1 0 1 0 0 0 0 1 32270.dat
1 19 0 -175 60 0 -1 0 1 0 0 0 0 1 99008.dat
1 19 0 -148 60 0 -1 0 0 0 -1 1 0 0 6589.dat
1 14 0 -215 60 0 -1 0 0 0 -1 1 0 0 59443.dat
1 1 40 -145 60 0 -1 0 1 0 0 0 0 1 6558.dat
1 72 40 -145 -60 -1 0 0 0 -1 0 0 0 1 41239.dat
1 72 -40 -145 -60 -1 0 0 0 -1 0 0 0 1 41239.dat
1 1 -40 -145 60 0 -1 0 1 0 0 0 0 1 6558.dat
1 71 0 -125 80 -1 0 0 0 -1 0 0 0 1 64179.dat
1 0 50 -125 80 1 0 0 0 1 0 0 0 1 2780.dat
1 0 -50 -125 80 1 0 0 0 1 0 0 0 1 2780.dat
1 72 0 -125 70 0 0 -1 0 1 0 1 0 0 55013.dat
1 4 0 -125 40 -1 0 0 0 1 0 0 0 -1 3713.dat
1 4 0 -125 70 0 0 -1 0 1 0 1 0 0 62462.dat
1 19 0 -125 93 0 -1 0 1 0 0 0 0 1 6589.dat
1 1 -40 -145 -160 0 1 0 -1 0 0 0 0 1 6558.dat
1 1 40 -145 -160 0 1 0 -1 0 0 0 0 1 6558.dat
1 1 40 -145 -40 0 1 0 -1 0 0 0 0 1 6558.dat
1 1 -40 -145 -40 0 1 0 -1 0 0 0 0 1 6558.dat
1 71 0 -165 -100 1 0 0 0 1 0 0 0 1 64178.dat
1 0 -20 -165 -60 0 0 -1 0 1 0 1 0 0 32054.dat
1 0 20 -165 -60 0 0 -1 0 1 0 1 0 0 32054.dat
1 71 0 -185 -100 0 0 -1 0 1 0 1 0 0 18939.dat
1 0 0 -185 -100 -1 0 0 0 1 0 0 0 -1 18938.dat
1 0 -20 -165 -160 0 0 -1 0 1 0 1 0 0 32054.dat
1 0 20 -165 -160 0 0 -1 0 1 0 1 0 0 32054.dat
1 71 0 -125 -100 1 0 0 0 1 0 0 0 1 64178.dat
1 0 50 -125 -180 1 0 0 0 1 0 0 0 1 2780.dat
1 0 -50 -125 -180 1 0 0 0 1 0 0 0 1 2780.dat
1 71 0 -125 -100 0 0 1 0 -1 0 1 0 0 60485.dat
1 14 0 -125 -10 0 -1 0 -1 0 0 0 0 -1 59443.dat
1 19 0 -125 -173 0 -1 0 -1 0 0 0 0 -1 6589.dat
1 14 0 -125 -200 1 0 0 0 -0.796 -0.605 0 0.605 -0.796 44294.dat
1 19 0 -147.739 -214.541 0 -1 0 0.538 0 0.842 -0.842 0 0.538 6589.dat
1 4 -10 -125 -200 0 0 1 0.605 -0.796 0 0.796 0.605 0 3713.dat
1 71 20 -125 -200 0 0 1 0 -1 0 1 0 0 87407.dat
1 71 40 -165 120 1 0 0 0 1 0 0 0 1 4519.dat
1 71 -40 -165 120 1 0 0 0 1 0 0 0 1 4519.dat
1 72 0 -165 120 0 0 1 1 0 0 0 1 0 32034.dat
1 71 0 -165 120 0 -1 0 1 0 0 0 0 1 4519.dat
1 14 0 -195 120 0 -1 0 0 0 -1 1 0 0 59443.dat
1 19 0 -145 120 0 -1 0 0 0 -1 1 0 0 18575.dat
1 1 60 -165 40 -1 0 0 0 -1 0 0 0 1 6558.dat
1 1 60 -165 -180 -1 0 0 0 -1 0 0 0 1 6558.dat
1 0 50 -165 -20 1 0 0 0 1 0 0 0 1 2780.dat
1 72 60 -165 -80 0 1 0 -1 0 0 0 0 1 41239.dat
1 1 -60 -165 40 1 0 0 0 1 0 0 0 1 6558.dat
1 1 -60 -165 -180 1 0 0 0 1 0 0 0 1 6558.dat
1 0 -50 -165 -20 -1 0 0 0 -1 0 0 0 1 2780.dat
1 72 -60 -165 -80 0 -1 0 1 0 0 0 0 1 41239.dat
1 4 0 -235 60 0 1 0 -1 0 0 0 0 1 32062.dat
1 71 0 -225 120 0 1 0 -1 0 0 0 0 1 4519.dat
1 14 0 -255 120 0 -1 0 0 0 -1 1 0 0 59443.dat
1 14 0 -255 60 0 -1 0 0 0 -1 1 0 0 59443.dat
1 19 0 -295 120 0 -1 0 1 0 0 0 0 1 99008.dat
1 19 0 -295 60 0 -1 0 1 0 0 0 0 1 99008.dat
1 14 0 -300 60 -1 0 0 0 0 1 0 1 0 32123.dat
1 14 0 -300 120 -1 0 0 0 0 1 0 1 0 32123.dat
1 0 0 -315 120 -1 0 0 0 0 1 0 1 0 32270.dat
1 0 0 -315 60 -1 0 0 0 0 1 0 1 0 32270.dat
1 72 20 -145 300 -1 0 0 0 0 1 0 1 0 42003.dat
1 72 0 -145 280 1 0 0 0 -1 0 0 0 -1 27940.dat
1 72 -20 -145 300 -1 0 0 0 0 1 0 1 0 42003.dat
1 19 20 -165 320 0 -1 0 -1 0 0 0 0 -1 32556.dat
1 19 -20 -165 320 0 -1 0 -1 0 0 0 0 -1 32556.dat
1 0 20 -165 320 0 0 1 0 1 0 -1 0 0 18654.dat
1 0 -20 -165 320 0 0 1 0 1 0 -1 0 0 18654.dat
1 0 -20 -165 300 0 0 -1 -1 0 0 0 1 0 18651.dat
1 0 20 -165 300 0 0 -1 -1 0 0 0 1 0 18651.dat
1 14 0 -165 300 0 1 0 -1 0 0 0 0 1 32184.dat
1 72 20 -185 300 -1 0 0 0 0 1 0 1 0 42003.dat
1 72 0 -185 280 1 0 0 0 -1 0 0 0 -1 27940.dat
1 72 -20 -185 300 -1 0 0 0 0 1 0 1 0 42003.dat
1 0 0 -135 280 0 0 -1 1 0 0 0 -1 0 2780.dat
1 72 0 -125 260 -1 0 0 0 0 1 0 1 0 42003.dat
1 71 0 -125 240 -1 0 0 0 0 1 0 1 0 60485.dat
1 72 -15 -125 220 0 1 0 -1 0 0 0 0 1 41677.dat
1 72 15 -125 220 0 1 0 -1 0 0 0 0 1 41677.dat
1 28 8 -125 220 -1 0 0 0 0 -1 0 -1 0 6587.dat
1 4 0 -125 220 0 0 -1 0 1 0 1 0 0 3713.dat
1 0 25 -165 240 0 1 0 1 0 0 0 0 -1 99773.dat
1 70 0 -165 240 1 0 0 0 0.174 0.985 0 -0.985 0.174 15462.dat
1 4 38 -165 240 0 0 1 0.985 -0.174 0 0.174 0.985 0 3713.dat
1 72 0 -165 240 1 0 0 0 0.573 -0.819 0 0.819 0.573 32012.dat
1 72 0 -130 321 0 0 -1 0 1 0 1 0 0 30395.dat
1 71 0 -205 240 -1 0 0 0 0 1 0 1 0 60485.dat
1 14 15 -205 240 0 0 1 -1 0 0 0 -1 0 32123.dat
1 72 0 -205 260 -1 0 0 0 0 1 0 1 0 42003.dat
1 14 -15 -205 240 0 0 1 -1 0 0 0 -1 0 32123.dat
1 0 0 -205 280 0 0 -1 1 0 0 0 -1 0 32054.dat
1 0 -25 -165 240 0 1 0 1 0 0 0 0 -1 99773.dat
1 71 -40 -165 240 0 0 -1 0.985 0.174 0 0.174 -0.985 0 94925.dat
1 71 0 -165 200 1 0 0 0 1 0 0 0 1 32073.dat
1 71 -40 -165 200 0 0 -1 1 0 0 0 -1 0 94925.dat
1 4 0 -165 200 1 0 0 0 1 0 0 0 1 62462.dat
1 0 40 -165 200 0 0 1 0 1 0 -1 0 0 32270.dat
1 72 40 -225 240 -1 0 0 0 -1 0 0 0 1 42003.dat
1 0 40 -125 240 0 1 0 1 0 0 0 0 -1 18654.dat
1 0 60 -285 240 0 1 0 0 0 -1 -1 0 0 32009.dat
1 72 -40 -225 240 -1 0 0 0 -1 0 0 0 1 42003.dat
1 14 75 -125 210 0 1 0 1 0 0 0 0 -1 32449.dat
1 1 70 -125 180 1 0 0 0 -1 0 0 0 -1 43093.dat
1 0 70 -125 200 1 0 0 0 -1 0 0 0 -1 2780.dat
1 14 85 -125 210 0 1 0 1 0 0 0 0 -1 32449.dat
1 71 60 -165 200 0 -1 0 0 0 -1 1 0 0 14720.dat
1 0 60 -165 210 0 0 -1 0 -1 0 -1 0 0 2780.dat
1 14 80 -165 220 0 -1 0 -1 0 0 0 0 -1 6536.dat
1 4 80 -155 220 0 -1 0 -1 0 0 0 0 -1 32062.dat
1 14 80 -145 220 0 0 -1 -1 0 0 0 1 0 6536.dat
1 70 40 -205 200 1 0 0 0 0 -1 0 1 0 24316.dat
1 15 0 -205 200 0 0 1 1 0 0 0 1 0 18948.dat
1 72 0 -205 200 0 0 1 1 0 0 0 1 0 18947.dat
1 0 70 -205 220 1 0 0 0 0 -1 0 1 0 2780.dat
1 0 70 -205 180 1 0 0 0 0 -1 0 1 0 2780.dat
1 1 0 -215 260 0 0 -1 -1 0 0 0 1 0 43093.dat
1 0 0 -245 260 0 1 0 0 0 -1 -1 0 0 32013.dat
1 1 40 -245 230 0 0 -1 0 -1 0 -1 0 0 43093.dat
1 1 -40 -245 230 0 0 -1 0 -1 0 -1 0 0 43093.dat
1 0 0 -245 225 1 0 0 0 0 -1 0 1 0 99773.dat
1 0 0 -245 215 1 0 0 0 0 -1 0 1 0 99773.dat
1 1 20 -245 200 0 -1 0 0 0 -1 1 0 0 6558.dat
1 1 -20 -245 200 0 -1 0 0 0 -1 1 0 0 6558.dat
1 0 20 -245 200 0 0 -1 1 0 0 0 -1 0 18654.dat
1 0 -20 -245 200 0 0 -1 1 0 0 0 -1 0 18654.dat
1 0 0 -265 180 -1 0 0 0 1 0 0 0 -1 63869.dat
1 70 0 -245 220 0 0 -1 0 1 0 1 0 0 15462.dat
1 4 0 -245 240 1 0 0 0 0 1 0 -1 0 41669.dat
1 4 0 -265 200 0 1 0 0 0 -1 -1 0 0 6641.dat
1 4 40 -285 200 -1 0 0 0 0 1 0 1 0 11214.dat
1 14 40 -285 120 0 1 0 1 0 0 0 0 -1 40490.dat
1 1 40 -285 180 1 0 0 0 -1 0 0 0 -1 6558.dat
1 71 20 -265 180 0 1 0 0 0 -1 -1 0 0 74695.dat
1 72 0 -285 200 0 0 1 0 1 0 -1 0 0 32034.dat
1 0 0 -285 200 0 0 1 0 -1 0 1 0 0 32054.dat
1 4 -40 -285 200 1 0 0 0 -1 0 0 0 -1 11214.dat
1 0 0 -265 180 1 0 0 0 -1 0 0 0 -1 18651.dat
1 0 -20 -275 180 0 -1 0 0 0 -1 1 0 0 43857.dat
1 1 30 -285 120 -1 0 0 0 0 -1 0 -1 0 43093.dat
1 72 0 -285 120 0 0 1 1 0 0 0 1 0 32034.dat
1 1 -30 -285 120 1 0 0 0 -1 0 0 0 -1 43093.dat
1 1 -40 -285 180 -1 0 0 0 -1 0 0 0 1 6558.dat
1 4 -40 -285 60 1 0 0 0 0 1 0 -1 0 11214.dat
1 72 0 -285 60 0 0 1 1 0 0 0 1 0 32034.dat
1 4 40 -285 60 -1 0 0 0 -1 0 0 0 1 11214.dat
1 1 30 -285 40 -1 0 0 0 0 1 0 1 0 43093.dat
1 71 0 -285 40 0 0 1 0 -1 0 1 0 0 26287.dat
1 1 -30 -285 40 1 0 0 0 -1 0 0 0 -1 43093.dat
1 0 -60 -285 240 0 1 0 0 0 -1 -1 0 0 32009.dat
1 14 -40 -285 120 0 1 0 1 0 0 0 0 -1 40490.dat
1 0 -40 -125 240 0 1 0 1 0 0 0 0 -1 18654.dat
1 0 -70 -205 200 -1 0 0 0 -1 0 0 0 1 3706.dat
1 4 -40 -205 200 0 0 1 -0.174 -0.985 0 0.985 -0.174 0 18946.dat
1 14 -75 -125 210 0 -1 0 -1 0 0 0 0 -1 32449.dat
1 1 -70 -125 180 -1 0 0 0 -1 0 0 0 1 43093.dat
1 0 -70 -125 200 1 0 0 0 -1 0 0 0 -1 2780.dat
1 14 -85 -125 210 0 -1 0 -1 0 0 0 0 -1 32449.dat
1 71 -60 -165 200 0 1 0 0 0 -1 -1 0 0 14720.dat
1 0 -60 -165 210 0 0 1 0 -1 0 1 0 0 2780.dat
1 14 -80 -165 220 0 1 0 1 0 0 0 0 -1 6536.dat
1 4 -80 -155 220 0 1 0 1 0 0 0 0 -1 32062.dat
1 14 -80 -145 220 0 0 1 1 0 0 0 1 0 6536.dat
1 0 -70 -205 220 1 0 0 0 0 -1 0 1 0 2780.dat
1 0 -70 -205 180 1 0 0 0 0 -1 0 1 0 2780.dat
1 70 -78 -125 220 1 0 0 0 0 -1 0 1 0 15462.dat
1 71 -40 -125 200 1 0 0 0 -1 0 0 0 -1 32039.dat
1 0 -100 -125 220 1 0 0 0 0 -1 0 1 0 6553.dat
1 4 -100 -125 260 1 0 0 0 1 0 0 0 1 3713.dat
1 72 -80 -165 60 -1 0 0 0 -1 0 0 0 1 64683.dat
1 0 -80 -165 40 0 -1 0 0 0 -1 1 0 0 15100.dat
1 0 -80 -175 120 0 0 1 1 0 0 0 1 0 2780.dat
1 0 -80 -175 100 0 0 1 1 0 0 0 1 0 2780.dat
1 14 -80 -185 120 1 0 0 0 -1 0 0 0 -1 40490.dat
1 0 -80 -205 200 0 1 0 1 0 0 0 0 -1 87082.dat
1 71 -80 -205 160 1 0 0 0 0 -1 0 1 0 48989.dat
1 0 -80 -205 40 0 1 0 1 0 0 0 0 -1 87082.dat
1 14 -80 -225 240 1 0 0 0 -1 0 0 0 -1 32140.dat
1 0 -80 -205 220 0 1 0 1 0 0 0 0 -1 87082.dat
1 14 -80 -225 160 1 0 0 0 -1 0 0 0 -1 32271.dat
1 14 -140 -185 240 0 0 1 0 1 0 -1 0 0 32140.dat
1 0 -100 -195 240 0 0 1 1 0 0 0 1 0 2780.dat
1 4 -140 -175 240 0 0 1 1 0 0 0 1 0 32062.dat
1 14 -100 -205 240 0 0 -1 1 0 0 0 -1 0 32013.dat
1 0 -80 -245 40 1 0 0 0 1 0 0 0 1 64393.dat
1 0 -80 -235 120 0 0 1 1 0 0 0 1 0 2780.dat
1 0 -80 -235 80 0 0 1 1 0 0 0 1 0 2780.dat
1 4 -100 -205 200 0 0 1 -1 0 0 0 -1 0 3713.dat
1 0 -120 -205 200 0 0 1 1 0 0 0 1 0 32270.dat
1 0 -100 -145 240 -1 0 0 0 0 -1 0 -1 0 18651.dat
1 0 -100 -145 240 -1 0 0 0 -1 0 0 0 1 63869.dat
1 14 -140 -145 240 -1 0 0 0 0 -1 0 -1 0 25214.dat
1 71 -80 -165 250 0 0 -1 0 1 0 1 0 0 4274.dat
1 71 -100 -165 250 0 0 -1 0 1 0 1 0 0 4274.dat
1 71 -120 -165 250 0 0 -1 0 1 0 1 0 0 4274.dat
1 47 -80 -165 258 0 0 1 -1 0 0 0 -1 0 98138.dat
1 36 -100 -165 258 0 0 1 -1 0 0 0 -1 0 98138.dat
1 57 -120 -165 258 0 0 1 -1 0 0 0 -1 0 98138.dat
1 72 80 -165 60 -1 0 0 0 -1 0 0 0 1 64391.dat
1 0 80 -165 40 0 1 0 0 0 1 1 0 0 15100.dat
1 0 80 -175 120 0 0 -1 -1 0 0 0 1 0 2780.dat
1 0 80 -175 100 0 0 -1 -1 0 0 0 1 0 2780.dat
1 14 80 -185 120 1 0 0 0 -1 0 0 0 -1 40490.dat
1 71 80 -205 160 1 0 0 0 0 -1 0 1 0 48989.dat
1 0 80 -205 40 0 -1 0 -1 0 0 0 0 -1 87082.dat
1 1 80 -205 200 0 -1 0 -1 0 0 0 0 -1 6558.dat
1 0 80 -205 200 -1 0 0 0 1 0 0 0 -1 18654.dat
1 14 80 -225 240 -1 0 0 0 1 0 0 0 -1 32140.dat
1 0 80 -205 220 0 -1 0 -1 0 0 0 0 -1 87082.dat
1 14 80 -225 160 -1 0 0 0 1 0 0 0 -1 32271.dat
1 14 140 -185 240 0 0 -1 0 -1 0 -1 0 0 32140.dat
1 0 100 -195 240 0 0 -1 -1 0 0 0 1 0 2780.dat
1 4 140 -175 240 0 0 -1 -1 0 0 0 1 0 32062.dat
1 14 100 -205 240 0 0 1 -1 0 0 0 -1 0 32013.dat
1 0 80 -245 40 1 0 0 0 1 0 0 0 1 64681.dat
1 0 80 -235 120 0 0 -1 -1 0 0 0 1 0 2780.dat
1 0 80 -235 80 0 0 -1 -1 0 0 0 1 0 2780.dat
1 14 140 -145 240 0 0 -1 1 0 0 0 -1 0 25214.dat
1 0 100 -145 240 1 0 0 0 0 1 0 -1 0 18651.dat
1 0 100 -145 240 -1 0 0 0 -1 0 0 0 1 63869.dat
1 71 80 -165 250 0 0 -1 0 1 0 1 0 0 4274.dat
1 71 100 -165 250 0 0 -1 0 1 0 1 0 0 4274.dat
1 71 120 -165 250 0 0 -1 0 1 0 1 0 0 4274.dat
1 47 80 -165 258 0 0 -1 1 0 0 0 -1 0 98138.dat
1 36 100 -165 258 0 0 -1 1 0 0 0 -1 0 98138.dat
1 57 120 -165 258 0 0 -1 1 0 0 0 -1 0 98138.dat
1 1 -80 -245 30 0 0 1 0 1 0 -1 0 0 43093.dat
1 14 -80 -245 0 0 1 0 -1 0 0 0 0 1 25214.dat
1 72 -80 -205 0 0 -1 0 -1 0 0 0 0 -1 27940.dat
1 0 -80 -165 0 1 0 0 0 0 1 0 -1 0 32013.dat
1 0 -70 -165 0 1 0 0 0 0 1 0 -1 0 2780.dat
1 1 80 -245 30 0 0 1 0 1 0 -1 0 0 43093.dat
1 14 80 -245 0 0 -1 0 0 0 1 -1 0 0 25214.dat
1 72 80 -205 0 0 1 0 1 0 0 0 0 -1 27940.dat
1 0 80 -165 0 1 0 0 0 0 1 0 -1 0 32013.dat
1 0 70 -165 0 1 0 0 0 0 1 0 -1 0 2780.dat
1 0 50 -205 -80 1 0 0 0 0 -1 0 1 0 2780.dat
1 0 50 -205 -120 1 0 0 0 0 -1 0 1 0 2780.dat
1 0 -50 -205 -80 1 0 0 0 0 -1 0 1 0 2780.dat
1 0 -50 -205 -120 1 0 0 0 0 -1 0 1 0 2780.dat
1 0 -40 -305 0 0 -1 0 -0.6 0 0.8 -0.8 0 -0.6 6629.dat
1 0 -40 -305 0 1 0 0 0 -0.6 0.8 0 -0.8 -0.6 18651.dat
1 0 -50 -273 -24 1 0 0 0 -0.6 0.8 0 -0.8 -0.6 2780.dat
1 0 -60 -401 -28 0 -1 0 0.28 0 0.96 -0.96 0 0.28 6629.dat
1 0 -50 -225 -80 1 0 0 0 -0.6 0.8 0 -0.8 -0.6 2780.dat
1 0 -60 -215 -80 0 -1 0 0 0 1 -1 0 0 43857.dat
1 14 0 -225 -120 1 0 0 0 0 1 0 -1 0 44294.dat
1 71 -60 -225 -120 0 -1 0 0 0 1 -1 0 0 74695.dat
1 0 -20 -225 -120 1 0 0 0 0 1 0 -1 0 6553.dat
1 72 0 -305 0 0 0 -1 -0.6 -0.8 0 -0.8 0.6 0 32034.dat
1 0 0 -311 -8 0 -0.6 0.8 0.6 -0.64 -0.48 0.8 0.48 0.36 2780.dat
1 0 0 -317 -16 0 0 1 0.8 0.6 0 -0.6 0.8 0 18654.dat
1 0 -50 -362.6 -16.8 1 0 0 0 -0.6 0.8 0 -0.8 -0.6 2780.dat
1 71 -40 -362.6 -16.8 0 -1 0 -0.96 0 0.28 -0.28 0 -0.96 22961.dat
1 0 -40 -401 -28 -1 0 0 0 -0.994 0.109 0 0.109 0.994 32015.dat
1 71 -40 -401 -28 -1 0 0 0 -0.96 -0.28 0 -0.28 0.96 4519.dat
1 71 0 -401 -28 0 0 -1 -0.28 0.96 0 0.96 0.28 0 26287.dat
1 71 40 -401 -28 -1 0 0 0 -0.96 -0.28 0 -0.28 0.96 4519.dat
1 72 -20 -262.937 -107.319 0 -1 0 0.999 0 0.032 -0.032 0 0.999 32140.dat
1 1 0 -261.017 -47.379 1 0 0 0 0.999 0.032 0 -0.032 0.999 6558.dat
1 0 -30 -241.037 -48.019 1 0 0 0 0.999 0.032 0 -0.032 0.999 2780.dat
1 72 0 -300.977 -46.099 0 -1 0 -0.032 0 0.999 -0.999 0 -0.032 32316.dat
1 1 0 -320.957 -45.459 1 0 0 0 0.999 0.032 0 -0.032 0.999 6558.dat
1 1 0 -340.937 -44.819 1 0 0 0 0.999 0.032 0 -0.032 0.999 6558.dat
1 72 20 -280.997 -46.739 0 -1 0 0.032 0 -0.999 0.999 0 0.032 11946.dat
1 72 -20 -280.997 -46.739 0 1 0 -0.032 0 -0.999 -0.999 0 0.032 11947.dat
1 1 0 -261.657 -67.359 1 0 0 0 0.999 0.032 0 -0.032 0.999 6558.dat
1 1 0 -262.297 -87.339 1 0 0 0 0.999 0.032 0 -0.032 0.999 6558.dat
1 0 0 -261.977 -77.349 0 1 0 0.999 0 -0.032 -0.032 0 -0.999 43857.dat
1 71 0 -262.937 -107.319 1 0 0 0 -0.032 0.999 0 -0.999 -0.032 4519.dat
1 0 0 -256.649 -151.596 0 -1 0 0.948 0 0.317 -0.317 0 0.948 60484.dat
1 72 20 -262.937 -107.319 0 -1 0 0.999 0 0.032 -0.032 0 0.999 32140.dat
1 0 30 -241 -48 -1 0 0 0 -1 0 0 0 1 2780.dat
1 0 20 -225 -120 1 0 0 0 0 1 0 -1 0 6553.dat
1 0 40 -305 0 0 -1 0 -0.6 0 0.8 -0.8 0 -0.6 6629.dat
1 0 50 -225 -80 1 0 0 0 -0.6 0.8 0 -0.8 -0.6 2780.dat
1 0 50 -273 -24 1 0 0 0 -0.6 0.8 0 -0.8 -0.6 2780.dat
1 0 40 -305 0 -1 0 0 0 -0.8 0.6 0 0.6 0.8 18651.dat
1 0 60 -401 -28 0 -1 0 0.28 0 0.96 -0.96 0 0.28 6629.dat
1 0 50 -362.6 -16.8 1 0 0 0 -0.6 0.8 0 -0.8 -0.6 2780.dat
1 71 40 -362.6 -16.8 0 -1 0 -0.96 0 0.28 -0.28 0 -0.96 22961.dat
1 0 40 -401 -28 -1 0 0 0 -0.994 0.109 0 0.109 0.994 32015.dat
1 0 0 -260 -180 0 0 -1 0 1 0 1 0 0 32065.dat
1 0 -60 -265 -180 0 0 -1 1 0 0 0 -1 0 18651.dat
1 0 -20 -265 -180 0 0 -1 1 0 0 0 -1 0 18651.dat
1 0 -20 -270 -180 0 0 -1 0 -1 0 -1 0 0 6632.dat
1 0 -60 -225 -180 0 -1 0 1 0 0 0 0 1 25214.dat
1 0 -20 -225 -180 0 -1 0 1 0 0 0 0 1 25214.dat
1 0 20 -265 -180 0 0 -1 1 0 0 0 -1 0 18651.dat
1 0 60 -265 -180 0 0 -1 1 0 0 0 -1 0 18651.dat
1 0 60 -270 -180 0 0 -1 0 -1 0 -1 0 0 6632.dat
1 0 20 -225 -180 0 -1 0 1 0 0 0 0 1 25214.dat
1 0 60 -225 -180 0 -1 0 1 0 0 0 0 1 25214.dat
1 71 -50 -225 -150 1 0 0 0 -1 0 0 0 -1 2853.dat
1 71 50 -225 -150 -1 0 0 0 1 0 0 0 -1 2853.dat
1 0 0 -225 -145 0 0 -1 1 0 0 0 -1 0 32065.dat
1 16 60 -279.0025 -180 -1 0 0 0 1 0 0 0 -1 77.dat
1 16 60 -280.0076 -180 -1 0 0 0 1 0 0 0 -1 77.dat
1 16 60 -281.0127 -180 -1 0 0 0 1 0 0 0 -1 77.dat
1 16 60 -282.0178 -180 -1 0 0 0 1 0 0 0 -1 77.dat
1 16 60 -283.0228 -180 -1 0 0 0 1 0 0 0 -1 77.dat
1 16 60 -284.0279 -180 -1 0 0 0 1 0 0 0 -1 77.dat
1 16 60 -285.033 -180 -1 0 0 0 1 0 0 0 -1 77.dat
1 16 60 -286.0381 -180 -1 0 0 0 1 0 0 0 -1 77.dat
1 16 60 -286.9975 -180 -1 0 0 0 1 0 0 0 -1 77.dat
1 16 60 -286.0025 -180 -1 0 0 0 -1 0 0 0 -1 77.dat
1 16 60 -287.0533 -180 -1 0 0 0 1 0 0 0 -1 77.dat
1 16 60 -288.0583 -180 -1 0 0 0 1 0 0 0 -1 77.dat
1 16 60 -289.0634 -180 -1 0 0 0 1 0 0 0 -1 77.dat
1 16 60 -290.0685 -180 -1 0 0 0 1 0 0 0 -1 77.dat
1 16 60 -291.0736 -180 -1 0 0 0 1 0 0 0 -1 77.dat
1 16 60 -292.0786 -180 -1 0 0 0 1 0 0 0 -1 77.dat
1 16 60 -293.0837 -180 -1 0 0 0 1 0 0 0 -1 77.dat
1 16 60 -294.0888 -180 -1 0 0 0 1 0 0 0 -1 77.dat
1 16 60 -295.0939 -180 -1 0 0 0 1 0 0 0 -1 77.dat
1 16 60 -296.0989 -179.9996 -1 0 0 0 1 -0.000379 0 -0.000379 -1 77.dat
1 16 60 -297.104 -179.9952 -1 0 0 0 0.99999 -0.004383 0 -0.004383 -0.99999 77.dat
1 16 60 -298.109 -179.9855 -1 0 0 0 0.999953 -0.009708 0 -0.009708 -0.999953 77.dat
1 16 60 -299.114 -179.9709 -1 0 0 0 0.999894 -0.014569 0 -0.014569 -0.999894 77.dat
1 16 60 -300.1189 -179.9521 -1 0 0 0 0.999826 -0.018655 0 -0.018655 -0.999826 77.dat
1 16 60 -301.1236 -179.9252 -1 0 0 0 0.99964 -0.026845 0 -0.026845 -0.99964 77.dat
1 16 60 -302.1282 -179.8929 -1 0 0 0 0.999486 -0.032071 0 -0.032071 -0.999486 77.dat
1 16 60 -303.1325 -179.8556 -1 0 0 0 0.99931 -0.037149 0 -0.037149 -0.99931 77.dat
1 16 60 -304.1366 -179.8114 -1 0 0 0 0.999032 -0.043995 0 -0.043995 -0.999032 77.dat
1 16 60 -305.1406 -179.7638 -1 0 0 0 0.998878 -0.047368 0 -0.047368 -0.998878 77.dat
1 16 60 -306.1442 -179.7094 -1 0 0 0 0.998534 -0.054133 0 -0.054133 -0.998534 77.dat
1 16 60 -307.1475 -179.6494 -1 0 0 0 0.998214 -0.059732 0 -0.059732 -0.998214 77.dat
1 16 60 -308.1503 -179.5824 -1 0 0 0 0.997777 -0.066645 0 -0.066645 -0.997777 77.dat
1 16 60 -309.1529 -179.512 -1 0 0 0 0.997544 -0.070041 0 -0.070041 -0.997544 77.dat
1 16 60 -310.1549 -179.4338 -1 0 0 0 0.996966 -0.077832 0 -0.077832 -0.996966 77.dat
1 16 60 -311.1565 -179.3506 -1 0 0 0 0.996563 -0.082833 0 -0.082833 -0.996563 77.dat
1 16 60 -312.1577 -179.2619 -1 0 0 0 0.996093 -0.088312 0 -0.088312 -0.996093 77.dat
1 16 60 -313.1582 -179.1664 -1 0 0 0 0.995474 -0.095031 0 -0.095031 -0.995474 77.dat
1 16 60 -314.1584 -179.0674 -1 0 0 0 0.995139 -0.098483 0 -0.098483 -0.995139 77.dat
1 16 60 -315.1578 -178.9607 -1 0 0 0 0.994348 -0.106173 0 -0.106173 -0.994348 77.dat
1 16 60 -316.1566 -178.8491 -1 0 0 0 0.993821 -0.110992 0 -0.110992 -0.993821 77.dat
1 16 60 -317.1548 -178.7319 -1 0 0 0 0.99317 -0.116675 0 -0.116675 -0.99317 77.dat
1 16 60 -318.1523 -178.608 -1 0 0 0 0.992375 -0.123258 0 -0.123258 -0.992375 77.dat
1 16 60 -319.1492 -178.4807 -1 0 0 0 0.991936 -0.126738 0 -0.126738 -0.991936 77.dat
1 16 60 -320.1452 -178.3456 -1 0 0 0 0.990931 -0.13437 0 -0.13437 -0.990931 77.dat
1 16 60 -321.1403 -178.2048 -1 0 0 0 0.990128 -0.140167 0 -0.140167 -0.990128 77.dat
1 16 60 -322.1349 -178.0595 -1 0 0 0 0.989493 -0.144578 0 -0.144578 -0.989493 77.dat
1 16 60 -323.1285 -177.9084 -1 0 0 0 0.98864 -0.1503 0 -0.1503 -0.98864 77.dat
1 16 60 -324.1212 -177.7509 -1 0 0 0 0.987649 -0.156683 0 -0.156683 -0.987649 77.dat
1 16 60 -325.1133 -177.59 -1 0 0 0 0.987088 -0.160176 0 -0.160176 -0.987088 77.dat
1 16 60 -326.1041 -177.4216 -1 0 0 0 0.985856 -0.167594 0 -0.167594 -0.985856 77.dat
1 16 60 -327.094 -177.2475 -1 0 0 0 0.984887 -0.1732 0 -0.1732 -0.984887 77.dat
1 16 60 -328.0832 -177.0693 -1 0 0 0 0.984157 -0.1773 0 -0.1773 -0.984157 77.dat
1 16 60 -329.0712 -176.8851 -1 0 0 0 0.983069 -0.183234 0 -0.183234 -0.983069 77.dat
1 16 60 -330.0581 -176.6949 -1 0 0 0 0.981921 -0.189289 0 -0.189289 -0.981921 77.dat
1 16 60 -331.0439 -176.4992 -1 0 0 0 0.980856 -0.194734 0 -0.194734 -0.980856 77.dat
1 16 60 -332.0291 -176.3001 -1 0 0 0 0.980179 -0.198115 0 -0.198115 -0.980179 77.dat
1 16 60 -333.0128 -176.0939 -1 0 0 0 0.978733 -0.205137 0 -0.205137 -0.978733 77.dat
1 16 60 -333.9954 -175.8824 -1 0 0 0 0.977608 -0.210436 0 -0.210436 -0.977608 77.dat
1 16 60 -334.9768 -175.6657 -1 0 0 0 0.976464 -0.215681 0 -0.215681 -0.976464 77.dat
1 16 60 -335.9574 -175.4453 -1 0 0 0 0.975653 -0.219318 0 -0.219318 -0.975653 77.dat
1 16 60 -336.9366 -175.2189 -1 0 0 0 0.974304 -0.225238 0 -0.225238 -0.974304 77.dat
1 16 60 -337.9146 -174.9869 -1 0 0 0 0.972996 -0.230822 0 -0.230822 -0.972996 77.dat
1 16 60 -338.8913 -174.7498 -1 0 0 0 0.971782 -0.235882 0 -0.235882 -0.971782 77.dat
1 16 60 -339.8668 -174.5078 -1 0 0 0 0.970558 -0.240869 0 -0.240869 -0.970558 77.dat
1 16 60 -340.841 -174.2607 -1 0 0 0 0.969322 -0.245794 0 -0.245794 -0.969322 77.dat
1 16 60 -341.8144 -174.0105 -1 0 0 0 0.968517 -0.248948 0 -0.248948 -0.968517 77.dat
1 16 60 -342.7862 -173.7541 -1 0 0 0 0.966889 -0.255197 0 -0.255197 -0.966889 77.dat
1 16 60 -343.7567 -173.4927 -1 0 0 0 0.9656 -0.260031 0 -0.260031 -0.9656 77.dat
1 16 60 -344.726 -173.2267 -1 0 0 0 0.964324 -0.264725 0 -0.264725 -0.964324 77.dat
1 16 60 -345.6939 -172.956 -1 0 0 0 0.963044 -0.269342 0 -0.269342 -0.963044 77.dat
1 16 60 -346.6605 -172.6807 -1 0 0 0 0.961762 -0.273888 0 -0.273888 -0.961762 77.dat
1 16 60 -347.6263 -172.4026 -1 0 0 0 0.960939 -0.27676 0 -0.27676 -0.960939 77.dat
1 16 60 -348.5905 -172.1188 -1 0 0 0 0.959318 -0.282329 0 -0.282329 -0.959318 77.dat
1 16 60 -349.5533 -171.8304 -1 0 0 0 0.957934 -0.286989 0 -0.286989 -0.957934 77.dat
1 16 60 -350.5148 -171.5376 -1 0 0 0 0.956643 -0.291262 0 -0.291262 -0.956643 77.dat
1 16 60 -351.475 -171.2407 -1 0 0 0 0.955359 -0.295446 0 -0.295446 -0.955359 77.dat
1 16 60 -352.434 -170.9397 -1 0 0 0 0.954081 -0.299549 0 -0.299549 -0.954081 77.dat
1 16 60 -353.3916 -170.6346 -1 0 0 0 0.95281 -0.303568 0 -0.303568 -0.95281 77.dat
1 16 60 -354.348 -170.3255 -1 0 0 0 0.951547 -0.307502 0 -0.307502 -0.951547 77.dat
1 16 60 -355.3031 -170.0126 -1 0 0 0 0.950296 -0.311349 0 -0.311349 -0.950296 77.dat
1 16 60 -356.257 -169.6959 -1 0 0 0 0.949057 -0.315106 0 -0.315106 -0.949057 77.dat
1 16 60 -357.2096 -169.3755 -1 0 0 0 0.947832 -0.318771 0 -0.318771 -0.947832 77.dat
1 16 60 -358.161 -169.0515 -1 0 0 0 0.946623 -0.322342 0 -0.322342 -0.946623 77.dat
1 16 60 -359.1113 -168.7241 -1 0 0 0 0.945433 -0.325816 0 -0.325816 -0.945433 77.dat
1 16 60 -360.0603 -168.3932 -1 0 0 0 0.944263 -0.329191 0 -0.329191 -0.944263 77.dat
1 16 60 -361.0082 -168.0591 -1 0 0 0 0.943116 -0.332464 0 -0.332464 -0.943116 77.dat
1 16 60 -361.955 -167.7218 -1 0 0 0 0.941993 -0.335632 0 -0.335632 -0.941993 77.dat
1 16 60 -362.9007 -167.3814 -1 0 0 0 0.940897 -0.338692 0 -0.338692 -0.940897 77.dat
1 16 60 -363.8453 -167.038 -1 0 0 0 0.93983 -0.341642 0 -0.341642 -0.93983 77.dat
1 16 60 -364.7888 -166.6918 -1 0 0 0 0.938795 -0.344477 0 -0.344477 -0.938795 77.dat
1 16 60 -365.7314 -166.3428 -1 0 0 0 0.937793 -0.347194 0 -0.347194 -0.937793 77.dat
1 16 60 -366.673 -165.9913 -1 0 0 0 0.936828 -0.34979 0 -0.34979 -0.936828 77.dat
1 16 60 -367.6136 -165.6372 -1 0 0 0 0.935902 -0.35226 0 -0.35226 -0.935902 77.dat
1 16 60 -368.5534 -165.2808 -1 0 0 0 0.935018 -0.3546 0 -0.3546 -0.935018 77.dat
1 16 60 -369.4921 -164.9216 -1 0 0 0 0.933934 -0.357445 0 -0.357445 -0.933934 77.dat
1 16 60 -370.4302 -164.5607 -1 0 0 0 0.933333 -0.359011 0 -0.359011 -0.933333 77.dat
1 16 60 -371.3676 -164.1982 -1 0 0 0 0.932666 -0.360741 0 -0.360741 -0.932666 77.dat
1 16 60 -372.3043 -163.8339 -1 0 0 0 0.932003 -0.362452 0 -0.362452 -0.932003 77.dat
1 16 60 -373.2404 -163.468 -1 0 0 0 0.931379 -0.364052 0 -0.364052 -0.931379 77.dat
1 16 60 -374.1759 -163.1006 -1 0 0 0 0.93081 -0.365504 0 -0.365504 -0.93081 77.dat
1 16 60 -375.111 -162.732 -1 0 0 0 0.930304 -0.36679 0 -0.36679 -0.930304 77.dat
1 16 60 -376.0455 -162.3621 -1 0 0 0 0.929821 -0.368012 0 -0.368012 -0.929821 77.dat
1 16 60 -376.9797 -161.9915 -1 0 0 0 0.929514 -0.368787 0 -0.368787 -0.929514 77.dat
1 16 60 -377.9137 -161.6201 -1 0 0 0 0.929234 -0.369491 0 -0.369491 -0.929234 77.dat
1 16 60 -378.8474 -161.2481 -1 0 0 0 0.928976 -0.370139 0 -0.370139 -0.928976 77.dat
1 16 60 -379.781 -160.8759 -1 0 0 0 0.92891 -0.370306 0 -0.370306 -0.92891 77.dat
1 16 60 -380.7146 -160.5036 -1 0 0 0 0.928882 -0.370377 0 -0.370377 -0.928882 77.dat
1 16 60 -381.6483 -160.1315 -1 0 0 0 0.92893 -0.370256 0 -0.370256 -0.92893 77.dat
1 16 60 -382.582 -159.7598 -1 0 0 0 0.929089 -0.369856 0 -0.369856 -0.929089 77.dat
1 16 60 -383.5161 -159.3886 -1 0 0 0 0.929315 -0.369288 0 -0.369288 -0.929315 77.dat
1 16 60 -384.4506 -159.0187 -1 0 0 0 0.929807 -0.368046 0 -0.368046 -0.929807 77.dat
1 16 60 -385.3855 -158.6497 -1 0 0 0 0.930162 -0.367149 0 -0.367149 -0.930162 77.dat
1 16 60 -386.3209 -158.282 -1 0 0 0 0.930698 -0.36579 0 -0.36579 -0.930698 77.dat
1 16 60 -387.257 -157.9163 -1 0 0 0 0.931436 -0.363905 0 -0.363905 -0.931436 77.dat
1 16 60 -388.1939 -157.5524 -1 0 0 0 0.932157 -0.362054 0 -0.362054 -0.932157 77.dat
1 16 60 -389.1321 -157.1918 -1 0 0 0 0.933443 -0.358725 0 -0.358725 -0.933443 77.dat
1 16 60 -390.0711 -156.8333 -1 0 0 0 0.93421 -0.356724 0 -0.356724 -0.93421 77.dat
1 16 60 -391.0113 -156.478 -1 0 0 0 0.935442 -0.35348 0 -0.35348 -0.935442 77.dat
1 16 60 -391.9526 -156.1259 -1 0 0 0 0.936626 -0.350331 0 -0.350331 -0.936626 77.dat
1 16 60 -392.8961 -155.7793 -1 0 0 0 0.938668 -0.344823 0 -0.344823 -0.938668 77.dat
1 16 60 -393.8406 -155.4359 -1 0 0 0 0.939805 -0.341711 0 -0.341711 -0.939805 77.dat
1 16 60 -394.787 -155.0973 -1 0 0 0 0.941569 -0.336819 0 -0.336819 -0.941569 77.dat
1 16 60 -395.7355 -154.765 -1 0 0 0 0.943756 -0.330642 0 -0.330642 -0.943756 77.dat
1 16 60 -396.6843 -154.4333 -1 0 0 0 0.943996 -0.329957 0 -0.329957 -0.943996 77.dat
1 16 60 -397.6332 -154.1021 -1 0 0 0 0.944143 -0.329535 0 -0.329535 -0.944143 77.dat
1 16 60 -398.5822 -153.7709 -1 0 0 0 0.944145 -0.329529 0 -0.329529 -0.944145 77.dat
1 16 60 -399.5311 -153.4397 -1 0 0 0 0.944148 -0.329522 0 -0.329522 -0.944148 77.dat
1 16 60 -400.48 -153.1085 -1 0 0 0 0.944148 -0.329522 0 -0.329522 -0.944148 77.dat
1 16 60 -401.429 -152.7773 -1 0 0 0 0.944148 -0.329522 0 -0.329522 -0.944148 77.dat
1 16 60 -402.3779 -152.4462 -1 0 0 0 0.944148 -0.329522 0 -0.329522 -0.944148 77.dat
1 16 60 -403.3269 -152.115 -1 0 0 0 0.944148 -0.329522 0 -0.329522 -0.944148 77.dat
1 16 60 -404.2758 -151.7838 -1 0 0 0 0.944148 -0.329522 0 -0.329522 -0.944148 77.dat
1 16 60 -405.2247 -151.4526 -1 0 0 0 0.944148 -0.329523 0 -0.329523 -0.944148 77.dat
1 16 60 -404.1155 -151.8397 1 0 0 0 -0.944149 -0.329519 0 0.329519 -0.944149 77.dat
1 16 60 -404.5923 -151.6733 -1 0 0 0 0.944145 -0.329529 0 -0.329529 -0.944145 77.dat
1 16 60 -405.2391 -151.4475 -1 0 0 0 0.944148 -0.329522 0 -0.329522 -0.944148 77.dat
1 16 60 -406.188 -151.1163 -1 0 0 0 0.944148 -0.329522 0 -0.329522 -0.944148 77.dat
1 16 60 -407.137 -150.7852 -1 0 0 0 0.944148 -0.329522 0 -0.329522 -0.944148 77.dat
1 16 60 -408.0859 -150.454 -1 0 0 0 0.944148 -0.329522 0 -0.329522 -0.944148 77.dat
1 16 60 -409.0349 -150.1228 -1 0 0 0 0.944148 -0.329522 0 -0.329522 -0.944148 77.dat
1 16 60 -409.9838 -149.7916 -1 0 0 0 0.944148 -0.329522 0 -0.329522 -0.944148 77.dat
1 16 60 -410.9327 -149.4604 -1 0 0 0 0.944148 -0.329522 0 -0.329522 -0.944148 77.dat
1 16 60 -411.8817 -149.1292 -1 0 0 0 0.944148 -0.329522 0 -0.329522 -0.944148 77.dat
1 16 60 -412.8306 -148.798 -1 0 0 0 0.944148 -0.329522 0 -0.329522 -0.944148 77.dat
1 16 20 -279.0025 -180 -1 0 0 0 1 0 0 0 -1 77.dat
1 16 20 -280.0076 -180 -1 0 0 0 1 0 0 0 -1 77.dat
1 16 20 -281.0127 -180 -1 0 0 0 1 0 0 0 -1 77.dat
1 16 20 -282.0178 -180 -1 0 0 0 1 0 0 0 -1 77.dat
1 16 20 -283.0228 -180 -1 0 0 0 1 0 0 0 -1 77.dat
1 16 20 -284.0279 -180 -1 0 0 0 1 0 0 0 -1 77.dat
1 16 20 -285.033 -180 -1 0 0 0 1 0 0 0 -1 77.dat
1 16 20 -286.0381 -180 -1 0 0 0 1 0 0 0 -1 77.dat
1 16 20 -286.9975 -180 -1 0 0 0 1 0 0 0 -1 77.dat
1 16 20 -286.0025 -180 -1 0 0 0 -1 0 0 0 -1 77.dat
1 16 20 -287.0533 -180 -1 0 0 0 1 0 0 0 -1 77.dat
1 16 20 -288.0583 -180 -1 0 0 0 1 0 0 0 -1 77.dat
1 16 20 -289.0634 -180 -1 0 0 0 1 0 0 0 -1 77.dat
1 16 20 -290.0685 -180 -1 0 0 0 1 0 0 0 -1 77.dat
1 16 20 -291.0736 -180 -1 0 0 0 1 0 0 0 -1 77.dat
1 16 20 -292.0786 -180 -1 0 0 0 1 0 0 0 -1 77.dat
1 16 20 -293.0837 -180 -1 0 0 0 1 0 0 0 -1 77.dat
1 16 20 -294.0888 -180 -1 0 0 0 1 0 0 0 -1 77.dat
1 16 20 -295.0939 -180 -1 0 0 0 1 0 0 0 -1 77.dat
1 16 20 -296.0989 -179.9996 -1 0 0 0 1 -0.000379 0 -0.000379 -1 77.dat
1 16 20 -297.104 -179.9952 -1 0 0 0 0.99999 -0.004383 0 -0.004383 -0.99999 77.dat
1 16 20 -298.109 -179.9855 -1 0 0 0 0.999953 -0.009708 0 -0.009708 -0.999953 77.dat
1 16 20 -299.114 -179.9709 -1 0 0 0 0.999894 -0.014569 0 -0.014569 -0.999894 77.dat
1 16 20 -300.1189 -179.9521 -1 0 0 0 0.999826 -0.018655 0 -0.018655 -0.999826 77.dat
1 16 20 -301.1236 -179.9252 -1 0 0 0 0.99964 -0.026845 0 -0.026845 -0.99964 77.dat
1 16 20 -302.1282 -179.8929 -1 0 0 0 0.999486 -0.032071 0 -0.032071 -0.999486 77.dat
1 16 20 -303.1325 -179.8556 -1 0 0 0 0.99931 -0.037149 0 -0.037149 -0.99931 77.dat
1 16 20 -304.1366 -179.8114 -1 0 0 0 0.999032 -0.043995 0 -0.043995 -0.999032 77.dat
1 16 20 -305.1406 -179.7638 -1 0 0 0 0.998878 -0.047368 0 -0.047368 -0.998878 77.dat
1 16 20 -306.1442 -179.7094 -1 0 0 0 0.998534 -0.054133 0 -0.054133 -0.998534 77.dat
1 16 20 -307.1475 -179.6494 -1 0 0 0 0.998214 -0.059732 0 -0.059732 -0.998214 77.dat
1 16 20 -308.1503 -179.5824 -1 0 0 0 0.997777 -0.066645 0 -0.066645 -0.997777 77.dat
1 16 20 -309.1529 -179.512 -1 0 0 0 0.997544 -0.070041 0 -0.070041 -0.997544 77.dat
1 16 20 -310.1549 -179.4338 -1 0 0 0 0.996966 -0.077832 0 -0.077832 -0.996966 77.dat
1 16 20 -311.1565 -179.3506 -1 0 0 0 0.996563 -0.082833 0 -0.082833 -0.996563 77.dat
1 16 20 -312.1577 -179.2619 -1 0 0 0 0.996093 -0.088312 0 -0.088312 -0.996093 77.dat
1 16 20 -313.1582 -179.1664 -1 0 0 0 0.995474 -0.095031 0 -0.095031 -0.995474 77.dat
1 16 20 -314.1584 -179.0674 -1 0 0 0 0.995139 -0.098483 0 -0.098483 -0.995139 77.dat
1 16 20 -315.1578 -178.9607 -1 0 0 0 0.994348 -0.106173 0 -0.106173 -0.994348 77.dat
1 16 20 -316.1566 -178.8491 -1 0 0 0 0.993821 -0.110992 0 -0.110992 -0.993821 77.dat
1 16 20 -317.1548 -178.7319 -1 0 0 0 0.99317 -0.116675 0 -0.116675 -0.99317 77.dat
1 16 20 -318.1523 -178.608 -1 0 0 0 0.992375 -0.123258 0 -0.123258 -0.992375 77.dat
1 16 20 -319.1492 -178.4807 -1 0 0 0 0.991936 -0.126738 0 -0.126738 -0.991936 77.dat
1 16 20 -320.1452 -178.3456 -1 0 0 0 0.990931 -0.13437 0 -0.13437 -0.990931 77.dat
1 16 20 -321.1403 -178.2048 -1 0 0 0 0.990128 -0.140167 0 -0.140167 -0.990128 77.dat
1 16 20 -322.1349 -178.0595 -1 0 0 0 0.989493 -0.144578 0 -0.144578 -0.989493 77.dat
1 16 20 -323.1285 -177.9084 -1 0 0 0 0.98864 -0.1503 0 -0.1503 -0.98864 77.dat
1 16 20 -324.1212 -177.7509 -1 0 0 0 0.987649 -0.156683 0 -0.156683 -0.987649 77.dat
1 16 20 -325.1133 -177.59 -1 0 0 0 0.987088 -0.160176 0 -0.160176 -0.987088 77.dat
1 16 20 -326.1041 -177.4216 -1 0 0 0 0.985856 -0.167594 0 -0.167594 -0.985856 77.dat
1 16 20 -327.094 -177.2475 -1 0 0 0 0.984887 -0.1732 0 -0.1732 -0.984887 77.dat
1 16 20 -328.0832 -177.0693 -1 0 0 0 0.984157 -0.1773 0 -0.1773 -0.984157 77.dat
1 16 20 -329.0712 -176.8851 -1 0 0 0 0.983069 -0.183234 0 -0.183234 -0.983069 77.dat
1 16 20 -330.0581 -176.6949 -1 0 0 0 0.981921 -0.189289 0 -0.189289 -0.981921 77.dat
1 16 20 -331.0439 -176.4992 -1 0 0 0 0.980856 -0.194734 0 -0.194734 -0.980856 77.dat
1 16 20 -332.0291 -176.3001 -1 0 0 0 0.980179 -0.198115 0 -0.198115 -0.980179 77.dat
1 16 20 -333.0128 -176.0939 -1 0 0 0 0.978733 -0.205137 0 -0.205137 -0.978733 77.dat
1 16 20 -333.9954 -175.8824 -1 0 0 0 0.977608 -0.210436 0 -0.210436 -0.977608 77.dat
1 16 20 -334.9768 -175.6657 -1 0 0 0 0.976464 -0.215681 0 -0.215681 -0.976464 77.dat
1 16 20 -335.9574 -175.4453 -1 0 0 0 0.975653 -0.219318 0 -0.219318 -0.975653 77.dat
1 16 20 -336.9366 -175.2189 -1 0 0 0 0.974304 -0.225238 0 -0.225238 -0.974304 77.dat
1 16 20 -337.9146 -174.9869 -1 0 0 0 0.972996 -0.230822 0 -0.230822 -0.972996 77.dat
1 16 20 -338.8913 -174.7498 -1 0 0 0 0.971782 -0.235882 0 -0.235882 -0.971782 77.dat
1 16 20 -339.8668 -174.5078 -1 0 0 0 0.970558 -0.240869 0 -0.240869 -0.970558 77.dat
1 16 20 -340.841 -174.2607 -1 0 0 0 0.969322 -0.245794 0 -0.245794 -0.969322 77.dat
1 16 20 -341.8144 -174.0105 -1 0 0 0 0.968517 -0.248948 0 -0.248948 -0.968517 77.dat
1 16 20 -342.7862 -173.7541 -1 0 0 0 0.966889 -0.255197 0 -0.255197 -0.966889 77.dat
1 16 20 -343.7567 -173.4927 -1 0 0 0 0.9656 -0.260031 0 -0.260031 -0.9656 77.dat
1 16 20 -344.726 -173.2267 -1 0 0 0 0.964324 -0.264725 0 -0.264725 -0.964324 77.dat
1 16 20 -345.6939 -172.956 -1 0 0 0 0.963044 -0.269342 0 -0.269342 -0.963044 77.dat
1 16 20 -346.6605 -172.6807 -1 0 0 0 0.961762 -0.273888 0 -0.273888 -0.961762 77.dat
1 16 20 -347.6263 -172.4026 -1 0 0 0 0.960939 -0.27676 0 -0.27676 -0.960939 77.dat
1 16 20 -348.5905 -172.1188 -1 0 0 0 0.959318 -0.282329 0 -0.282329 -0.959318 77.dat
1 16 20 -349.5533 -171.8304 -1 0 0 0 0.957934 -0.286989 0 -0.286989 -0.957934 77.dat
1 16 20 -350.5148 -171.5376 -1 0 0 0 0.956643 -0.291262 0 -0.291262 -0.956643 77.dat
1 16 20 -351.475 -171.2407 -1 0 0 0 0.955359 -0.295446 0 -0.295446 -0.955359 77.dat
1 16 20 -352.434 -170.9397 -1 0 0 0 0.954081 -0.299549 0 -0.299549 -0.954081 77.dat
1 16 20 -353.3916 -170.6346 -1 0 0 0 0.95281 -0.303568 0 -0.303568 -0.95281 77.dat
1 16 20 -354.348 -170.3255 -1 0 0 0 0.951547 -0.307502 0 -0.307502 -0.951547 77.dat
1 16 20 -355.3031 -170.0126 -1 0 0 0 0.950296 -0.311349 0 -0.311349 -0.950296 77.dat
1 16 20 -356.257 -169.6959 -1 0 0 0 0.949057 -0.315106 0 -0.315106 -0.949057 77.dat
1 16 20 -357.2096 -169.3755 -1 0 0 0 0.947832 -0.318771 0 -0.318771 -0.947832 77.dat
1 16 20 -358.161 -169.0515 -1 0 0 0 0.946623 -0.322342 0 -0.322342 -0.946623 77.dat
1 16 20 -359.1113 -168.7241 -1 0 0 0 0.945433 -0.325816 0 -0.325816 -0.945433 77.dat
1 16 20 -360.0603 -168.3932 -1 0 0 0 0.944263 -0.329191 0 -0.329191 -0.944263 77.dat
1 16 20 -361.0082 -168.0591 -1 0 0 0 0.943116 -0.332464 0 -0.332464 -0.943116 77.dat
1 16 20 -361.955 -167.7218 -1 0 0 0 0.941993 -0.335632 0 -0.335632 -0.941993 77.dat
1 16 20 -362.9007 -167.3814 -1 0 0 0 0.940897 -0.338692 0 -0.338692 -0.940897 77.dat
1 16 20 -363.8453 -167.038 -1 0 0 0 0.93983 -0.341642 0 -0.341642 -0.93983 77.dat
1 16 20 -364.7888 -166.6918 -1 0 0 0 0.938795 -0.344477 0 -0.344477 -0.938795 77.dat
1 16 20 -365.7314 -166.3428 -1 0 0 0 0.937793 -0.347194 0 -0.347194 -0.937793 77.dat
1 16 20 -366.673 -165.9913 -1 0 0 0 0.936828 -0.34979 0 -0.34979 -0.936828 77.dat
1 16 20 -367.6136 -165.6372 -1 0 0 0 0.935902 -0.35226 0 -0.35226 -0.935902 77.dat
1 16 20 -368.5534 -165.2808 -1 0 0 0 0.935018 -0.3546 0 -0.3546 -0.935018 77.dat
1 16 20 -369.4921 -164.9216 -1 0 0 0 0.933934 -0.357445 0 -0.357445 -0.933934 77.dat
1 16 20 -370.4302 -164.5607 -1 0 0 0 0.933333 -0.359011 0 -0.359011 -0.933333 77.dat
1 16 20 -371.3676 -164.1982 -1 0 0 0 0.932666 -0.360741 0 -0.360741 -0.932666 77.dat
1 16 20 -372.3043 -163.8339 -1 0 0 0 0.932003 -0.362452 0 -0.362452 -0.932003 77.dat
1 16 20 -373.2404 -163.468 -1 0 0 0 0.931379 -0.364052 0 -0.364052 -0.931379 77.dat
1 16 20 -374.1759 -163.1006 -1 0 0 0 0.93081 -0.365504 0 -0.365504 -0.93081 77.dat
1 16 20 -375.111 -162.732 -1 0 0 0 0.930304 -0.36679 0 -0.36679 -0.930304 77.dat
1 16 20 -376.0455 -162.3621 -1 0 0 0 0.929821 -0.368012 0 -0.368012 -0.929821 77.dat
1 16 20 -376.9797 -161.9915 -1 0 0 0 0.929514 -0.368787 0 -0.368787 -0.929514 77.dat
1 16 20 -377.9137 -161.6201 -1 0 0 0 0.929234 -0.369491 0 -0.369491 -0.929234 77.dat
1 16 20 -378.8474 -161.2481 -1 0 0 0 0.928976 -0.370139 0 -0.370139 -0.928976 77.dat
1 16 20 -379.781 -160.8759 -1 0 0 0 0.92891 -0.370306 0 -0.370306 -0.92891 77.dat
1 16 20 -380.7146 -160.5036 -1 0 0 0 0.928882 -0.370377 0 -0.370377 -0.928882 77.dat
1 16 20 -381.6483 -160.1315 -1 0 0 0 0.92893 -0.370256 0 -0.370256 -0.92893 77.dat
1 16 20 -382.582 -159.7598 -1 0 0 0 0.929089 -0.369856 0 -0.369856 -0.929089 77.dat
1 16 20 -383.5161 -159.3886 -1 0 0 0 0.929315 -0.369288 0 -0.369288 -0.929315 77.dat
1 16 20 -384.4506 -159.0187 -1 0 0 0 0.929807 -0.368046 0 -0.368046 -0.929807 77.dat
1 16 20 -385.3855 -158.6497 -1 0 0 0 0.930162 -0.367149 0 -0.367149 -0.930162 77.dat
1 16 20 -386.3209 -158.282 -1 0 0 0 0.930698 -0.36579 0 -0.36579 -0.930698 77.dat
1 16 20 -387.257 -157.9163 -1 0 0 0 0.931436 -0.363905 0 -0.363905 -0.931436 77.dat
1 16 20 -388.1939 -157.5524 -1 0 0 0 0.932157 -0.362054 0 -0.362054 -0.932157 77.dat
1 16 20 -389.1321 -157.1918 -1 0 0 0 0.933443 -0.358725 0 -0.358725 -0.933443 77.dat
1 16 20 -390.0711 -156.8333 -1 0 0 0 0.93421 -0.356724 0 -0.356724 -0.93421 77.dat
1 16 20 -391.0113 -156.478 -1 0 0 0 0.935442 -0.35348 0 -0.35348 -0.935442 77.dat
1 16 20 -391.9526 -156.1259 -1 0 0 0 0.936626 -0.350331 0 -0.350331 -0.936626 77.dat
1 16 20 -392.8961 -155.7793 -1 0 0 0 0.938668 -0.344823 0 -0.344823 -0.938668 77.dat
1 16 20 -393.8406 -155.4359 -1 0 0 0 0.939805 -0.341711 0 -0.341711 -0.939805 77.dat
1 16 20 -394.787 -155.0973 -1 0 0 0 0.941569 -0.336819 0 -0.336819 -0.941569 77.dat
1 16 20 -395.7355 -154.765 -1 0 0 0 0.943756 -0.330642 0 -0.330642 -0.943756 77.dat
1 16 20 -396.6843 -154.4333 -1 0 0 0 0.943996 -0.329957 0 -0.329957 -0.943996 77.dat
1 16 20 -397.6332 -154.1021 -1 0 0 0 0.944143 -0.329535 0 -0.329535 -0.944143 77.dat
1 16 20 -398.5822 -153.7709 -1 0 0 0 0.944145 -0.329529 0 -0.329529 -0.944145 77.dat
1 16 20 -399.5311 -153.4397 -1 0 0 0 0.944148 -0.329522 0 -0.329522 -0.944148 77.dat
1 16 20 -400.48 -153.1085 -1 0 0 0 0.944148 -0.329522 0 -0.329522 -0.944148 77.dat
1 16 20 -401.429 -152.7773 -1 0 0 0 0.944148 -0.329522 0 -0.329522 -0.944148 77.dat
1 16 20 -402.3779 -152.4462 -1 0 0 0 0.944148 -0.329522 0 -0.329522 -0.944148 77.dat
1 16 20 -403.3269 -152.115 -1 0 0 0 0.944148 -0.329522 0 -0.329522 -0.944148 77.dat
1 16 20 -404.2758 -151.7838 -1 0 0 0 0.944148 -0.329522 0 -0.329522 -0.944148 77.dat
1 16 20 -405.2247 -151.4526 -1 0 0 0 0.944148 -0.329523 0 -0.329523 -0.944148 77.dat
1 16 20 -404.1155 -151.8397 1 0 0 0 -0.944149 -0.329519 0 0.329519 -0.944149 77.dat
1 16 20 -404.5923 -151.6733 -1 0 0 0 0.944145 -0.329529 0 -0.329529 -0.944145 77.dat
1 16 20 -405.2391 -151.4475 -1 0 0 0 0.944148 -0.329522 0 -0.329522 -0.944148 77.dat
1 16 20 -406.188 -151.1163 -1 0 0 0 0.944148 -0.329522 0 -0.329522 -0.944148 77.dat
1 16 20 -407.137 -150.7852 -1 0 0 0 0.944148 -0.329522 0 -0.329522 -0.944148 77.dat
1 16 20 -408.0859 -150.454 -1 0 0 0 0.944148 -0.329522 0 -0.329522 -0.944148 77.dat
1 16 20 -409.0349 -150.1228 -1 0 0 0 0.944148 -0.329522 0 -0.329522 -0.944148 77.dat
1 16 20 -409.9838 -149.7916 -1 0 0 0 0.944148 -0.329522 0 -0.329522 -0.944148 77.dat
1 16 20 -410.9327 -149.4604 -1 0 0 0 0.944148 -0.329522 0 -0.329522 -0.944148 77.dat
1 16 20 -411.8817 -149.1292 -1 0 0 0 0.944148 -0.329522 0 -0.329522 -0.944148 77.dat
1 16 20 -412.8306 -148.798 -1 0 0 0 0.944148 -0.329522 0 -0.329522 -0.944148 77.dat
1 16 -20 -279.0025 -180 -1 0 0 0 1 0 0 0 -1 77.dat
1 16 -20 -280.0076 -180 -1 0 0 0 1 0 0 0 -1 77.dat
1 16 -20 -281.0127 -180 -1 0 0 0 1 0 0 0 -1 77.dat
1 16 -20 -282.0178 -180 -1 0 0 0 1 0 0 0 -1 77.dat
1 16 -20 -283.0228 -180 -1 0 0 0 1 0 0 0 -1 77.dat
1 16 -20 -284.0279 -180 -1 0 0 0 1 0 0 0 -1 77.dat
1 16 -20 -285.033 -180 -1 0 0 0 1 0 0 0 -1 77.dat
1 16 -20 -286.0381 -180 -1 0 0 0 1 0 0 0 -1 77.dat
1 16 -20 -286.9975 -180 -1 0 0 0 1 0 0 0 -1 77.dat
1 16 -20 -286.0025 -180 -1 0 0 0 -1 0 0 0 -1 77.dat
1 16 -20 -287.0533 -180 -1 0 0 0 1 0 0 0 -1 77.dat
1 16 -20 -288.0583 -180 -1 0 0 0 1 0 0 0 -1 77.dat
1 16 -20 -289.0634 -180 -1 0 0 0 1 0 0 0 -1 77.dat
1 16 -20 -290.0685 -180 -1 0 0 0 1 0 0 0 -1 77.dat
1 16 -20 -291.0736 -180 -1 0 0 0 1 0 0 0 -1 77.dat
1 16 -20 -292.0786 -180 -1 0 0 0 1 0 0 0 -1 77.dat
1 16 -20 -293.0837 -180 -1 0 0 0 1 0 0 0 -1 77.dat
1 16 -20 -294.0888 -180 -1 0 0 0 1 0 0 0 -1 77.dat
1 16 -20 -295.0939 -180 -1 0 0 0 1 0 0 0 -1 77.dat
1 16 -20 -296.0989 -179.9996 -1 0 0 0 1 -0.000379 0 -0.000379 -1 77.dat
1 16 -20 -297.104 -179.9952 -1 0 0 0 0.99999 -0.004383 0 -0.004383 -0.99999 77.dat
1 16 -20 -298.109 -179.9855 -1 0 0 0 0.999953 -0.009708 0 -0.009708 -0.999953 77.dat
