0 Main
0 Name: 30050-1 - Republic Attack Shuttle - Mini.mpd
0 Author: LTRON
1 15 -30 0 0 0 0 1 0 1 0 -1 0 0 3020.dat
1 15 10 0 0 0 0 1 0 1 0 -1 0 0 3020.dat
1 15 -10 -8 -10 0 0 1 0 1 0 -1 0 0 3021.dat
1 4 -40 -8 -30 0 0 1 0 1 0 -1 0 0 4081.dat
1 4 20 -8 -30 0 0 -1 0 1 0 1 0 0 4081.dat
1 15 20 -8 20 0 0 -1 0 1 0 1 0 0 60470.dat
1 15 -40 -8 20 0 0 1 0 1 0 -1 0 0 60470.dat
1 15 -30 -16 20 0 0 1 0 1 0 -1 0 0 3020.dat
1 15 10 -16 20 0 0 1 0 1 0 -1 0 0 3020.dat
1 15 -10 -16 -30 1 0 0 0 1 0 0 0 1 3710.dat
1 15 -60 -6 64 1 0 0 0 0 -1 0 1 0 3957.dat
1 15 40 -6 64 1 0 0 0 0 -1 0 1 0 3957.dat
1 43 -60 -6 72 1 0 0 0 0 -1 0 1 0 6141.dat
1 43 40 -6 72 1 0 0 0 0 -1 0 1 0 6141.dat
1 0 -10 -24 -30 1 0 0 0 1 0 0 0 1 2436.dat
1 0 -10 -24 50 -1 0 0 0 1 0 0 0 -1 2436.dat
1 320 -40 -16 -30 0 0 1 0 1 0 -1 0 0 54200.dat
1 320 20 -16 -30 0 0 -1 0 1 0 1 0 0 54200.dat
1 15 20 -16 50 0 0 -1 0 1 0 1 0 0 54200.dat
1 15 -40 -16 50 0 0 1 0 1 0 -1 0 0 54200.dat
1 15 -30 -24 10 0 0 1 0 1 0 -1 0 0 3021.dat
1 15 10 -24 10 0 0 1 0 1 0 -1 0 0 3021.dat
1 43 -40 -14 72 0 0 1 -1 0 0 0 -1 0 6141.dat
1 43 -20 -14 72 0 0 1 -1 0 0 0 -1 0 6141.dat
1 43 0 -14 72 0 0 1 -1 0 0 0 -1 0 6141.dat
1 43 20 -14 72 0 0 1 -1 0 0 0 -1 0 6141.dat
1 15 -10 -32 -10 0 0 1 0 1 0 -1 0 0 3021.dat
1 15 -10 -32 40 0 0 1 0 1 0 -1 0 0 3022.dat
1 4 -60 -6 -42 -1 0 0 0 0 1 0 1 0 4592.dat
1 4 40 -6 -42 -1 0 0 0 0 1 0 1 0 4592.dat
1 0 -60 -6 -42 -1 0 0 0 0 1 0 1 0 4593.dat
1 0 40 -6 -42 -1 0 0 0 0 1 0 1 0 4593.dat
1 15 -10 -40 50 -1 0 0 0 1 0 0 0 -1 3794.dat
1 15 -10 -40 30 -1 0 0 0 1 0 0 0 -1 3794.dat
1 15 -10 -40 10 -1 0 0 0 1 0 0 0 -1 3794.dat
1 15 -10 -40 -10 -1 0 0 0 1 0 0 0 -1 3794.dat
1 4 -10 -40 -30 1 0 0 0 1 0 0 0 1 2540.dat
1 15 -10 -48 40 0 0 1 0 1 0 -1 0 0 3710.dat
1 320 -10 -40 -10 1 0 0 0 1 0 0 0 1 54200.dat
1 15 -10 -56 40 0 0 1 0 1 0 -1 0 0 2431.dat
1 0 -10 -33.039 -69.4779 -1 0 0 0 0.939693 0.34202 0 0.34202 -0.939693 6019.dat
1 71 -10 -22.1012 -76.1387 1 0 0 0 0.939693 -0.34202 0 0.34202 0.939693 4595.dat
1 320 -10 -0.3916 -106.5474 1 0 0 0 0.34202 0.939693 0 -0.939693 0.34202 3024.dat
1 320 -10 -22.7784 -97.6687 0 0 -1 -0.34202 0.939693 0 0.939693 0.34202 0 3023.dat
1 47 -10 -26.1986 -88.2718 1 0 0 0 0.939693 -0.34202 0 0.34202 0.939693 54200.dat
1 320 -10 -33.039 -69.4779 -1 0 0 0 0.939693 0.34202 0 0.34202 -0.939693 54200.dat
1 15 8 -22.4398 -86.9037 0 -1 0 0.939693 0 -0.34202 0.34202 0 0.939693 43722.dat
1 15 -28 -22.4398 -86.9037 0 1 0 -0.939693 0 -0.34202 -0.34202 0 0.939693 43723.dat
1 320 -74 -76 40 0 -1 0 0 0 1 -1 0 0 54384.dat
1 15 -66 -36 30 0 -1 0 1 0 0 0 0 1 41769.dat
1 14 -66 -66 60 0 -1 0 1 0 0 0 0 1 3070.dat
1 15 -58 -26 30 0 -1 0 0 0 -1 1 0 0 60470.dat
1 320 54 -76 40 0 1 0 0 0 1 1 0 0 54383.dat
1 15 46 -36 30 0 1 0 -1 0 0 0 0 1 41770.dat
1 14 46 -66 60 0 1 0 -1 0 0 0 0 1 3070.dat
1 15 38 -26 30 0 1 0 0 0 -1 -1 0 0 60470.dat
