0 
0 Name: New Model.ldr
0 Author: 
1 0 -424.45 -39 -93.942 -0.866 0 -0.5 0 1 0 0.5 0 -0.866 3034.dat
1 0 -485.07 -47 -58.942 -0.5 0 0.866 0 1 0 -0.866 0 -0.5 3023.dat
1 0 -407.13 -47 -103.942 -0.866 0 -0.5 0 1 0 0.5 0 -0.866 3034.dat
1 16 -485.07 -55 -58.942 -0.5 0 0.866 0 1 0 -0.866 0 -0.5 3710.dat
1 16 -346.51 -55 -138.942 -0.5 0 0.866 0 1 0 -0.866 0 -0.5 3710.dat
1 16 -424.45 -55 -93.942 -0.5 0 0.866 0 1 0 -0.866 0 -0.5 3020.dat
1 0 -459.09 -55 -73.942 -0.5 0 0.866 0 1 0 -0.866 0 -0.5 3022.dat
1 16 -392.13 -63 -77.962 0.866 0 0.5 0 1 0 -0.5 0 0.866 3460.dat
1 16 -422.13 -63 -129.922 0.866 0 0.5 0 1 0 -0.5 0 0.866 3460.dat
1 16 -413.47 -55 -134.922 0.866 0 0.5 0 1 0 -0.5 0 0.866 3024.dat
1 16 -383.47 -55 -82.962 0.866 0 0.5 0 1 0 -0.5 0 0.866 3024.dat
1 36 -470.07 -63 -32.962 0.866 0 0.5 0 1 0 -0.5 0 0.866 3024.dat
1 36 -500.07 -63 -84.922 0.866 0 0.5 0 1 0 -0.5 0 0.866 3024.dat
1 1 -389.81 -55 -113.942 0.5 0 -0.866 0 1 0 0.866 0 0.5 4079.dat
1 16 -444.09 -71 -47.962 -0.866 0 -0.5 0 1 0 0.5 0 -0.866 3710.dat
1 16 -474.09 -71 -99.922 -0.866 0 -0.5 0 1 0 0.5 0 -0.866 3710.dat
1 16 -363.83 -55 -128.942 0.5 0 -0.866 0 1 0 0.866 0 0.5 3829.dat
1 0 -363.6222 -81.32 -129.062 0.5196 0.6928 0.5 -0.8 0.6 0 -0.3 -0.4 0.866 3828.dat
1 16 -331.51 -87 -112.962 0.5 0 -0.866 0 1 0 0.866 0 0.5 4070.dat
1 16 -361.51 -87 -164.922 0.5 0 -0.866 0 1 0 0.866 0 0.5 4070.dat
1 0 -346.51 -79 -138.942 0.5 0 -0.866 0 1 0 0.866 0 0.5 3004.dat
1 4 -450.43 -87 -78.942 0.5 0 -0.866 0 1 0 0.866 0 0.5 3135.dat
1 7 -504.988 -106 -47.442 0.5 0 -0.866 0 1 0 0.866 0 0.5 3136.dat
1 16 -400.79 -87 -72.962 0.5 0 -0.866 0 1 0 0.866 0 0.5 3005.dat
1 16 -430.79 -87 -124.922 0.5 0 -0.866 0 1 0 0.866 0 0.5 3005.dat
1 16 -378.83 -87 -154.922 0.5 0 -0.866 0 1 0 0.866 0 0.5 3821.dat
1 16 -348.83 -87 -102.962 0.5 0 -0.866 0 1 0 0.866 0 0.5 3822.dat
1 16 -346.51 -87 -138.942 0.5 0 -0.866 0 1 0 0.866 0 0.5 3023.dat
1 46 -319.386 -77 -119.962 0.5 -0.866 0 0 0 -1 0.866 0.5 0 3024.dat
1 46 -349.386 -77 -171.922 0.5 -0.866 0 0 0 -1 0.866 0.5 0 3024.dat
1 7 -445.43 -95 -70.282 -0.866 0 -0.5 0 1 0 0.5 0 -0.866 4081.dat
1 7 -455.43 -95 -87.602 0.866 0 0.5 0 1 0 -0.5 0 0.866 4081.dat
1 4 -450.43 -103 -78.942 0.5 0 -0.866 0 1 0 0.866 0 0.5 3023.dat
1 47 -363.83 -135 -128.942 0.5 0 -0.866 0 1 0 0.866 0 0.5 3823.dat
1 4 -363.83 -143 -128.942 -0.5 0 0.866 0 1 0 -0.866 0 -0.5 3710.dat
1 46 -348.83 -151 -102.962 0.5 0 -0.866 0 1 0 0.866 0 0.5 3024.dat
1 46 -378.83 -151 -154.922 0.5 0 -0.866 0 1 0 0.866 0 0.5 3024.dat
1 4 -415.79 -135 -98.942 0.5 0 -0.866 0 1 0 0.866 0 0.5 4083.dat
1 0 -372.49 -31 -123.942 0.5 0 -0.866 0 1 0 0.866 0 0.5 422.dat
1 4 -372.49 -25 -123.942 0.5 0 -0.866 0 1 0 0.866 0 0.5 u9132.dat
1 0 -459.09 -31 -73.942 0.5 0 -0.866 0 1 0 0.866 0 0.5 422.dat
1 4 -459.09 -25 -73.942 0.5 0 -0.866 0 1 0 0.866 0 0.5 u9132.dat
1 256 -356.99 -25 -97.096 -0.866 0 -0.5 0 1 0 0.5 0 -0.866 4084.dat
1 256 -443.59 -25 -47.096 -0.866 0 -0.5 0 1 0 0.5 0 -0.866 4084.dat
1 256 -474.59 -25 -100.788 -0.866 0 -0.5 0 1 0 0.5 0 -0.866 4084.dat
1 256 -387.99 -25 -150.788 -0.866 0 -0.5 0 1 0 0.5 0 -0.866 4084.dat
1 0 -449.286 -93 -44.962 0.5 0.866 0 0 0 1 0.866 -0.5 0 4006.dat
