0 Main
0 Name: 4025 - Fire Boat.mpd
0 Author: LTRON
1 4 0 -80 0 1 0 0 0 1 0 0 0 1 185.dat
1 4 0 -80 -160 1 0 0 0 1 0 0 0 1 185.dat
1 4 0 -80 160 1 0 0 0 1 0 0 0 1 185.dat
1 4 0 -80 -310 1 0 0 0 1 0 0 0 1 997.dat
1 4 0 -80 300 1 0 0 0 1 0 0 0 1 164.dat
1 15 -30 -104 -140 0 0 -1 0 1 0 1 0 0 3010.dat
1 15 -30 -104 -60 0 0 -1 0 1 0 1 0 0 3010.dat
1 15 -30 -104 20 0 0 -1 0 1 0 1 0 0 3010.dat
1 15 0 -104 -80 0 0 -1 0 1 0 1 0 0 3001.dat
1 15 10 -104 -30 -1 0 0 0 1 0 0 0 -1 3622.dat
1 15 30 -104 -140 0 0 -1 0 1 0 1 0 0 3010.dat
1 15 30 -104 20 0 0 -1 0 1 0 1 0 0 3010.dat
1 15 -30 -128 50 0 0 1 0 1 0 -1 0 0 4070.dat
1 15 30 -128 50 0 0 -1 0 1 0 1 0 0 4070.dat
1 15 0 -112 -60 0 0 -1 0 1 0 1 0 0 3020.dat
1 15 0 -112 -110 -1 0 0 0 1 0 0 0 -1 3710.dat
1 15 -30 -112 -150 0 0 1 0 1 0 -1 0 0 3623.dat
1 15 30 -112 -150 0 0 1 0 1 0 -1 0 0 3623.dat
1 4 0 -88 -300 1 0 0 0 1 0 0 0 1 3680.dat
1 7 0 -88 -300 0.966 0 -0.259 0 1 0 0.259 0 0.966 3679.dat
1 15 0 -120 -140 1 0 0 0 1 0 0 0 1 3031.dat
1 15 -10 -120 -70 0 0 -1 0 1 0 1 0 0 3623.dat
1 15 0 -120 -30 1 0 0 0 1 0 0 0 1 3023.dat
1 15 10 -120 -90 0 0 -1 0 1 0 1 0 0 4085.dat
1 15 10 -120 -70 0 0 -1 0 1 0 1 0 0 4085.dat
1 15 10 -120 -50 0 0 -1 0 1 0 1 0 0 4085.dat
1 4 -2.588 -96 -290.341 -0.966 0 0.259 0 1 0 -0.259 0 -0.966 3023.dat
1 15 0 -128 -200 1 0 0 0 1 0 0 0 1 4209.dat
1 0 0 -104 -210 1 0 0 0 1 0 0 0 1 4208.dat
1 7 24 -120 -225 -1 0 0 0 1 0 0 0 -1 4210.dat
1 7 30 -128 -140 0 0 -1 0 1 0 1 0 0 4175.dat
1 7 -30 -128 -140 0 0 1 0 1 0 -1 0 0 4175.dat
1 15 0 -128 -50 0 0 1 0 1 0 -1 0 0 3021.dat
1 15 20 -128 100 0 0 -1 0 1 0 1 0 0 4209.dat
1 0 30 -104 100 0 0 -1 0 1 0 1 0 0 4208.dat
1 7 45 -120 124 0 0 1 0 1 0 -1 0 0 4210.dat
1 15 -20 -128 100 0 0 1 0 1 0 -1 0 0 4209.dat
1 0 -30 -104 100 0 0 1 0 1 0 -1 0 0 4208.dat
1 7 -45 -120 76 0 0 -1 0 1 0 1 0 0 4210.dat
1 4 -2.588 -104 -290.341 -0.966 0 0.259 0 1 0 -0.259 0 -0.966 3069.dat
1 15 -30 -128 -170 -1 0 0 0 1 0 0 0 -1 3024.dat
1 15 -30 -128 -110 -1 0 0 0 1 0 0 0 -1 3024.dat
1 15 30 -128 -110 -1 0 0 0 1 0 0 0 -1 3024.dat
1 15 30 -128 -170 -1 0 0 0 1 0 0 0 -1 3024.dat
1 15 0 -128 -100 -1 0 0 0 1 0 0 0 -1 3022.dat
1 15 30 -128 0 0 0 1 0 1 0 -1 0 0 3010.dat
1 15 -30 -128 0 0 0 1 0 1 0 -1 0 0 3010.dat
1 7 0 -136 130 -1 0 0 0 1 0 0 0 -1 4175.dat
1 4 2.588 -96 -309.659 -0.966 0 0.259 0 1 0 -0.259 0 -0.966 3710.dat
1 4 0 -88 280 0 0 -1 0 1 0 1 0 0 3020.dat
1 15 0 -136 90 0 0 -1 0 1 0 1 0 0 3021.dat
1 15 -30 -136 0 0 0 -1 0 1 0 1 0 0 3794.dat
1 15 30 -136 0 0 0 -1 0 1 0 1 0 0 3794.dat
1 15 0 -152 -180 1 0 0 0 1 0 0 0 1 3001.dat
1 4 2.588 -120 -309.659 -0.966 0 0.259 0 1 0 -0.259 0 -0.966 3937.dat
1 4 2.588 -120 -309.659 -0.966 0.067 0.25 0 0.966 -0.259 -0.259 -0.25 -0.933 3938.dat
1 4 2.052 -127.727 -307.659 -0.25 0.067 -0.966 0.259 0.966 0 0.933 -0.25 -0.259 3021.dat
1 15 0 -160 -170 1 0 0 0 1 0 0 0 1 3829.dat
1 15 0 -152 -110 1 0 0 0 1 0 0 0 1 3010.dat
1 15 0 -152 -80 1 0 0 0 1 0 0 0 1 3003.dat
1 15 0 -152 -20 0 0 -1 0 1 0 1 0 0 3001.dat
1 15 -30 -152 30 1 0 0 0 1 0 0 0 1 3005.dat
1 15 30 -152 30 1 0 0 0 1 0 0 0 1 3005.dat
1 15 0 -152 50 1 0 0 0 1 0 0 0 1 3010.dat
1 4 0 -94 230 -1 0 0 0 1 0 0 0 -1 3149.dat
1 4 0 -94 230 -1 0 0 0 0.866 0.5 0 0.5 -0.866 3148.dat
1 4 0 -94 230 -1 0 0 0 1 0 0 0 -1 313.dat
1 4 -30 -136 0 0 0 -1 0 1 0 1 0 0 3838.dat
1 4 30 -136 0 0 0 1 0 1 0 -1 0 0 3838.dat
1 15 -30 -152 -30 1 0 0 0 1 0 0 0 1 3005.dat
1 15 30 -152 -30 1 0 0 0 1 0 0 0 1 3005.dat
1 4 -0.984 -132.867 -296.329 0.966 0.067 -0.25 0 0.966 0.259 0.259 -0.25 0.933 4079.dat
1 4 0 -157.856 308.603 1 0 0 0 0.866 -0.5 0 0.5 0.866 3149.dat
1 4 0 -157.856 308.603 1 0 0 0 1 0 0 0 1 3148.dat
1 4 0 -157.856 308.603 1 0 0 0 0.866 -0.5 0 0.5 0.866 313.dat
1 15 -30 -176 -190 -1 0 0 0 1 0 0 0 -1 3040.dat
1 15 30 -176 -190 -1 0 0 0 1 0 0 0 -1 3040.dat
1 15 -30 -176 -110 1 0 0 0 1 0 0 0 1 3005.dat
1 15 30 -176 -110 1 0 0 0 1 0 0 0 1 3005.dat
1 15 0 -176 -80 0 0 -1 0 1 0 1 0 0 3001.dat
1 15 0 -176 -30 1 0 0 0 1 0 0 0 1 3010.dat
1 15 0 -160 20 1 0 0 0 1 0 0 0 1 3031.dat
1 4 5.445 -156.086 -320.32 0.966 0.067 -0.25 0 0.966 0.259 0.259 -0.25 0.933 3004.dat
1 15 -20 -184 -90 0 0 -1 0 1 0 1 0 0 3021.dat
1 15 20 -184 -90 0 0 -1 0 1 0 1 0 0 3021.dat
1 15 0 -184 -40 -1 0 0 0 1 0 0 0 -1 3020.dat
1 1 0 -184 -10 -1 0 0 0 1 0 0 0 -1 3004.dat
1 14 -30 -176 100 0 0 1 0 1 0 -1 0 0 4083.dat
1 14 30 -176 100 0 0 1 0 1 0 -1 0 0 4083.dat
1 4 0 -175.856 258.603 0 0 1 0 1 0 -1 0 0 3032.dat
1 4 -4.751 -163.813 -320.908 0.25 0.067 0.966 -0.259 0.966 0 -0.933 -0.25 0.259 4081.dat
1 4 14.568 -163.813 -315.731 -0.25 0.067 -0.966 0.259 0.966 0 0.933 -0.25 -0.259 4081.dat
1 15 0 -176 -190 -1 0 0 0 1 0 0 0 -1 3004.dat
1 15 30 -208 -70 -1 0 0 0 1 0 0 0 -1 3040.dat
1 15 -30 -208 -70 -1 0 0 0 1 0 0 0 -1 3040.dat
1 15 -30 -208 -100 0 0 1 0 1 0 -1 0 0 3004.dat
1 15 0 -208 -100 0 0 1 0 1 0 -1 0 0 3003.dat
1 15 30 -208 -100 0 0 1 0 1 0 -1 0 0 3004.dat
1 1 0 -192 -40 0 0 1 0 1 0 -1 0 0 3020.dat
1 1 0 -216 -60 0 0 1 0 1 0 -1 0 0 3003.dat
1 1 0 -240 -60 0 0 1 0 1 0 -1 0 0 3003.dat
1 1 0 -264 -60 0 0 1 0 1 0 -1 0 0 3003.dat
1 7 0 -183.856 208.603 1 0 0 0 1 0 0 0 1 4175.dat
1 15 -30 -232 -90 -1 0 0 0 1 0 0 0 -1 3040.dat
1 15 0 -232 -90 -1 0 0 0 1 0 0 0 -1 3004.dat
1 15 0 -216 -110 -1 0 0 0 1 0 0 0 -1 3710.dat
1 15 0 -224 -110 -1 0 0 0 1 0 0 0 -1 3710.dat
1 1 0 -264 -30 -1 0 0 0 1 0 0 0 -1 3684.dat
1 47 0 -224 -210 1 0 0 0 1 0 0 0 1 4284.dat
1 14 31.566 -120 -301.895 0.966 -0.259 0 0 0 -1 0.259 0.966 0 3959.dat
1 14 -26.39 -120 -317.424 0.966 -0.259 0 0 0 -1 0.259 0.966 0 3959.dat
1 0 -30 -199.856 208.603 0.866 -0.5 0 0 0 -1 0.5 0.866 0 3959.dat
1 0 30 -199.856 208.603 0.866 0.5 0 0 0 -1 -0.5 0.866 0 3959.dat
1 4 4.373 -171.541 -316.32 0.966 0.067 -0.25 0 0.966 0.259 0.259 -0.25 0.933 3023.dat
1 15 30 -232 -90 -1 0 0 0 1 0 0 0 -1 3040.dat
1 15 0 -232 -110 1 0 0 0 1 0 0 0 1 4315.dat
1 15 0 -232 -160 1 0 0 0 1 0 0 0 1 4213.dat
1 15 0 -232 -210 1 0 0 0 1 0 0 0 1 3023.dat
1 34 -30 -232 -210 1 0 0 0 1 0 0 0 1 3024.dat
1 36 30 -232 -210 1 0 0 0 1 0 0 0 1 3024.dat
1 0 0 -272 -50 0 0 -1 0 1 0 1 0 0 3021.dat
1 14 -21.435 -164.47 -335.914 0.966 0.067 -0.25 0 0.966 0.259 0.259 -0.25 0.933 3959.dat
1 14 36.52 -164.47 -320.385 0.966 0.067 -0.25 0 0.966 0.259 0.259 -0.25 0.933 3959.dat
1 14 30 -208 20 0 0 1 0 1 0 -1 0 0 4083.dat
1 14 -30 -208 20 0 0 1 0 1 0 -1 0 0 4083.dat
1 14 -30 -223.856 258.603 0 0 1 0 1 0 -1 0 0 4083.dat
1 14 30 -223.856 258.603 0 0 1 0 1 0 -1 0 0 4083.dat
1 14 0 -223.856 308.603 -1 0 0 0 1 0 0 0 -1 4083.dat
1 0 30 -125 -50 0.966 0 -0.259 0 1 0 0.259 0 0.966 3835.dat
1 0 30 -125 -70 1 0 0 0 1 0 0 0 1 3835.dat
1 0 30 -116 -90 -0.866 0 0.5 0 1 0 -0.5 0 -0.866 3962.dat
1 0 50 -104 170 1 0 0 0 0 -1 0 1 0 3959.dat
1 0 -50 -104 170 1 0 0 0 0 -1 0 1 0 3959.dat
1 15 0 -240 -180 1 0 0 0 1 0 0 0 1 4289.dat
1 46 0 -312 -170 1 0 0 0 1 0 0 0 1 6141.dat
1 14 -15.435 -170.681 -358.307 0.966 0.25 0.067 0 -0.259 0.966 0.259 -0.933 -0.25 3062.dat
1 14 42.52 -170.681 -342.777 0.966 0.25 0.067 0 -0.259 0.966 0.259 -0.933 -0.25 3062.dat
1 0 0 -190.501 -140.388 1 0 0 0 0.966 -0.259 0 0.259 0.966 973.dat
1 14 0 -213.683 -146.6 0.769 0 -0.639 -0.165 0.966 -0.199 0.617 0.259 0.743 3626.dat
1 0 0 -215.856 269.603 1 0 0 0 1 0 0 0 1 3815.dat
1 0 0 -247.856 269.603 1 0 0 0 1 0 0 0 1 973.dat
1 14 0 -271.856 269.603 0.986 0 -0.169 0 1 0 0.169 0 0.986 3626.dat
1 0 0 -271.856 269.603 0.986 0 -0.169 0 1 0 0.169 0 0.986 3834.dat
1 0 -4.391 -151.083 -283.615 0.966 0.067 -0.25 0 0.966 0.259 0.259 -0.25 0.933 3815.dat
1 0 -6.535 -181.995 -275.615 0.966 0.067 -0.25 0 0.966 0.259 0.259 -0.25 0.933 973.dat
1 14 -8.143 -205.179 -269.615 0.910226 0.067 -0.409754 0.043771 0.966 0.255374 0.413051 -0.25 0.876167 3626.dat
1 0 -8.143 -205.179 -269.615 0.910226 0.067 -0.409754 0.043771 0.966 0.255374 0.413051 -0.25 0.876167 3834.dat
1 16 50 -104 194 1 0 0 0 0 1 0 -1 0 165.dat
1 16 42 -199.856 229.387 0.866 -0.5 0 0 0 1 -0.5 -0.866 0 165.dat
1 16 -50 -104 194 1 0 0 0 0 1 0 -1 0 165.dat
1 16 -42 -199.856 229.387 0.866 0.5 0 0 0 1 0.5 -0.866 0 165.dat
