0 Main
0 Name: 852 - Helicopter.mpd
0 Author: LTRON
1 14 0 0 20 1 0 0 0 1 0 0 0 1 3030.dat
1 14 -30 -24 80 0 0 1 0 1 0 -1 0 0 3702.dat
1 14 30 -24 80 0 0 1 0 1 0 -1 0 0 3702.dat
1 14 -30 -24 -160 0 0 1 0 1 0 -1 0 0 3703.dat
1 14 30 -24 -160 0 0 1 0 1 0 -1 0 0 3703.dat
1 14 -50 -24 0 0 0 1 0 1 0 -1 0 0 3701.dat
1 14 50 -24 0 0 0 1 0 1 0 -1 0 0 3701.dat
1 7 -40 -14 20 1 0 0 0 1 0 0 0 1 3673.dat
1 7 40 -14 20 1 0 0 0 1 0 0 0 1 3673.dat
1 0 0 -14.196 -240.108 1 0 0 0 0.190809 -0.981627 0 0.981627 0.190809 3706.dat
1 7 50 -14.196 -240.108 0 0 -1 -0.981627 0.190809 0 0.190809 0.981627 0 3651.dat
1 7 -50 -14.196 -240.108 0 0 1 0.981627 0.190809 0 -0.190809 0.981627 0 3651.dat
1 14 10 -24 0 0 0 1 0 1 0 -1 0 0 3701.dat
1 14 -10 -24 0 0 0 1 0 1 0 -1 0 0 3701.dat
1 14 0 -48 -80 1 0 0 0 1 0 0 0 1 3001.dat
1 14 0 -32 -130 1 0 0 0 1 0 0 0 1 3710.dat
1 14 90 -24 -100 0 0 1 0 1 0 -1 0 0 3703.dat
1 14 -90 -24 -100 0 0 1 0 1 0 -1 0 0 3703.dat
1 0 0 -14 -20 1 0 0 0 1 0 0 0 1 3737.dat
1 7 70 -14 -20 0 0 -1 0 1 0 1 0 0 3713.dat
1 7 -70 -14 -20 0 0 1 0 1 0 -1 0 0 3713.dat
1 7 80 -14 -100 1 0 0 0 0.939693 -0.34202 0 0.34202 0.939693 3673.dat
1 7 -80 -14 -100 1 0 0 0 0.99863 -0.052336 0 0.052336 0.99863 3673.dat
1 14 70 -15.763 -77.934 0 0 1 -0.374607 0.927184 0 -0.927184 -0.374607 0 3701.dat
1 14 70 6.494 -86.925 0 0 1 -0.374607 0.927184 0 -0.927184 -0.374607 0 3701.dat
1 7 60 0.834 -63.286 1 0 0 0 0.920505 -0.390731 0 0.390731 0.920505 3673.dat
1 14 -70 -15.763 -77.934 0 0 1 -0.374607 0.927184 0 -0.927184 -0.374607 0 3701.dat
1 14 -70 6.494 -86.925 0 0 1 -0.374607 0.927184 0 -0.927184 -0.374607 0 3701.dat
1 7 -60 0.834 -63.286 1 0 0 0 0.920505 -0.390731 0 0.390731 0.920505 3673.dat
1 7 60 8.223 -109.222 1 0 0 0 0.866025 -0.5 0 0.5 0.866025 3673.dat
1 7 -60 8.223 -109.222 1 0 0 0 0.866025 -0.5 0 0.5 0.866025 3673.dat
1 7 50 22.4633 -228.2254 1 0 0 0 0.992546 -0.121869 0 0.121869 0.992546 3651.dat
1 7 50 10.2764 -128.9708 -1 0 0 0 0.992546 0.121869 0 0.121869 -0.992546 3651.dat
1 0 50 16.3699 -178.5981 0 0 -1 -0.121869 0.992546 0 0.992546 0.121869 0 3706.dat
1 7 -50 22.4633 -228.2254 1 0 0 0 0.992546 -0.121869 0 0.121869 0.992546 3651.dat
1 7 -50 10.2764 -128.9708 -1 0 0 0 0.992546 0.121869 0 0.121869 -0.992546 3651.dat
1 0 -50 16.3699 -178.5981 0 0 -1 -0.121869 0.992546 0 0.992546 0.121869 0 3706.dat
1 0 70 -63.2766 -230.5677 0 0 -1 0.981627 -0.190809 0 -0.190809 -0.981627 0 3707.dat
1 7 70 -33.8277 -236.2919 1 0 0 0 -0.190809 0.981627 0 -0.981627 -0.190809 3713.dat
1 7 70 -131.9904 -217.211 1 0 0 0 -0.190809 0.981627 0 -0.981627 -0.190809 3713.dat
1 7 70 5.4373 -243.9243 -1 0 0 0 -0.190809 -0.981627 0 -0.981627 0.190809 3651.dat
1 0 -70 -63.2766 -230.5677 0 0 -1 0.981627 -0.190809 0 -0.190809 -0.981627 0 3707.dat
1 7 -70 -33.8277 -236.2919 1 0 0 0 -0.190809 0.981627 0 -0.981627 -0.190809 3713.dat
1 7 -70 -131.9904 -217.211 1 0 0 0 -0.190809 0.981627 0 -0.981627 -0.190809 3713.dat
1 7 -70 5.4373 -243.9243 -1 0 0 0 -0.190809 -0.981627 0 -0.981627 0.190809 3651.dat
1 7 60 25 -248 1 0 0 0 1 0 0 0 1 3673.dat
1 7 -60 25 -248 1 0 0 0 1 0 0 0 1 3673.dat
1 14 -10 -35.6863 -307.3137 0 0 1 -0.707107 0.707107 0 -0.707107 -0.707107 0 3701.dat
1 14 10 -35.6863 -307.3137 0 0 1 -0.707107 0.707107 0 -0.707107 -0.707107 0 3701.dat
1 7 0 -28.6152 -314.3848 1 0 0 0 0.707107 0.707107 0 -0.707107 0.707107 3673.dat
1 14 0 -69.6274 -329.9411 0 0 -1 0.707107 0.707107 0 0.707107 -0.707107 0 3020.dat
1 14 0 -13.0589 -273.3726 0 0 -1 0.707107 0.707107 0 0.707107 -0.707107 0 3020.dat
1 14 0 -71.0416 -342.6691 1 0 0 0 0.707107 0.707107 0 -0.707107 0.707107 3660.dat
1 14 -10 6.7401 -264.8873 0 0 1 -0.707107 0.707107 0 -0.707107 -0.707107 0 3700.dat
1 14 10 6.7401 -264.8873 0 0 1 -0.707107 0.707107 0 -0.707107 -0.707107 0 3700.dat
1 14 0 -37.1005 -263.4731 1 0 0 0 0.707107 0.707107 0 -0.707107 0.707107 3039.dat
1 7 20 13.8112 -271.9584 1 0 0 0 0.707107 0.707107 0 -0.707107 0.707107 3673.dat
1 7 -20 13.8112 -271.9584 1 0 0 0 0.707107 0.707107 0 -0.707107 0.707107 3673.dat
1 14 0 -32 -180 1 0 0 0 1 0 0 0 1 3029.dat
1 0 0 -14 -300 1 0 0 0 1 0 0 0 1 3705.dat
1 0 50 -88.1662 -71.2902 0 0 1 0.996195 -0.087155 0 0.087155 0.996195 0 3707.dat
1 7 50 -18.4325 -65.1893 1 0 0 0 -0.087155 -0.996195 0 0.996195 -0.087155 3651.dat
1 7 50 -157.8998 -77.3911 -1 0 0 0 -0.087155 0.996195 0 0.996195 0.087155 3651.dat
1 0 -50 -88.1662 -71.2902 0 0 1 0.996195 -0.087155 0 0.087155 0.996195 0 3707.dat
1 7 -50 -18.4325 -65.1893 1 0 0 0 -0.087155 -0.996195 0 0.996195 -0.087155 3651.dat
1 7 -50 -157.8998 -77.3911 -1 0 0 0 -0.087155 0.996195 0 0.996195 0.087155 3651.dat
1 14 0 -40 -160 0 0 1 0 1 0 -1 0 0 3020.dat
1 14 0 -48 -160 0 0 1 0 1 0 -1 0 0 3020.dat
1 14 0 -48 0 0 0 1 0 1 0 -1 0 0 3001.dat
1 14 -10 -72 0 0 0 1 0 1 0 -1 0 0 3701.dat
1 14 10 -72 0 0 0 1 0 1 0 -1 0 0 3701.dat
1 14 -50 -48 -20 0 0 1 0 1 0 -1 0 0 3004.dat
1 14 -50 -72 -20 0 0 1 0 1 0 -1 0 0 3700.dat
1 7 40 -14 100 1 0 0 0 1 0 0 0 1 3673.dat
1 7 40 -14 60 1 0 0 0 1 0 0 0 1 3673.dat
1 7 -40 -14 60 1 0 0 0 1 0 0 0 1 3673.dat
1 7 -40 -14 100 1 0 0 0 1 0 0 0 1 3673.dat
1 14 0 -32 -240 -1 0 0 0 1 0 0 0 -1 3020.dat
1 14 50 -32 -270 1 0 0 0 1 0 0 0 1 3623.dat
1 14 -50 -32 -270 1 0 0 0 1 0 0 0 1 3623.dat
1 14 60 -32 -290 1 0 0 0 1 0 0 0 1 3710.dat
1 14 -60 -32 -290 1 0 0 0 1 0 0 0 1 3710.dat
1 14 100 -32 -250 0 0 1 0 1 0 -1 0 0 3021.dat
1 14 -100 -32 -250 0 0 1 0 1 0 -1 0 0 3021.dat
1 14 80 -24 -270 1 0 0 0 1 0 0 0 1 3660.dat
1 14 50 -24 -270 1 0 0 0 1 0 0 0 1 3665.dat
1 14 -50 -24 -270 1 0 0 0 1 0 0 0 1 3665.dat
1 14 -80 -24 -270 1 0 0 0 1 0 0 0 1 3660.dat
1 0 90 -56 -270 -1 0 0 0 1 0 0 0 -1 3040.dat
1 0 30 -56 -270 -1 0 0 0 1 0 0 0 -1 3040.dat
1 0 -30 -56 -270 -1 0 0 0 1 0 0 0 -1 3040.dat
1 0 -90 -56 -270 -1 0 0 0 1 0 0 0 -1 3040.dat
1 0 0 -62 -100 0 0 1 0 1 0 -1 0 0 3706.dat
1 14 0 -72 -130 1 0 0 0 1 0 0 0 1 3700.dat
1 14 0 -72 -150 1 0 0 0 1 0 0 0 1 3700.dat
1 7 0 -62 -50 1 0 0 0 1 0 0 0 1 3648.dat
1 14 0 -72 -70 1 0 0 0 1 0 0 0 1 3701.dat
1 14 0 -72 -90 1 0 0 0 1 0 0 0 1 3701.dat
1 7 0 -62 -110 1 0 0 0 1 0 0 0 1 3647.dat
1 14 0 -80 0 0 0 1 0 1 0 -1 0 0 3020.dat
1 14 0 -88 0 0 0 1 0 1 0 -1 0 0 3020.dat
1 14 0 -72 -180 1 0 0 0 1 0 0 0 1 3003.dat
1 14 0 -80 -160 0 0 1 0 1 0 -1 0 0 3020.dat
1 14 0 -88 -160 0 0 1 0 1 0 -1 0 0 3020.dat
1 14 0 -80 -80 -1 0 0 0 1 0 0 0 -1 3020.dat
1 14 0 -88 -80 -1 0 0 0 1 0 0 0 -1 3020.dat
1 7 100 -14 0 1 0 0 0 1 0 0 0 1 3673.dat
1 7 100 -14 -40 1 0 0 0 1 0 0 0 1 3673.dat
1 7 100 -14 -220 1 0 0 0 1 0 0 0 1 3673.dat
1 7 -100 -14 -220 1 0 0 0 1 0 0 0 1 3673.dat
1 7 -100 -14 -40 1 0 0 0 1 0 0 0 1 3673.dat
1 7 -100 -14 0 1 0 0 0 1 0 0 0 1 3673.dat
1 14 0 -112 -170 1 0 0 0 1 0 0 0 1 3039.dat
1 7 0 -102 -112 1 0 0 0 1 0 0 0 1 3650.dat
1 0 0 -102 -120 0 0 -1 0 1 0 1 0 0 3705.dat
1 14 0 -112 -130 1 0 0 0 1 0 0 0 1 3700.dat
1 14 0 -112 -90 1 0 0 0 1 0 0 0 1 3701.dat
1 14 0 -112 -150 1 0 0 0 1 0 0 0 1 3700.dat
1 14 0 -112 -30 -1 0 0 0 1 0 0 0 -1 3700.dat
1 14 0 -112 -10 -1 0 0 0 1 0 0 0 -1 3700.dat
1 14 0 -112 10 -1 0 0 0 1 0 0 0 -1 3700.dat
1 14 0 -112 30 -1 0 0 0 1 0 0 0 -1 3700.dat
1 7 0 -102 -50 -1 0 0 0 1 0 0 0 -1 3647.dat
1 7 0 -102 70 -1 0 0 0 1 0 0 0 -1 3712.dat
1 14 0 -112 -70 1 0 0 0 1 0 0 0 1 3701.dat
1 0 0 -102 0 0 0 -1 0 1 0 1 0 0 3707.dat
1 14 0 -120 0 0 0 1 0 1 0 -1 0 0 3020.dat
1 14 -10 -144 0 0 0 1 0 1 0 -1 0 0 3701.dat
1 14 10 -144 0 0 0 1 0 1 0 -1 0 0 3701.dat
1 7 20 -134 0 1 0 0 0 1 0 0 0 1 3673.dat
1 7 -20 -134 0 1 0 0 0 1 0 0 0 1 3673.dat
1 7 0 -134 -20 1 0 0 0 1 0 0 0 1 3673.dat
1 14 50 -48 -20 0 0 1 0 1 0 -1 0 0 3004.dat
1 14 50 -72 -20 0 0 1 0 1 0 -1 0 0 3700.dat
1 14 90 -48 -20 0 0 1 0 1 0 -1 0 0 3004.dat
1 14 90 -72 -20 0 0 1 0 1 0 -1 0 0 3700.dat
1 14 0 -120 -80 1 0 0 0 1 0 0 0 1 3068.dat
1 14 0 -136 -150 0 0 1 0 1 0 -1 0 0 3002.dat
1 0 40 -62 -20 1 0 0 0 1 0 0 0 1 3737.dat
1 7 32 -62 -20 0 0 -1 0 1 0 1 0 0 3650.dat
1 7 110 -62 -20 0 0 -1 0 1 0 1 0 0 3713.dat
1 7 -50 -62 -20 0 0 1 0 1 0 -1 0 0 3713.dat
1 7 0 -130 -80 1 0 0 0 0 1 0 -1 0 3648.dat
1 7 130 -62 -20 0 0 1 0 1 0 -1 0 0 3736.dat
1 7 140 -62 -50 1 0 0 0 1 0 0 0 1 3673.dat
1 14 0 -144 -150 0 0 1 0 1 0 -1 0 0 3021.dat
1 0 80 -56 -180 1 0 0 0 1 0 0 0 1 3003.dat
1 0 80 -80 -180 1 0 0 0 1 0 0 0 1 3003.dat
1 0 80 -88 -180 1 0 0 0 1 0 0 0 1 3031.dat
1 0 80 -112 -150 1 0 0 0 1 0 0 0 1 3010.dat
1 0 80 -136 -150 1 0 0 0 1 0 0 0 1 3010.dat
1 0 80 -160 -150 1 0 0 0 1 0 0 0 1 3010.dat
1 0 70 -184 -150 0 0 1 0 1 0 -1 0 0 3040.dat
1 0 90 -184 -150 0 0 -1 0 1 0 1 0 0 3040.dat
1 0 -80 -56 -180 1 0 0 0 1 0 0 0 1 3003.dat
1 0 -80 -80 -180 1 0 0 0 1 0 0 0 1 3003.dat
1 0 -80 -88 -180 1 0 0 0 1 0 0 0 1 3031.dat
1 0 -80 -112 -150 1 0 0 0 1 0 0 0 1 3010.dat
1 0 -80 -136 -150 1 0 0 0 1 0 0 0 1 3010.dat
1 0 -80 -160 -150 1 0 0 0 1 0 0 0 1 3010.dat
1 0 -90 -184 -150 0 0 1 0 1 0 -1 0 0 3040.dat
1 0 -70 -184 -150 0 0 -1 0 1 0 1 0 0 3040.dat
1 4 0 -152 -80 0 0 -1 0 1 0 1 0 0 3738.dat
1 4 0 -152 40 0 0 1 0 1 0 -1 0 0 3020.dat
1 4 0 -176 -110 1 0 0 0 1 0 0 0 1 3010.dat
1 4 0 -176 -50 1 0 0 0 1 0 0 0 1 3010.dat
1 4 0 -176 50 1 0 0 0 1 0 0 0 1 3004.dat
1 4 0 -176 70 -1 0 0 0 1 0 0 0 -1 3660.dat
1 4 0 -176 -140 1 0 0 0 1 0 0 0 1 3003.dat
1 4 0 -176 0 0 0 -1 0 1 0 1 0 0 3001.dat
1 4 0 -184 -80 0 0 -1 0 1 0 1 0 0 3738.dat
1 4 0 -184 40 0 0 1 0 1 0 -1 0 0 3020.dat
1 4 0 -184 90 1 0 0 0 1 0 0 0 1 3023.dat
1 4 30 -184 -50 1 0 0 0 1 0 0 0 1 3024.dat
1 4 30 -184 -110 1 0 0 0 1 0 0 0 1 3024.dat
1 4 -30 -184 -110 1 0 0 0 1 0 0 0 1 3024.dat
1 4 -30 -184 -50 1 0 0 0 1 0 0 0 1 3024.dat
1 4 0 -208 -130 1 0 0 0 1 0 0 0 1 3039.dat
1 4 0 -208 70 -1 0 0 0 1 0 0 0 -1 3039.dat
1 4 0 -208 -110 1 0 0 0 1 0 0 0 1 3010.dat
1 4 0 -208 -50 1 0 0 0 1 0 0 0 1 3010.dat
1 4 0 -208 50 1 0 0 0 1 0 0 0 1 3004.dat
1 4 0 -208 0 0 0 -1 0 1 0 1 0 0 3001.dat
1 4 0 -216 -60 0 0 -1 0 1 0 1 0 0 3738.dat
1 14 0 -240 -80 -1 0 0 0 -1 0 0 0 1 3709.dat
1 14 30 -216 -80 0 0 -1 0 -1 0 -1 0 0 3004.dat
1 14 30 -192 -80 0 0 -1 0 -1 0 -1 0 0 3004.dat
1 14 -30 -216 -80 0 0 -1 0 -1 0 -1 0 0 3004.dat
1 14 -30 -192 -80 0 0 -1 0 -1 0 -1 0 0 3004.dat
1 14 30 -168 -80 0 0 -1 0 -1 0 -1 0 0 3700.dat
1 14 -30 -168 -80 0 0 -1 0 -1 0 -1 0 0 3700.dat
1 7 40 -178 -80 -1 0 0 0 -1 0 0 0 1 3673.dat
1 7 -40 -178 -80 -1 0 0 0 -1 0 0 0 1 3673.dat
1 14 -30 -154.0195 139.558 0 0 1 0.069756 0.997564 0 -0.997564 0.069756 0 3703.dat
1 14 30 -154.0195 139.558 0 0 1 0.069756 0.997564 0 -0.997564 0.069756 0 3703.dat
1 14 -30 -176.3416 458.7785 0 0 1 0.069756 0.997564 0 -0.997564 0.069756 0 3703.dat
1 14 30 -176.3416 458.7785 0 0 1 0.069756 0.997564 0 -0.997564 0.069756 0 3703.dat
1 14 30 -193.0831 698.1939 0 0 -1 -0.069756 0.997564 0 0.997564 0.069756 0 3702.dat
1 14 -30 -193.0831 698.1939 0 0 -1 -0.069756 0.997564 0 0.997564 0.069756 0 3702.dat
1 14 0 -141.239 300.8424 1 0 0 0 0.997564 -0.069756 0 0.069756 0.997564 3031.dat
1 14 0 -163.5611 620.0629 1 0 0 0 0.997564 -0.069756 0 0.069756 0.997564 3031.dat
1 14 0 -186.805 608.4131 1 0 0 0 0.997564 -0.069756 0 0.069756 0.997564 3700.dat
1 14 0 -188.2002 628.3644 1 0 0 0 0.997564 -0.069756 0 0.069756 0.997564 3700.dat
1 14 0 -167.2732 329.0952 1 0 0 0 0.997564 -0.069756 0 0.069756 0.997564 3700.dat
1 14 0 -163.0878 269.2414 1 0 0 0 0.997564 -0.069756 0 0.069756 0.997564 3700.dat
1 14 0 -195.4831 617.8307 1 0 0 0 0.997564 -0.069756 0 0.069756 0.997564 3020.dat
1 14 0 -173.161 298.6102 1 0 0 0 0.997564 -0.069756 0 0.069756 0.997564 3031.dat
1 7 40 -142.6487 120.3043 1 0 0 0 0.997564 -0.069756 0 0.069756 0.997564 3673.dat
1 7 -40 -142.6487 120.3043 1 0 0 0 0.997564 -0.069756 0 0.069756 0.997564 3673.dat
1 7 -40 -157.9951 339.7684 1 0 0 0 0.997564 -0.069756 0 0.069756 0.997564 3673.dat
1 7 40 -157.9951 339.7684 1 0 0 0 0.997564 -0.069756 0 0.069756 0.997564 3673.dat
1 14 -30 -200.3661 687.6602 1 0 0 0 0.997564 -0.069756 0 0.069756 0.997564 3024.dat
1 14 -30 -203.8539 737.5384 0 0 1 0.069756 0.997564 0 -0.997564 0.069756 0 3023.dat
1 14 -30 -198.2734 657.7333 0 0 1 0.069756 0.997564 0 -0.997564 0.069756 0 3023.dat
1 14 -30 -205.9466 767.4653 1 0 0 0 0.997564 -0.069756 0 0.069756 0.997564 3024.dat
1 14 0 -201.7612 707.6115 1 0 0 0 0.997564 -0.069756 0 0.069756 0.997564 3710.dat
1 14 0 -193.7807 708.1696 1 0 0 0 0.997564 -0.069756 0 0.069756 0.997564 3700.dat
1 14 0 -169.8392 709.8437 1 0 0 0 0.997564 -0.069756 0 0.069756 0.997564 3710.dat
1 4 -30 -226.4003 715.913 0 0 1 0.069756 0.997564 0 -0.997564 0.069756 0 3009.dat
1 4 -30 -250.3418 714.2388 0 0 1 0.069756 0.997564 0 -0.997564 0.069756 0 3010.dat
1 4 -30 -275.6785 732.5159 0 0 1 0.069756 0.997564 0 -0.997564 0.069756 0 3010.dat
1 4 -30 -299.6201 730.8418 0 0 1 0.069756 0.997564 0 -0.997564 0.069756 0 3004.dat
1 4 -30 -324.9567 749.1189 0 0 1 0.069756 0.997564 0 -0.997564 0.069756 0 3004.dat
1 4 -30 -301.7127 760.7687 1 0 0 0 0.997564 -0.069756 0 0.069756 0.997564 3005.dat
1 4 -30 -253.8297 764.117 1 0 0 0 0.997564 -0.069756 0 0.069756 0.997564 3005.dat
1 0 0 -178.2245 629.062 0 0 1 0.069756 0.997564 0 -0.997564 0.069756 0 3708.dat
1 0 0 -158.6927 349.744 0 0 1 0.069756 0.997564 0 -0.997564 0.069756 0 3708.dat
1 7 0 -168.4586 489.403 1 0 0 0 0.997564 -0.069756 0 0.069756 0.997564 3712.dat
1 7 0 -185.2002 728.8184 1 0 0 0 0.997564 -0.069756 0 0.069756 0.997564 3647.dat
1 7 -12 -187.2929 758.7453 0 0 1 0.75471 0.656059 0 -0.656059 0.75471 0 3650.dat
1 0 20 -187.2929 758.7453 1 0 0 0 0.656059 -0.75471 0 0.75471 0.656059 3706.dat
1 14 48 -186.8583 758.7039 0 -1 0 0.75471 0 0.656059 -0.656059 0 0.75471 3709.dat
1 14 56 -216.0602 770.8386 0 -1 0 0.75471 0 0.656059 -0.656059 0 0.75471 3024.dat
1 14 56 -157.6564 746.5692 0 -1 0 0.75471 0 0.656059 -0.656059 0 0.75471 3024.dat
1 0 56 -240.6745 818.7357 0 -1 0 0.75471 0 0.656059 -0.656059 0 0.75471 3666.dat
1 0 56 -133.0421 698.6721 0 -1 0 0.75471 0 0.656059 -0.656059 0 0.75471 3666.dat
1 14 64 -186.8583 758.7039 0 -1 0 0.75471 0 0.656059 -0.656059 0 0.75471 3709.dat
1 7 74 -186.8583 758.7039 0 0 -1 0.75471 -0.656059 0 -0.656059 -0.75471 0 3713.dat
1 7 10 -187.1757 759.0472 0 0 -1 0.656059 0.75471 0 0.75471 -0.656059 0 3713.dat
1 7 0 -151.0195 240.012 1 0 0 0 0.997564 -0.069756 0 0.069756 0.997564 3712.dat
1 14 50 -94.757 214.103 0 0 1 0.515038 0.857167 0 -0.857167 0.515038 0 3703.dat
1 14 -50 -94.757 214.103 0 0 1 0.515038 0.857167 0 -0.857167 0.515038 0 3703.dat
1 7 0 -114.188 127.405 0 1 0 -0.920505 0 -0.390731 -0.390731 0 0.920505 3712.dat
1 0 0 -125.912 155.021 0 0 1 0.390731 0.920505 0 -0.920505 0.390731 0 3705.dat
1 7 0 -102.468 99.79 1 0 0 0 0.920505 -0.390731 0 0.390731 0.920505 3326.dat
1 7 0 -137.632 182.632 0 -1 0 -0.920505 0 0.390731 -0.390731 0 -0.920505 3712.dat
1 7 0 -149.354 210.251 -1 0 0 0 0.920505 0.390731 0 0.390731 -0.920505 3326.dat
1 7 50 -33.6363 68.1082 1 0 0 0 0.438371 -0.898794 0 0.898794 0.438371 3651.dat
1 7 50 -123.5157 111.9453 -1 0 0 0 0.438371 0.898794 0 0.898794 -0.438371 3651.dat
1 0 50 -78.576 90.0267 0 0 -1 -0.898794 0.438371 0 0.438371 0.898794 0 3706.dat
1 7 -50 -33.6363 68.1082 1 0 0 0 0.438371 -0.898794 0 0.898794 0.438371 3651.dat
1 7 -50 -123.5157 111.9453 -1 0 0 0 0.438371 0.898794 0 0.898794 -0.438371 3651.dat
1 0 -50 -78.576 90.0267 0 0 -1 -0.898794 0.438371 0 0.438371 0.898794 0 3706.dat
1 0 0 -241 -80 0 1 0 -1 0 0 0 0 1 3708.dat
1 1 0 -256 -80 1 0 0 0 1 0 0 0 1 3709.dat
1 1 30 -280 -80 0 0 1 0 1 0 -1 0 0 3700.dat
1 1 -30 -280 -80 0 0 1 0 1 0 -1 0 0 3700.dat
1 7 0 -306 -80 1 0 0 0 0 -1 0 1 0 3713.dat
1 7 0 -334 -80 1 0 0 0 0 1 0 -1 0 3713.dat
1 1 0 -324 -80 1 0 0 0 1 0 0 0 1 3709.dat
1 1 30 -348 -60 0 0 1 0 1 0 -1 0 0 3701.dat
1 0 50 -300 -80 0 0 1 1 0 0 0 1 0 3704.dat
1 7 50 -310 -80 -1 0 0 0 0 1 0 1 0 3651.dat
1 7 50 -290 -80 1 0 0 0 0 -1 0 1 0 3651.dat
1 7 60 -330 -80 -1 0 0 0 0 1 0 1 0 3673.dat
1 7 40 -270 -80 -1 0 0 0 0 1 0 1 0 3673.dat
1 0 -50 -300 -80 0 0 -1 1 0 0 0 -1 0 3704.dat
1 7 -50 -310 -80 1 0 0 0 0 1 0 -1 0 3651.dat
1 7 -50 -290 -80 -1 0 0 0 0 -1 0 -1 0 3651.dat
1 7 -60 -330 -80 1 0 0 0 0 1 0 -1 0 3673.dat
1 7 -40 -270 -80 1 0 0 0 0 1 0 -1 0 3673.dat
1 1 -30 -348 -100 0 0 1 0 1 0 -1 0 0 3701.dat
1 1 0 -356 -80 1 0 0 0 1 0 0 0 1 3709.dat
1 7 40 -338 -40 1 0 0 0 1 0 0 0 1 3673.dat
1 7 -40 -338 -120 1 0 0 0 1 0 0 0 1 3673.dat
1 1 70 -344.0551 -61.6573 0 0 1 0.190809 0.981627 0 -0.981627 0.190809 0 3701.dat
1 1 50 -347.8712 -42.0247 0 0 1 0.190809 0.981627 0 -0.981627 0.190809 0 3700.dat
1 1 60 -355.7243 -43.5512 1 0 0 0 0.981627 -0.190809 0 0.190809 0.981627 3022.dat
1 1 80 -316.6798 -76.7104 1 0 0 0 0.981627 -0.190809 0 0.190809 0.981627 3022.dat
1 0 90 -338.3308 -91.1061 0 0 -1 -0.190809 0.981627 0 0.981627 0.190809 0 3665.dat
1 0 120 -348.0919 -82.8163 1 0 0 0 0.981627 -0.190809 0 0.190809 0.981627 3034.dat
1 1 50 -359.7611 -64.7102 0 0 -1 -0.190809 0.981627 0 0.981627 0.190809 0 3710.dat
1 0 280 -348.0919 -82.8163 1 0 0 0 0.981627 -0.190809 0 0.190809 0.981627 3034.dat
1 0 440 -348.0919 -82.8163 1 0 0 0 0.981627 -0.190809 0 0.190809 0.981627 3034.dat
1 0 200 -340.2389 -81.2898 1 0 0 0 0.981627 -0.190809 0 0.190809 0.981627 3034.dat
1 0 360 -340.2389 -81.2898 1 0 0 0 0.981627 -0.190809 0 0.190809 0.981627 3034.dat
1 0 520 -340.2389 -81.2898 1 0 0 0 0.981627 -0.190809 0 0.190809 0.981627 3034.dat
1 0 540 -348.0919 -82.8163 1 0 0 0 0.981627 -0.190809 0 0.190809 0.981627 3022.dat
1 4 580 -348.0919 -82.8163 1 0 0 0 0.981627 -0.190809 0 0.190809 0.981627 3022.dat
1 1 -70 -344.0551 -98.3427 0 0 -1 0.190809 0.981627 0 0.981627 -0.190809 0 3701.dat
1 1 -50 -347.8712 -117.9753 0 0 -1 0.190809 0.981627 0 0.981627 -0.190809 0 3700.dat
1 1 -60 -355.7243 -116.4488 -1 0 0 0 0.981627 -0.190809 0 -0.190809 -0.981627 3022.dat
1 1 -80 -316.6798 -83.2896 -1 0 0 0 0.981627 -0.190809 0 -0.190809 -0.981627 3022.dat
1 0 -90 -338.3308 -68.8939 0 0 1 -0.190809 0.981627 0 -0.981627 -0.190809 0 3665.dat
1 0 -120 -348.0919 -77.1837 -1 0 0 0 0.981627 -0.190809 0 -0.190809 -0.981627 3034.dat
1 1 -50 -359.7611 -95.2898 0 0 1 -0.190809 0.981627 0 -0.981627 -0.190809 0 3710.dat
1 0 -280 -348.0919 -77.1837 -1 0 0 0 0.981627 -0.190809 0 -0.190809 -0.981627 3034.dat
1 0 -440 -348.0919 -77.1837 -1 0 0 0 0.981627 -0.190809 0 -0.190809 -0.981627 3034.dat
1 0 -200 -340.2389 -78.7102 -1 0 0 0 0.981627 -0.190809 0 -0.190809 -0.981627 3034.dat
1 0 -360 -340.2389 -78.7102 -1 0 0 0 0.981627 -0.190809 0 -0.190809 -0.981627 3034.dat
1 0 -520 -340.2389 -78.7102 -1 0 0 0 0.981627 -0.190809 0 -0.190809 -0.981627 3034.dat
1 0 -540 -348.0919 -77.1837 -1 0 0 0 0.981627 -0.190809 0 -0.190809 -0.981627 3022.dat
1 4 -580 -348.0919 -77.1837 -1 0 0 0 0.981627 -0.190809 0 -0.190809 -0.981627 3022.dat
1 1 0 -364 -80 0 0 1 0 1 0 -1 0 0 3020.dat
1 0 0 -372 -160 0 0 1 0 1 0 -1 0 0 3034.dat
1 0 0 -372 0 0 0 1 0 1 0 -1 0 0 3034.dat
1 0 0 -380 -220 1 0 0 0 1 0 0 0 1 3032.dat
1 0 0 -380 60 1 0 0 0 1 0 0 0 1 3032.dat
1 1 130 92 -16 0 0 1 0 1 0 -1 0 0 3703.dat
1 1 -130 92 -16 0 0 1 0 1 0 -1 0 0 3703.dat
1 7 -120 102 -135 1 0 0 0 1 0 0 0 1 3673.dat
1 7 120 102 -135 1 0 0 0 1 0 0 0 1 3673.dat
1 7 120 102 85 1 0 0 0 1 0 0 0 1 3673.dat
1 7 -120 102 85 1 0 0 0 1 0 0 0 1 3673.dat
1 0 110 44.0508 -177.0932 0 -1 0 -0.809017 0 0.587785 -0.587785 0 -0.809017 3706.dat
1 7 110 37.5786 -181.7954 -1 0 0 0 -0.587785 0.809017 0 0.809017 0.587785 3713.dat
1 7 110 86.1196 -146.5283 -1 0 0 0 0.587785 -0.809017 0 -0.809017 -0.587785 3651.dat
1 7 110 1.9819 -207.658 -1 0 0 0 -0.587785 0.809017 0 0.809017 0.587785 3651.dat
1 0 110 27.6188 -100.0348 0 0 -1 0.573576 -0.819152 0 -0.819152 -0.573576 0 3706.dat
1 7 110 -2.2073 -57.4379 1 0 0 0 -0.819152 0.573576 0 -0.573576 -0.819152 3651.dat
1 7 110 58.1842 -142.1045 0 1 0 -0.809017 0 -0.587785 -0.587785 0 0.809017 3651.dat
1 7 90 53.7595 -170.0405 0 0 -1 -0.809017 -0.587785 0 -0.587785 0.809017 0 3651.dat
1 0 -110 44.0508 -177.0932 0 -1 0 -0.809017 0 0.587785 -0.587785 0 -0.809017 3706.dat
1 7 -110 37.5786 -181.7954 -1 0 0 0 -0.587785 0.809017 0 0.809017 0.587785 3713.dat
1 7 -110 86.1196 -146.5283 -1 0 0 0 0.587785 -0.809017 0 -0.809017 -0.587785 3651.dat
1 7 -110 1.9819 -207.658 -1 0 0 0 -0.587785 0.809017 0 0.809017 0.587785 3651.dat
1 0 -110 27.6188 -100.0348 0 0 -1 0.573576 -0.819152 0 -0.819152 -0.573576 0 3706.dat
1 7 -110 -2.2073 -57.4379 1 0 0 0 -0.819152 0.573576 0 -0.573576 -0.819152 3651.dat
1 7 -110 58.1842 -142.1045 0 1 0 -0.809017 0 -0.587785 -0.587785 0 0.809017 3651.dat
1 7 -90 53.7595 -170.0405 0 0 1 -0.809017 0.587785 0 -0.587785 -0.809017 0 3651.dat
1 0 0 53.759 -170.0397 -1 0 0 0 0.809017 0.587785 0 0.587785 -0.809017 3737.dat
1 1 130 84 -176 0 0 1 0 1 0 -1 0 0 3710.dat
1 1 -130 84 -176 0 0 1 0 1 0 -1 0 0 3710.dat
1 1 -130 92 -186 1 0 0 0 1 0 0 0 1 3665.dat
1 1 130 92 -186 1 0 0 0 1 0 0 0 1 3665.dat
1 0 -110 43.8172 40.7551 0 1 0 -0.809017 0 -0.587785 -0.587785 0 0.809017 3706.dat
1 7 -110 53.5255 47.8086 1 0 0 0 0.587785 0.809017 0 -0.809017 0.587785 3713.dat
1 7 -110 85.8861 71.32 1 0 0 0 -0.587785 -0.809017 0 0.809017 -0.587785 3651.dat
1 7 -110 1.7484 10.1903 1 0 0 0 0.587785 0.809017 0 -0.809017 0.587785 3651.dat
1 7 -90 69.7052 59.5651 0 0 1 -0.809017 0.587785 0 -0.587785 -0.809017 0 3651.dat
1 0 110 43.8172 40.7551 0 1 0 -0.809017 0 -0.587785 -0.587785 0 0.809017 3706.dat
1 7 110 53.5255 47.8086 1 0 0 0 0.587785 0.809017 0 -0.809017 0.587785 3713.dat
1 7 110 85.8861 71.32 1 0 0 0 -0.587785 -0.809017 0 0.809017 -0.587785 3651.dat
1 7 110 1.7484 10.1903 1 0 0 0 0.587785 0.809017 0 -0.809017 0.587785 3651.dat
1 7 90 69.7052 59.5651 0 0 -1 -0.809017 -0.587785 0 -0.587785 0.809017 0 3651.dat
1 0 0 69.7058 59.5643 1 0 0 0 0.809017 -0.587785 0 0.587785 0.809017 3737.dat
