0 Main
0 Name: 8418 - Mini Loader.mpd
0 Author: LTRON
1 14 -20 0 120 0 1 0 -1 0 0 0 0 1 32009.dat
1 19 -30 0 -40 1 0 0 0 1 0 0 0 1 3749.dat
1 71 -30 0 40 1 0 0 0 1 0 0 0 1 3673.dat
1 0 0 0 20 0 -1 0 -1 0 0 0 0 -1 32140.dat
1 71 0 0 20 1 0 0 0 -1 0 0 0 -1 4519.dat
1 0 0 -20 -40 1 0 0 0 -1 0 0 0 -1 6558.dat
1 0 0 0 -20 1 0 0 0 -1 0 0 0 -1 6558.dat
1 0 -5 -40 60 0 -1 0 0 0 1 -1 0 0 6632.dat
1 0 0 -20 60 -1 0 0 0 0 1 0 1 0 2780.dat
1 0 5 -40 60 0 -1 0 0 0 1 -1 0 0 6632.dat
1 0 0 -40 60 -1 0 0 0 0 1 0 1 0 32062.dat
1 71 0 0 60 -1 0 0 0 0 1 0 1 0 4519.dat
1 0 -15 -20 10 0 -1 0 1 0 0 0 0 1 32063.dat
1 14 -35 -80 90 0 -1 0 1 0 0 0 0 1 32449.dat
1 0 0 -80 120 1 0 0 0 1 0 0 0 1 3705.dat
1 0 0 -80 60 1 0 0 0 1 0 0 0 1 3705.dat
1 0 -25 -90 60 0 0 1 0 -1 0 1 0 0 6575.dat
1 0 -15 -80 60 0 1 0 0 0 1 1 0 0 6632.dat
1 71 0 -80 120 1 0 0 0 1 0 0 0 1 6536.dat
1 71 0 -80 60 1 0 0 0 1 0 0 0 1 6536.dat
1 0 0 -60 90 0 0.94 -0.342 0 -0.342 -0.94 -1 0 0 3706.dat
1 71 0 -60 140 0.342 0.94 0 0.94 -0.342 0 0 0 -1 32270.dat
1 71 0 -60 90 0.342 0.94 0 0.94 -0.342 0 0 0 -1 4716.dat
1 0 0 -60 40 -0.342 0.94 0 -0.94 -0.342 0 0 0 1 3713.dat
1 14 20 0 120 0 1 0 -1 0 0 0 0 1 32009.dat
1 0 15 -20 10 0 -1 0 1 0 0 0 0 1 32063.dat
1 71 0 -110 60 -1 0 0 0 -1 0 0 0 1 4519.dat
1 19 30 0 -40 -1 0 0 0 -1 0 0 0 1 3749.dat
1 71 30 0 40 -1 0 0 0 -1 0 0 0 1 3673.dat
1 0 15 -40 60 0 1 0 0 0 -1 -1 0 0 6632.dat
1 0 -25 -65.821 -19.989 0 1 0 -0.4 0 -0.916 -0.916 0 0.4 32063.dat
1 0 10 -111.095 20.015 0 1 0 -1 0 0.027 0.027 0 1 32316.dat
1 0 0 -110.555 40.015 1 0 0 0 1 0.027 0 -0.027 1 2780.dat
1 0 0 -111.095 20.015 1 0 0 0 1 0.027 0 -0.027 1 2780.dat
1 0 -10 -111.095 20.015 0 1 0 -1 0 0.027 0.027 0 1 32316.dat
1 72 -20 -111.635 0.015 -1 0 0 0 -1 0.027 0 0.027 1 32002.dat
1 72 20 -111.635 0.015 1 0 0 0 -1 -0.027 0 0.027 -1 32002.dat
1 0 25 -90 60 0 0 1 0 -1 0 1 0 0 6575.dat
1 0 0 -80 100 1 0 0 0 -0.99 0.139 0 -0.139 -0.99 3706.dat
1 71 0 -80 100 0 0 1 -0.139 -0.99 0 0.99 -0.139 0 3647.dat
1 14 20 -80 100 0 0 -1 0.139 -0.99 0 -0.99 -0.139 0 3713.dat
1 14 -20 -80 100 0 0 1 -0.139 -0.99 0 0.99 -0.139 0 3713.dat
1 14 35 -80 90 0 -1 0 1 0 0 0 0 1 32449.dat
1 0 25 -65.821 -19.989 0 1 0 -0.4 0 -0.916 -0.916 0 0.4 32063.dat
1 71 -50 -77.217 80.195 1 0 0 0 -0.99 0.139 0 -0.139 -0.99 32039.dat
1 71 -50 -68.877 20.795 0 0 1 -0.139 -0.99 0 0.99 -0.139 0 44294.dat
1 71 -50 -60.537 -38.605 -1 0 0 0 -0.99 -0.139 0 -0.139 0.99 32039.dat
1 0 0 -57.732 -58.443 1 0 0 0 0.99 -0.139 0 0.139 0.99 3706.dat
1 0 0 -57.732 -58.443 0 0 1 0.139 0.99 0 -0.99 0.139 0 3713.dat
1 0 -20 -57.732 -58.443 -1 0 0 0 0.139 -0.99 0 -0.99 -0.139 6536.dat
1 0 20 -57.732 -58.443 -1 0 0 0 0.139 -0.99 0 -0.99 -0.139 6536.dat
1 71 35 -57.732 -58.443 0 0 -1 0.99 0.139 0 0.139 -0.99 0 32123.dat
1 71 -35 -57.732 -58.443 0 0 -1 0.99 0.139 0 0.139 -0.99 0 32123.dat
1 71 50 -77.217 80.195 1 0 0 0 -0.99 0.139 0 -0.139 -0.99 32039.dat
1 71 50 -68.877 20.795 0 0 1 -0.139 -0.99 0 0.99 -0.139 0 44294.dat
1 71 50 -60.537 -38.605 -1 0 0 0 -0.99 -0.139 0 -0.139 0.99 32039.dat
1 0 0 -45.046 -76.857 0 -1 0 -0.99 0 0.139 -0.139 0 -0.99 47973.dat
1 0 0 -15.338 -72.681 1 0 0 0 0.99 -0.139 0 0.139 0.99 30394.dat
1 14 50 0 -40 0 0 -1 0 1 0 1 0 0 30285.dat
1 256 50 0 -40 0 0 -1 0 1 0 1 0 0 30648.dat
1 256 50 0 40 0 0 -1 0 1 0 1 0 0 30648.dat
1 14 50 0 40 0 0 -1 0 1 0 1 0 0 30285.dat
1 256 -50 0 40 0 0 1 0 1 0 -1 0 0 30648.dat
1 14 -50 0 40 0 0 1 0 1 0 -1 0 0 30285.dat
1 256 -50 0 -40 0 0 1 0 1 0 -1 0 0 30648.dat
1 14 -50 0 -40 0 0 1 0 1 0 -1 0 0 30285.dat
