0 Main
0 Name: 6745 - Propellor Power - Harrier Jet.mpd
0 Author: LTRON
1 71 0 10.085 4.888 0 0 -1 0.122 0.993 0 0.993 -0.122 0 2445.dat
1 0 0 11.901 85.304 0 0 -1 0.122 0.993 0 0.993 -0.122 0 3022.dat
1 80 10 15.561 115.094 0 0 -1 0.122 0.993 0 0.993 -0.122 0 6141.dat
1 80 -10 15.561 115.094 0 0 -1 0.122 0.993 0 0.993 -0.122 0 6141.dat
1 0 0 7.021 45.584 1 0 0 0 0.993 0.122 0 -0.122 0.993 3020.dat
1 0 0 -10.059 -93.436 0 0 -1 0.122 0.993 0 0.993 -0.122 0 2445.dat
1 72 0 -16.811 48.512 0 0 -1 0.122 0.993 0 0.993 -0.122 0 6143.dat
1 15 10 -13.151 78.302 0 0 -1 0.122 0.993 0 0.993 -0.122 0 3665.dat
1 15 -10 -13.151 78.302 0 0 1 -0.122 0.993 0 -0.993 -0.122 0 3665.dat
1 15 -20 -4.611 147.812 -1 0 0 0 0.993 -0.122 0 -0.122 -0.993 41765.dat
1 15 20 -4.611 147.812 -1 0 0 0 0.993 -0.122 0 -0.122 -0.993 41764.dat
1 71 -30 -16.811 48.512 0 0 -1 0.122 0.993 0 0.993 -0.122 0 32000.dat
1 71 30 -16.811 48.512 0 0 -1 0.122 0.993 0 0.993 -0.122 0 32000.dat
1 0 40 -5.661 57.222 1 0 0 0 0.993 0.122 0 -0.122 0.993 2780.dat
1 0 -40 -5.661 57.222 1 0 0 0 0.993 0.122 0 -0.122 0.993 2780.dat
1 15 10 -21.691 8.792 0 0 -1 0.122 0.993 0 0.993 -0.122 0 3660.dat
1 15 -10 -21.691 8.792 0 0 1 -0.122 0.993 0 -0.993 -0.122 0 3660.dat
1 71 -10 -25.351 -20.998 0 0 1 -0.122 0.993 0 -0.993 -0.122 0 4287.dat
1 71 10 -25.351 -20.998 0 0 -1 0.122 0.993 0 0.993 -0.122 0 4287.dat
1 15 -10 -29.011 -50.788 0 0 1 -0.122 0.993 0 -0.993 -0.122 0 3660.dat
1 15 10 -29.011 -50.788 0 0 -1 0.122 0.993 0 0.993 -0.122 0 3660.dat
1 15 0 -22.883 -132.18 0 0 -1 0.122 0.993 0 0.993 -0.122 0 3068.dat
1 0 0 -38.175 -59.742 1 0 0 0 0.993 0.122 0 -0.122 0.993 3023.dat
1 0 0 -24.755 49.488 0 0 -1 0.122 0.993 0 0.993 -0.122 0 3030.dat
1 14 0 -11.335 158.718 1 0 0 0 0.993 0.122 0 -0.122 0.993 3023.dat
1 14 0 -7.675 188.508 1 0 0 0 0.993 0.122 0 -0.122 0.993 3022.dat
1 0 50 -33.295 -20.022 1 0 0 0 0.993 0.122 0 -0.122 0.993 3070.dat
1 0 -50 -33.295 -20.022 1 0 0 0 0.993 0.122 0 -0.122 0.993 3070.dat
1 0 0 -18.003 -92.46 1 0 0 0 0.993 0.122 0 -0.122 0.993 3020.dat
1 0 -30 -25.947 -91.484 0 0 1 -0.122 0.993 0 -0.993 -0.122 0 3023.dat
1 0 30 -25.947 -91.484 0 0 1 -0.122 0.993 0 -0.993 -0.122 0 3023.dat
1 80 -30 -32.671 -80.578 0 0 1 -0.122 0.993 0 -0.993 -0.122 0 6141.dat
1 80 30 -32.671 -80.578 0 0 1 -0.122 0.993 0 -0.993 -0.122 0 6141.dat
1 14 0 -40.615 -79.602 -1 0 0 0 0.993 -0.122 0 -0.122 -0.993 3700.dat
1 14 0 -43.055 -99.462 -1 0 0 0 0.993 -0.122 0 -0.122 -0.993 3700.dat
1 72 0 -35.321 -118.556 0 0 -1 0.122 0.993 0 0.993 -0.122 0 6587.dat
1 15 0 -36.785 -130.472 1 0 0 0 0.993 0.122 0 -0.122 0.993 41531.dat
1 71 0 -38.615 -145.367 1 0 0 0 0.993 0.122 0 -0.122 0.993 32123.dat
1 72 30 -35.111 -100.438 0 0 -1 0.122 0.993 0 0.993 -0.122 0 4081.dat
1 80 50 -34.589 -112.598 0 0 -1 -0.993 0.122 0 0.122 0.993 0 6141.dat
1 72 50 -29.709 -72.878 0 0 1 -0.993 -0.122 0 0.122 -0.993 0 3062.dat
1 80 50 -28.733 -64.934 0 0 1 -0.993 -0.122 0 0.122 -0.993 0 6141.dat
1 71 50 -25.805 -41.102 0 0 1 -0.993 -0.122 0 0.122 -0.993 0 4589.dat
1 71 50 -37.517 -136.43 0 0 -1 -0.993 0.122 0 0.122 0.993 0 4599.dat
1 72 -30 -35.111 -100.438 0 0 1 -0.122 0.993 0 -0.993 -0.122 0 4081.dat
1 80 -50 -34.589 -112.598 0 0 1 0.993 0.122 0 -0.122 0.993 0 6141.dat
1 72 -50 -29.709 -72.878 0 0 -1 0.993 -0.122 0 -0.122 -0.993 0 3062.dat
1 80 -50 -28.733 -64.934 0 0 -1 0.993 -0.122 0 -0.122 -0.993 0 6141.dat
1 71 -50 -25.805 -41.102 0 0 -1 0.993 -0.122 0 -0.122 -0.993 0 4589.dat
1 71 -50 -37.517 -136.43 0 0 1 0.993 0.122 0 -0.122 0.993 0 4599.dat
1 0 -30 -40.615 -79.602 0 0 -1 0.122 0.993 0 0.993 -0.122 0 3623.dat
1 0 30 -40.615 -79.602 0 0 -1 0.122 0.993 0 0.993 -0.122 0 3623.dat
1 0 0 -30.203 -191.76 0 0 1 -0.122 0.993 0 -0.993 -0.122 0 3020.dat
1 15 0 -38.147 -190.784 0 0 1 -0.122 0.993 0 -0.993 -0.122 0 3020.dat
1 15 0 -48.531 -209.668 0 0 1 -0.122 0.993 0 -0.993 -0.122 0 3020.dat
1 15 10 -42.431 -160.018 0 0 1 -0.122 0.993 0 -0.993 -0.122 0 3024.dat
1 15 -10 -42.431 -160.018 0 0 1 -0.122 0.993 0 -0.993 -0.122 0 3024.dat
1 14 0 -71.143 -196.81 1 0 0 0 0.993 0.122 0 -0.122 0.993 3298.dat
1 72 10 -67.483 -167.02 0 0 -1 0.122 0.993 0 0.993 -0.122 0 2877.dat
1 72 -10 -67.483 -167.02 0 0 1 -0.122 0.993 0 -0.993 -0.122 0 2877.dat
1 40 0 -90.095 -154.162 -1 0 0 0 0.993 -0.122 0 -0.122 -0.993 3065.dat
1 40 0 -69.923 -186.88 1 0 0 0 0.993 0.122 0 -0.122 0.993 30602.dat
1 14 0 -30.287 201.366 -1 0 0 0 0.993 -0.122 0 -0.122 -0.993 3747.dat
1 14 -10 -36.387 151.716 0 0 -1 0.122 0.993 0 0.993 -0.122 0 3010.dat
1 14 10 -36.387 151.716 0 0 -1 0.122 0.993 0 0.993 -0.122 0 3010.dat
1 14 0 -47.367 62.346 -1 0 0 0 0.993 -0.122 0 -0.122 -0.993 3039.dat
1 15 0 -26.599 100.114 -1 0 0 0 0.993 -0.122 0 -0.122 -0.993 3069.dat
1 14 -40 -44.927 82.206 -1 0 0 0 0.993 -0.122 0 -0.122 -0.993 6565.dat
1 14 40 -44.927 82.206 -1 0 0 0 0.993 -0.122 0 -0.122 -0.993 6564.dat
1 14 -30 -40.047 121.926 -1 0 0 0 0.993 -0.122 0 -0.122 -0.993 3040.dat
1 14 30 -40.047 121.926 -1 0 0 0 0.993 -0.122 0 -0.122 -0.993 3040.dat
1 71 -10 -37.579 10.744 0 0 -1 0.122 0.993 0 0.993 -0.122 0 3710.dat
1 71 10 -37.579 10.744 0 0 -1 0.122 0.993 0 0.993 -0.122 0 3710.dat
1 0 0 -47.963 -8.14 0 0 -1 0.122 0.993 0 0.993 -0.122 0 3022.dat
1 0 0 -43.083 31.58 0 0 -1 0.122 0.993 0 0.993 -0.122 0 3022.dat
1 71 0 -53.467 12.696 0 0 -1 0.122 0.993 0 0.993 -0.122 0 3022.dat
1 0 10 -49.807 42.486 0 0 -1 0.122 0.993 0 0.993 -0.122 0 6019.dat
1 0 10 -57.127 -17.094 0 0 -1 0.122 0.993 0 0.993 -0.122 0 6019.dat
1 0 -10 -57.127 -17.094 0 0 1 -0.122 0.993 0 -0.993 -0.122 0 6019.dat
1 0 -10 -49.807 42.486 0 0 1 -0.122 0.993 0 -0.993 -0.122 0 6019.dat
1 14 0 -60.787 -46.884 -1 0 0 0 0.993 -0.122 0 -0.122 -0.993 3001.dat
1 0 0 -56.531 53.392 0 0 -1 0.122 0.993 0 0.993 -0.122 0 2445.dat
1 0 0 -39.451 192.412 0 0 -1 0.122 0.993 0 0.993 -0.122 0 3022.dat
1 0 -30 -68.731 -45.908 0 0 -1 0.122 0.993 0 0.993 -0.122 0 3023.dat
1 0 30 -68.731 -45.908 0 0 -1 0.122 0.993 0 0.993 -0.122 0 3023.dat
1 0 0 -49.779 -88.556 1 0 0 0 0.993 0.122 0 -0.122 0.993 3795.dat
1 15 0 -74.831 -95.558 1 0 0 0 0.993 0.122 0 -0.122 0.993 3004.dat
1 71 -10 -72.391 -75.698 1 0 0 0 0.993 0.122 0 -0.122 0.993 3005.dat
1 71 10 -72.391 -75.698 1 0 0 0 0.993 0.122 0 -0.122 0.993 3005.dat
1 14 30 -73.611 -85.628 0 0 -1 0.122 0.993 0 0.993 -0.122 0 3298.dat
1 14 -30 -73.611 -85.628 0 0 1 -0.122 0.993 0 -0.993 -0.122 0 3298.dat
1 0 -30 -50.431 103.042 0 0 1 -0.122 0.993 0 -0.993 -0.122 0 3623.dat
1 0 30 -50.431 103.042 0 0 1 -0.122 0.993 0 -0.993 -0.122 0 3623.dat
1 80 -30 -55.311 63.322 0 0 1 -0.122 0.993 0 -0.993 -0.122 0 6141.dat
1 80 30 -55.311 63.322 0 0 1 -0.122 0.993 0 -0.993 -0.122 0 6141.dat
1 71 -10 -66.915 34.508 0 0 1 -0.122 0.993 0 -0.993 -0.122 0 60479.dat
1 71 10 -66.915 34.508 0 0 1 -0.122 0.993 0 -0.993 -0.122 0 60479.dat
1 14 0 -64.503 185.41 1 0 0 0 0.993 0.122 0 -0.122 0.993 3039.dat
1 14 0 -72.447 186.386 1 0 0 0 0.993 0.122 0 -0.122 0.993 3794.dat
1 0 0 -34.571 232.132 1 0 0 0 0.993 0.122 0 -0.122 0.993 3795.dat
1 14 0 -58.403 235.06 0 0 1 -0.122 0.993 0 -0.993 -0.122 0 3001.dat
1 14 60 -41.295 243.038 1 0 0 0 0.993 0.122 0 -0.122 0.993 3710.dat
1 14 -60 -41.295 243.038 1 0 0 0 0.993 0.122 0 -0.122 0.993 3710.dat
1 14 60 -44.955 213.248 0 0 -1 0.122 0.993 0 0.993 -0.122 0 41769.dat
1 14 -60 -44.955 213.248 0 0 1 -0.122 0.993 0 -0.993 -0.122 0 41770.dat
1 14 -40 -50.459 234.084 0 0 1 -0.122 0.993 0 -0.993 -0.122 0 3022.dat
1 14 40 -50.459 234.084 0 0 1 -0.122 0.993 0 -0.993 -0.122 0 3022.dat
1 14 0 -70.007 206.246 -1 0 0 0 0.993 -0.122 0 -0.122 -0.993 3794.dat
1 14 0 -67.567 226.106 -1 0 0 0 0.993 -0.122 0 -0.122 -0.993 3794.dat
1 14 0 -65.127 245.966 -1 0 0 0 0.993 -0.122 0 -0.122 -0.993 3794.dat
1 71 0 -62.687 265.826 -1 0 0 0 0.993 -0.122 0 -0.122 -0.993 2412.dat
1 14 156.088 -19.988 8.5828 0.966 -0.259 0 0.257187 0.959238 0.122 -0.031598 -0.117852 0.993 3035.dat
1 0 80.88 -45.7969 31.9134 0.966 -0.259 0 0.257187 0.959238 0.122 -0.031598 -0.117852 0.993 3020.dat
1 14 196.8 -14.9344 28.1217 0.966 -0.259 0 0.257187 0.959238 0.122 -0.031598 -0.117852 0.993 3034.dat
1 0 100.2 -44.3131 1.4915 0.966 -0.259 0 0.257187 0.959238 0.122 -0.031598 -0.117852 0.993 3666.dat
1 71 177.48 -23.7382 -1.0364 0.966 -0.259 0 0.257187 0.959238 0.122 -0.031598 -0.117852 0.993 2412.dat
1 14 119.52 -44.0494 -38.8605 0 -0.259 -0.966 0.122 0.959238 -0.257187 0.993 -0.117852 0.031598 50304.dat
1 14 235.44 -9.5269 -12.8623 0 -0.259 -0.966 0.122 0.959238 -0.257187 0.993 -0.117852 0.031598 41769.dat
1 0 150.572 -35.4677 30.6444 0 -0.259 -0.966 0.122 0.959238 -0.257187 0.993 -0.117852 0.031598 2431.dat
1 0 208.532 -20.0365 28.7485 0 -0.259 -0.966 0.122 0.959238 -0.257187 0.993 -0.117852 0.031598 2431.dat
1 0 59.488 -45.7067 11.7426 0 -0.259 -0.966 0.122 0.959238 -0.257187 0.993 -0.117852 0.031598 3022.dat
1 72 59.488 -42.0467 41.5326 -0.966 -0.259 0 -0.257187 0.959238 -0.122 0.031598 -0.117852 -0.993 60478.dat
1 72 59.488 -49.3667 -18.0474 -0.966 -0.259 0 -0.257187 0.959238 -0.122 0.031598 -0.117852 -0.993 60478.dat
1 0 57.416 -38.0328 10.7998 0 -0.259 -0.966 0.122 0.959238 -0.257187 0.993 -0.117852 0.031598 3020.dat
1 57 264.42 -0.5913 -3.8802 0.966 -0.259 0 0.257187 0.959238 0.122 -0.031598 -0.117852 0.993 54200.dat
1 72 264.42 3.0687 25.9098 -0.966 -0.259 0 -0.257187 0.959238 -0.122 0.031598 -0.117852 -0.993 61409.dat
1 14 -156.088 -19.988 8.5828 0.966 0.259 0 -0.257187 0.959238 0.122 0.031598 -0.117852 0.993 3035.dat
1 14 -196.8 -14.9344 28.1217 0.966 0.259 0 -0.257187 0.959238 0.122 0.031598 -0.117852 0.993 3034.dat
1 0 -80.88 -45.7969 31.9134 0.966 0.259 0 -0.257187 0.959238 0.122 0.031598 -0.117852 0.993 3020.dat
1 71 -177.48 -23.7382 -1.0364 0.966 0.259 0 -0.257187 0.959238 0.122 0.031598 -0.117852 0.993 2412.dat
1 0 -100.2 -44.3131 1.4915 0.966 0.259 0 -0.257187 0.959238 0.122 0.031598 -0.117852 0.993 3666.dat
1 14 -119.52 -44.0494 -38.8605 0 0.259 0.966 -0.122 0.959238 -0.257187 -0.993 -0.117852 0.031598 50305.dat
1 14 -235.44 -9.5269 -12.8623 0 0.259 0.966 -0.122 0.959238 -0.257187 -0.993 -0.117852 0.031598 41770.dat
1 0 -208.532 -20.0365 28.7485 0 0.259 0.966 -0.122 0.959238 -0.257187 -0.993 -0.117852 0.031598 2431.dat
1 0 -150.572 -35.4677 30.6444 0 0.259 0.966 -0.122 0.959238 -0.257187 -0.993 -0.117852 0.031598 2431.dat
1 0 -59.488 -45.7067 11.7426 0 0.259 0.966 -0.122 0.959238 -0.257187 -0.993 -0.117852 0.031598 3022.dat
1 72 -59.488 -42.0467 41.5326 0.966 0.259 0 -0.257187 0.959238 0.122 0.031598 -0.117852 0.993 60478.dat
1 72 -59.488 -49.3667 -18.0474 0.966 0.259 0 -0.257187 0.959238 0.122 0.031598 -0.117852 0.993 60478.dat
1 0 -57.416 -38.0328 10.7998 0 0.259 0.966 -0.122 0.959238 -0.257187 -0.993 -0.117852 0.031598 3020.dat
1 57 -264.42 -0.5913 -3.8802 0.966 0.259 0 -0.257187 0.959238 0.122 0.031598 -0.117852 0.993 54200.dat
1 72 -264.42 3.0687 25.9098 -0.966 0.259 0 0.257187 0.959238 -0.122 -0.031598 -0.117852 -0.993 61409.dat
1 14 0 -83.995 -104.512 1 0 0 0 0.993 0.122 0 -0.122 0.993 51739.dat
1 0 -30 -69.355 14.648 0 0 1 -0.122 0.993 0 -0.993 -0.122 0 4477.dat
1 0 30 -69.355 14.648 0 0 1 -0.122 0.993 0 -0.993 -0.122 0 4477.dat
1 80 -10 -93.159 -113.466 0 0 1 -0.122 0.993 0 -0.993 -0.122 0 6141.dat
1 80 10 -93.159 -113.466 0 0 1 -0.122 0.993 0 -0.993 -0.122 0 6141.dat
1 0 -10 -87.059 -63.816 0 0 1 -0.122 0.993 0 -0.993 -0.122 0 2431.dat
1 0 10 -87.059 -63.816 0 0 1 -0.122 0.993 0 -0.993 -0.122 0 2431.dat
1 71 0 -80.959 -14.166 -1 0 0 0 0.993 -0.122 0 -0.122 -0.993 2412.dat
1 0 -10 -74.859 35.484 0 0 1 -0.122 0.993 0 -0.993 -0.122 0 2431.dat
1 0 10 -74.859 35.484 0 0 1 -0.122 0.993 0 -0.993 -0.122 0 2431.dat
1 71 0 -68.759 85.134 -1 0 0 0 0.993 -0.122 0 -0.122 -0.993 2412.dat
1 46 -30 -88.279 -73.746 -1 0 0 0 0.993 -0.122 0 -0.122 -0.993 3024.dat
1 46 30 -88.279 -73.746 -1 0 0 0 0.993 -0.122 0 -0.122 -0.993 3024.dat
1 71 -50 39.8331 73.4959 1 0 0 0 0.602417 0.798757 0 -0.798757 0.602417 32013.dat
1 4 -50 15.8704 55.4234 0 0 1 -0.798757 0.602417 0 -0.602417 -0.798757 0 32062.dat
1 71 -50 -8.0923 37.3508 -1 0 0 0 0.602417 -0.798757 0 -0.798757 -0.602417 32013.dat
1 0 -40 -8.0923 37.3508 -1 0 0 0 0.602417 -0.798757 0 -0.798757 -0.602417 2780.dat
1 71 -60 39.8331 73.4959 -1 0 0 0 0.602417 -0.798757 0 -0.798757 -0.602417 3673.dat
1 71 -70 39.8331 73.4959 0 0 -1 0.798757 0.602417 0 0.602417 -0.798757 0 42610.dat
1 256 -70 39.8331 73.4959 0 0 -1 0.798757 0.602417 0 0.602417 -0.798757 0 51011.dat
1 71 50 39.8331 73.4959 -1 0 0 0 -0.602417 0.798757 0 0.798757 0.602417 32013.dat
1 4 50 15.8704 55.4234 0 0 -1 -0.798757 -0.602417 0 -0.602417 0.798757 0 32062.dat
1 71 50 -8.0923 37.3508 1 0 0 0 -0.602417 -0.798757 0 0.798757 -0.602417 32013.dat
1 0 40 -8.0923 37.3508 1 0 0 0 -0.602417 -0.798757 0 0.798757 -0.602417 2780.dat
1 71 60 39.8331 73.4959 1 0 0 0 -0.602417 -0.798757 0 0.798757 -0.602417 3673.dat
1 71 70 39.8331 73.4959 0 0 1 0.798757 -0.602417 0 0.602417 0.798757 0 42610.dat
1 256 70 39.8331 73.4959 0 0 1 0.798757 -0.602417 0 0.602417 0.798757 0 51011.dat
1 71 0 21.717 -97.34 1 0 0 0 0.993 0.122 0 -0.122 0.993 2415.dat
1 71 0 13.773 -96.364 1 0 0 0 0.993 0.122 0 -0.122 0.993 4032.dat
1 71 0 5.829 -95.388 1 0 0 0 0.993 0.122 0 -0.122 0.993 4032.dat
1 15 0 45.01 -80.042 1 0 0 0 0.993 0.122 0 -0.122 0.993 3464.dat
1 256 0 45.01 -80.042 0 0 1 -0.122 0.993 0 -0.993 -0.122 0 59895.dat
1 14 0 -74.291 237.012 0 0 -1 0.122 0.993 0 0.993 -0.122 0 3666.dat
1 0 0 -101.783 210.15 1 0 0 0 0.993 0.122 0 -0.122 0.993 3040.dat
1 0 0 -94.463 269.73 -1 0 0 0 0.993 -0.122 0 -0.122 -0.993 3040.dat
1 0 0 -98.123 239.94 0 0 -1 0.122 0.993 0 0.993 -0.122 0 52107.dat
1 0 0 -123.175 232.938 1 0 0 0 0.993 0.122 0 -0.122 0.993 3040.dat
1 0 0 -120.735 252.798 -1 0 0 0 0.993 -0.122 0 -0.122 -0.993 3040.dat
1 36 0 -120.735 252.798 1 0 0 0 0.993 0.122 0 -0.122 0.993 54200.dat
