0 Main
0 Name: 6742-1 - Mini Off-Roader - Heavy Forklift.mpd
0 Author: LTRON
1 7 0 0 0 0 0 1 0 1 0 -1 0 0 3034.dat
1 7 0 -8 -40 -1 0 0 0 1 0 0 0 -1 4600.dat
1 7 0 -8 60 -1 0 0 0 1 0 0 0 -1 4600.dat
1 7 0 -16 0 0 0 -1 0 1 0 1 0 0 3795.dat
1 14 0 -32 70 -1 0 0 0 1 0 0 0 -1 2877.dat
1 0 0 -24 -50 -1 0 0 0 1 0 0 0 -1 3023.dat
1 14 0 -24 -20 -1 0 0 0 1 0 0 0 -1 3022.dat
1 14 0 -24 10 -1 0 0 0 1 0 0 0 -1 3710.dat
1 14 0 -24 40 -1 0 0 0 1 0 0 0 -1 3022.dat
1 0 0 -32 50 -1 0 0 0 1 0 0 0 -1 3023.dat
1 8 0 -32 30 -1 0 0 0 1 0 0 0 -1 3710.dat
1 0 10 -24 -70 1 0 0 0 1 0 0 0 1 4070.dat
1 0 -10 -24 -70 1 0 0 0 1 0 0 0 1 4070.dat
1 46 10 -15 -84 1 0 0 0 0 -1 0 1 0 6141.dat
1 46 -10 -15 -84 1 0 0 0 0 -1 0 1 0 6141.dat
1 7 0 -32 -70 -1 0 0 0 1 0 0 0 -1 2412.dat
1 14 -10 -32 -40 0 0 -1 0 1 0 1 0 0 3069.dat
1 14 -10 -32 0 0 0 -1 0 1 0 1 0 0 3069.dat
1 14 20 -32 0 0 0 -1 0 1 0 1 0 0 3022.dat
1 14 10 -48 -40 0 0 -1 0 1 0 1 0 0 4865.dat
1 0 20 -40 -10 -1 0 0 0 1 0 0 0 -1 3023.dat
1 8 0 -40 40 -1 0 0 0 1 0 0 0 -1 3020.dat
1 8 0 -40 70 -1 0 0 0 1 0 0 0 -1 3710.dat
1 8 0 -48 60 -1 0 0 0 1 0 0 0 -1 3022.dat
1 7 -20 -48 30 1 0 0 0 1 0 0 0 1 48336.dat
1 7 -30 -48 50 1 0 0 0 1 0 0 0 1 6141.dat
1 7 30 -48 50 1 0 0 0 1 0 0 0 1 6141.dat
1 0 20 -48 30 -1 0 0 0 1 0 0 0 -1 3023.dat
1 14 20 -56 10 -1 0 0 0 1 0 0 0 -1 2877.dat
1 47 30 -40 -10 1 0 0 0 1 0 0 0 1 54200.dat
1 47 10 -40 -10 1 0 0 0 1 0 0 0 1 54200.dat
1 14 0 -56 40 -1 0 0 0 1 0 0 0 -1 3020.dat
1 7 -10 -72 70 1 0 0 0 1 0 0 0 1 4599.dat
1 7 10 -72 70 1 0 0 0 1 0 0 0 1 4599.dat
1 14 30 -64 30 0 0 -1 0 1 0 1 0 0 3623.dat
1 14 10 -64 30 0 0 -1 0 1 0 1 0 0 3623.dat
1 36 10 -72 30 0 0 -1 0 1 0 1 0 0 3024.dat
1 36 10 -80 30 0 0 -1 0 1 0 1 0 0 3024.dat
1 15 31 -3 60 0 0 -1 0 1 0 1 0 0 6014.dat
1 15 31 -3 -40 0 0 -1 0 1 0 1 0 0 6014.dat
1 15 -31 -3 -40 0 0 1 0 1 0 -1 0 0 6014.dat
1 15 -31 -3 60 0 0 1 0 1 0 -1 0 0 6014.dat
1 0 -37 -3 60 0 0 1 0 1 0 -1 0 0 6015.dat
1 0 37 -3 60 0 0 1 0 1 0 -1 0 0 6015.dat
1 0 37 -3 -40 0 0 1 0 1 0 -1 0 0 6015.dat
1 0 -37 -3 -40 0 0 1 0 1 0 -1 0 0 6015.dat
1 0 -20 -62.2599 -3.7452 -0.999999 0 0 0 0.707107 -0.707107 0 -0.707107 -0.707106 60470.dat
1 8 -10 -56.603 -9.402 -0.999999 0 0 0 0.707107 -0.707107 0 -0.707107 -0.707106 2420.dat
1 8 -10 -106.1 -58.8995 0 0 -0.999999 0.707106 0.707107 0 0.707106 -0.707107 0 3710.dat
1 8 -10 -97.6152 -39.1005 0 0 -0.999999 0.707106 0.707107 0 0.707106 -0.707107 0 3710.dat
1 7 0 -132.971 -74.4558 1 0 0 0 0.707107 0.707107 0 -0.707107 0.707107 48336.dat
1 8 -10 -138.627 -68.799 0.999999 0 0 0 0.707107 0.707106 0 -0.707107 0.707106 2555.dat
1 8 -10 -96.201 -26.3726 0.999999 0 0 0 0.707107 0.707106 0 -0.707107 0.707106 2555.dat
1 8 -10 -67.9167 1.9117 -0.999999 0 0 0 0.707107 -0.707106 0 -0.707107 -0.707106 2420.dat
1 7 -10 -151.355 -73.0416 -0.999999 0 0 0 0.707107 0.707106 0 0.707107 -0.707106 30374.dat
1 0 0 -132.847 -105.796 -1 0 0 0 0.707107 0.707107 0 0.707107 -0.707107 60470.dat
1 14 -20 -138.503 -111.453 1 0 0 0 0.707107 -0.707107 0 0.707107 0.707106 4623.dat
1 14 20 -138.503 -111.453 1 0 0 0 0.707107 -0.707107 0 0.707107 0.707106 4623.dat
1 8 0 -144.16 -117.11 0.999999 0 0 0 0.707107 -0.707106 0 0.707107 0.707106 3710.dat
