0 Main
0 Name: 1704-1 - Ice Planet Satellite Plough.mpd
0 Author: LTRON
1 1 0 0 0 0 0 1 0 1 0 -1 0 0 3034.dat
1 0 0 8 -60 1 0 0 0 1 0 0 0 1 2817.dat
1 7 -20 18 -60 1 0 0 0 1 0 0 0 1 3673.dat
1 7 20 18 -60 -1 0 0 0 1 0 0 0 -1 3673.dat
1 15 -30 18 -60 0 0 1 0 1 0 -1 0 0 6118.dat
1 15 30 18 -60 0 0 -1 0 1 0 1 0 0 6118.dat
1 0 0 8 0 1 0 0 0 1 0 0 0 1 2817.dat
1 7 -20 18 0 1 0 0 0 1 0 0 0 1 3673.dat
1 7 20 18 0 -1 0 0 0 1 0 0 0 -1 3673.dat
1 15 -30 18 0 0 0 1 0 1 0 -1 0 0 6118.dat
1 15 30 18 0 0 0 -1 0 1 0 1 0 0 6118.dat
1 0 0 8 60 1 0 0 0 1 0 0 0 1 2817.dat
1 7 -20 18 60 1 0 0 0 1 0 0 0 1 3673.dat
1 7 20 18 60 -1 0 0 0 1 0 0 0 -1 3673.dat
1 15 -30 18 60 0 0 1 0 1 0 -1 0 0 6118.dat
1 15 30 18 60 0 0 -1 0 1 0 1 0 0 6118.dat
1 15 0 -8 -40 1 0 0 0 1 0 0 0 1 3022.dat
1 0 0 -8 70 1 0 0 0 1 0 0 0 1 3023.dat
1 15 0 -16 70 -1 0 0 0 1 0 0 0 -1 3069.dat
1 15 0 -8 -70 1 0 0 0 1 0 0 0 1 2452.dat
1 0 0 -8 10 1 0 0 0 1 0 0 0 1 4598.dat
1 1 0 -32 -30 1 0 0 0 1 0 0 0 1 3298.dat
1 15 0 -40 -30 -1 0 0 0 1 0 0 0 -1 3069.dat
1 15 0 25.769 -95.4656 0 0 1 -0.9511 -0.309 0 0.309 -0.9511 0 4276.dat
1 1 0 23.297 -103.0744 0 0 1 -0.9511 -0.309 0 0.309 -0.9511 0 3938.dat
1 1 0.872 17.1287 -122.0603 0.9962 -0.0872 0 0.026945 0.307826 -0.9511 0.082936 0.947486 0.309 2440.dat
1 1 0 -24 82 0 0 1 0 1 0 -1 0 0 3021.dat
1 0 0 -32 62 1 0 0 0 1 0 0 0 1 4590.dat
1 15 0 -40 62 1 0 0 0 1 0 0 0 1 3023.dat
1 15 0 -48 62 1 0 0 0 1 0 0 0 1 2436.dat
1 15 0 -48 82 -1 0 0 0 1 0 0 0 -1 3039.dat
1 1 -10 -56 72 0 0 -1 0 1 0 1 0 0 3794.dat
1 1 10 -56 72 0 0 -1 0 1 0 1 0 0 3794.dat
1 38 -30 -16 74 1 0 0 0 1 0 0 0 1 6120.dat
1 38 30 -16 74 1 0 0 0 1 0 0 0 1 6120.dat
1 0 -30 -54 72 1 0 0 0 0 -1 0 1 0 4349.dat
1 0 0 -64 72 1 0 0 0 1 0 0 0 1 2452.dat
1 0 0 -78.3846 76.0414 0 0 -1 0.7071 -0.7071 0 -0.7071 -0.7071 0 4531.dat
1 15 0 -96.7692 71.7988 0 0 -1 0.7071 -0.7071 0 -0.7071 -0.7071 0 3960.dat
1 38 0 -108.0828 60.4852 0 0 -1 0.7071 -0.7071 0 -0.7071 -0.7071 0 4589.dat
1 38 30 -36 80 -1 0 0 0 0 -1 0 -1 0 6117.dat
