0 Main
0 Name: 10269 - Harley-Davidson Fat Boy.mpd
0 Author: LTRON
1 0 0 -48 100 0 0 -1 0 1 0 1 0 0 3032.dat
1 0 -30 -56 150 0 0 -1 0 1 0 1 0 0 3623.dat
1 0 30 -56 150 0 0 -1 0 1 0 1 0 0 3623.dat
1 0 30 -56 40 0 0 -1 0 1 0 1 0 0 88072.dat
1 0 -30 -56 40 0 0 1 0 1 0 -1 0 0 88072.dat
1 71 -30 -56 100 0 0 1 0 1 0 -1 0 0 99780.dat
1 71 30 -56 100 0 0 -1 0 1 0 1 0 0 99780.dat
1 0 0 -56 70 1 0 0 0 1 0 0 0 1 3710.dat
1 0 30 -48 -20 0 0 -1 0 1 0 1 0 0 3666.dat
1 0 -30 -48 -20 0 0 -1 0 1 0 1 0 0 3666.dat
1 0 -30 -56 -70 0 0 -1 0 1 0 1 0 0 3623.dat
1 0 30 -56 -70 0 0 -1 0 1 0 1 0 0 3623.dat
1 0 -40 -56 -20 0 0 -1 0 1 0 1 0 0 3022.dat
1 0 40 -56 -20 0 0 -1 0 1 0 1 0 0 3022.dat
1 0 -30 -56 10 0 0 -1 0 1 0 1 0 0 6141.dat
1 0 30 -56 10 0 0 -1 0 1 0 1 0 0 6141.dat
1 0 -20 -56 -110 1 0 0 0 1 0 0 0 1 32803.dat
1 0 20 -56 -110 1 0 0 0 1 0 0 0 1 32803.dat
1 0 20 -56 190 -1 0 0 0 1 0 0 0 -1 32803.dat
1 0 -20 -56 190 -1 0 0 0 1 0 0 0 -1 32803.dat
1 0 30 -80 40 0 0 -1 0 1 0 1 0 0 3703.dat
1 0 -30 -80 40 0 0 -1 0 1 0 1 0 0 3703.dat
1 0 0 -80 -110 1 0 0 0 1 0 0 0 1 3004.dat
1 71 0 -64 190 1 0 0 0 1 0 0 0 1 3023.dat
1 71 0 -72 190 1 0 0 0 1 0 0 0 1 3023.dat
1 4 0 -80 190 1 0 0 0 1 0 0 0 1 88072.dat
1 71 52 -58 100 0 -1 0 0 0 1 -1 0 0 3023.dat
1 0 52 -58 100 0 -1 0 1 0 0 0 0 1 61409.dat
1 71 -52 -58 100 0 1 0 0 0 1 1 0 0 3023.dat
1 0 -52 -58 100 0 1 0 -1 0 0 0 0 1 61409.dat
1 71 50 -80 -10 0 0 -1 0 1 0 1 0 0 3062.dat
1 71 -50 -80 -10 0 0 -1 0 1 0 1 0 0 3062.dat
1 71 50 -80 -30 0 0 -1 0 1 0 1 0 0 6541.dat
1 71 -50 -80 -30 0 0 -1 0 1 0 1 0 0 6541.dat
1 71 -40 -88 -20 0 0 -1 0 1 0 1 0 0 3068.dat
1 71 40 -88 -20 0 0 -1 0 1 0 1 0 0 3068.dat
1 0 60 -70 -30 1 0 0 0 0.794 0.607 0 -0.607 0.794 2780.dat
1 0 70 -62.057 -36.07 0 -1 0 0.607 0 -0.794 0.794 0 0.607 43857.dat
1 71 90 -54.113 -42.139 1 0 0 0 0.607 -0.794 0 0.794 0.607 87082.dat
1 0 -60 -70 -30 1 0 0 0 0.794 0.607 0 -0.607 0.794 2780.dat
1 0 -70 -62.057 -36.07 0 1 0 -0.607 0 -0.794 -0.794 0 0.607 43857.dat
1 71 -90 -54.113 -42.139 1 0 0 0 0.607 -0.794 0 0.794 0.607 87082.dat
1 0 0 -88 -110 1 0 0 0 1 0 0 0 1 3666.dat
1 0 0 -88 -110 -1 0 0 0 1 0 0 0 -1 85984.dat
1 72 -40 -96 -110 -1 0 0 0 1 0 0 0 -1 22890.dat
1 72 40 -96 -110 1 0 0 0 1 0 0 0 1 22890.dat
1 0 40 -104 -110 1 0 0 0 1 0 0 0 1 11458.dat
1 0 -40 -104 -110 -1 0 0 0 1 0 0 0 -1 11458.dat
1 0 50 -110 -100 0 0 -1 0 1 0 1 0 0 2780.dat
1 0 -50 -110 -100 0 0 -1 0 1 0 1 0 0 2780.dat
1 0 50 -90 -90 0 0 -1 0 1 0 1 0 0 32557.dat
1 0 -50 -90 -90 0 0 -1 0 1 0 1 0 0 32557.dat
1 4 50 -70 -100 1 0 0 0 1 0 0 0 1 11214.dat
1 4 -50 -70 -100 -1 0 0 0 -1 0 0 0 1 11214.dat
1 0 -90 -70 -100 -1 0 0 0 -1 0 0 0 1 32054.dat
1 0 90 -70 -100 1 0 0 0 1 0 0 0 1 32054.dat
1 0 79.76 -66 178.32 0.998 0 0.07 0 1 0 -0.07 0 0.998 10197.dat
1 0 77.66 -66 148.38 0.998 0 0.07 0 1 0 -0.07 0 0.998 59443.dat
1 4 76.26 -66 128.42 -0.07 0 0.998 0 1 0 -0.998 0 -0.07 32062.dat
1 0 50 -66 40 0 0.998 -0.07 1 0 0 0 -0.07 -0.998 53586.dat
1 71 79.76 -86 178.32 0.07 0.998 0 0 0 1 0.998 -0.07 0 3713.dat
1 0 30 -88 40 0 0 -1 0 1 0 1 0 0 3710.dat
1 71 30 -96 40 0 0 -1 0 1 0 1 0 0 30043.dat
1 4 50 -84 40 0 0 -1 0 1 0 1 0 0 85861.dat
1 0 0 -152 190 -1 0 0 0 1 0 0 0 -1 60594.dat
1 0 -20 -160 190 -1 0 0 0 1 0 0 0 -1 15573.dat
1 0 20 -160 190 -1 0 0 0 1 0 0 0 -1 15573.dat
1 0 0 -88 170 1 0 0 0 1 0 0 0 1 32124.dat
1 0 30 -96 170 1 0 0 0 1 0 0 0 1 3023.dat
1 0 -50 -96 180 -1 0 0 0 1 0 0 0 -1 2429.dat
1 71 -40 -120 170 1 0 0 0 1 0 0 0 1 6541.dat
1 0 20 -120 210 -1 0 0 0 1 0 0 0 -1 32555.dat
1 0 70 -110 200 -1 0 0 0 1 0 0 0 -1 2780.dat
1 0 70 -110 240 -1 0 0 0 1 0 0 0 -1 2780.dat
1 0 80 -120 240 0 0 -1 0 1 0 1 0 0 3894.dat
1 0 30 -128 170 1 0 0 0 1 0 0 0 1 3023.dat
1 0 -50 -128 180 -1 0 0 0 1 0 0 0 -1 2429.dat
1 0 -50 -128 180 0 0 -1 0 1 0 1 0 0 2430.dat
1 0 -50 -96 180 0 0 -1 0 1 0 1 0 0 2430.dat
1 0 -60 -88 220 0 0 -1 0 1 0 1 0 0 3710.dat
1 0 -60 -96 240 0 0 1 0 1 0 -1 0 0 3023.dat
1 0 -60 -120 240 0 0 1 0 1 0 -1 0 0 3894.dat
1 0 -60 -144 220 -1 0 0 0 1 0 0 0 -1 61678.dat
1 0 -60 -136 190 -1 0 0 0 1 0 0 0 -1 6141.dat
1 0 30 -136 170 0 0 -1 0 1 0 1 0 0 92946.dat
1 0 -30 -136 170 0 0 1 0 1 0 -1 0 0 92946.dat
1 71 30 -88 130 0 0 -1 0 1 0 1 0 0 3623.dat
1 71 30 -96 130 0 0 -1 0 1 0 1 0 0 3623.dat
1 71 30 -120 150 0 0 -1 0 1 0 1 0 0 3062.dat
1 0 30 -120 20 0 0 -1 0 1 0 1 0 0 3895.dat
1 1 20 -110 120 -1 0 0 0 1 0 0 0 -1 4274.dat
1 71 30 -96 -70 0 0 -1 0 1 0 1 0 0 3623.dat
1 71 30 -88 -70 0 0 -1 0 1 0 1 0 0 3623.dat
1 71 30 -128 120 0 0 -1 0 1 0 1 0 0 3710.dat
1 71 30 -136 130 0 0 -1 0 1 0 1 0 0 63864.dat
1 4 30 -128 70 0 0 -1 0 1 0 1 0 0 85861.dat
1 0 30 -136 70 0 0 -1 0 1 0 1 0 0 6141.dat
1 14 30 -128 50 0 0 -1 0 1 0 1 0 0 6019.dat
1 71 30 -128 -70 0 0 -1 0 1 0 1 0 0 3623.dat
1 71 30 -128 20 0 0 -1 0 1 0 1 0 0 3023.dat
1 0 30 -136 -80 0 0 -1 0 1 0 1 0 0 92280.dat
1 0 30 -136 40 0 0 1 0 1 0 -1 0 0 92280.dat
1 0 30 -144 60 0 0 -1 0 1 0 1 0 0 11458.dat
1 0 30 -144 -20 0 0 -1 0 1 0 1 0 0 3004.dat
1 71 30 -144 -10 -1 0 0 0 1 0 0 0 -1 54200.dat
1 71 30 -144 -30 1 0 0 0 1 0 0 0 1 54200.dat
1 70 48 -110 100 -1 0 0 0 1 0 0 0 -1 15462.dat
1 72 10 -110 100 0 0 -1 0 1 0 1 0 0 10928.dat
1 14 45 -110 100 0 0 -1 0 1 0 1 0 0 32123.dat
1 72 60 -110 100 0 0 -1 0 1 0 1 0 0 3648.dat
1 14 75 -110 100 0 0 -1 0 1 0 1 0 0 32123.dat
1 0 -10 -116.34 -98.96 0 -1 0 -0.948 0 -0.317 0.317 0 -0.948 32523.dat
1 0 0 -116.34 -98.96 -1 0 0 0 0.948 -0.317 0 -0.317 -0.948 2780.dat
1 0 0 -122.68 -117.92 -1 0 0 0 0.948 -0.317 0 -0.317 -0.948 2780.dat
1 0 10 -116.34 -98.96 0 -1 0 -0.948 0 -0.317 0.317 0 -0.948 32523.dat
1 0 20 -110 -80 -1 0 0 0 0.948 -0.317 0 -0.317 -0.948 2780.dat
1 0 -20 -110 -80 -1 0 0 0 0.948 -0.317 0 -0.317 -0.948 2780.dat
1 0 -40 -122.68 -117.92 0 1 0 0.948 0 -0.317 -0.317 0 -0.948 30374.dat
1 4 -10 -110 60 0 1 0 1 0 0 0 0 -1 32316.dat
1 70 30 -110 20 -1 0 0 0 1 0 0 0 -1 15462.dat
1 70 10 -110 60 -1 0 0 0 1 0 0 0 -1 24316.dat
1 72 10 -110 20 0 0 1 0 1 0 -1 0 0 10928.dat
1 72 10 -110 60 0 0 1 0 1 0 -1 0 0 3648.dat
1 0 -20 -110 40 -1 0 0 0 1 0 0 0 -1 2780.dat
1 71 50 -110 20 0 0 -1 0 1 0 1 0 0 94925.dat
1 4 50 -110 -20 -1 0 0 0 1 0 0 0 -1 3705.dat
1 71 0 -110 -20 0 0 -1 -1 0 0 0 1 0 2853.dat
1 14 5 -118.453 -12.287 0 -1 0 -0.386 0 0.923 -0.923 0 -0.386 32017.dat
1 14 -5 -118.453 -27.713 0 -1 0 -0.386 0 -0.923 0.923 0 -0.386 32017.dat
1 71 -30 -100 -20 0 0 -1 1 0 0 0 -1 0 2853.dat
1 1 10 -155.359 -43.138 1 0 0 0 -0.448 -0.894 0 0.894 -0.448 4274.dat
1 0 0 -173.239 -52.098 -1 0 0 0 0.448 -0.894 0 -0.894 -0.448 32126.dat
1 71 0 -191.119 -61.058 0 0 1 -0.894 0.448 0 -0.448 -0.894 0 4519.dat
1 71 0 -191.119 -61.058 0 0 1 -0.894 0.448 0 -0.448 -0.894 0 61510.dat
1 71 0 -208.999 -70.018 0 0 1 -0.894 0.448 0 -0.448 -0.894 0 61510.dat
1 1 -10 -155.359 3.138 -1 0 0 0 -0.448 -0.894 0 -0.894 0.448 4274.dat
1 0 0 -173.239 12.098 1 0 0 0 0.448 -0.894 0 0.894 0.448 32126.dat
1 71 0 -191.119 21.058 0 0 -1 -0.894 0.448 0 0.448 0.894 0 4519.dat
1 71 0 -191.119 21.058 0 0 -1 -0.894 0.448 0 0.448 0.894 0 61510.dat
1 71 0 -208.999 30.018 0 0 -1 -0.894 0.448 0 0.448 0.894 0 61510.dat
1 71 50 -110 -20 0 0 -1 0 1 0 1 0 0 94925.dat
1 71 -30 -88 130 0 0 -1 0 1 0 1 0 0 3623.dat
1 71 -30 -96 130 0 0 -1 0 1 0 1 0 0 3623.dat
1 71 -30 -120 150 0 0 -1 0 1 0 1 0 0 3062.dat
1 0 -30 -120 20 0 0 -1 0 1 0 1 0 0 3895.dat
1 71 -30 -96 -70 0 0 -1 0 1 0 1 0 0 3623.dat
1 71 -30 -88 -70 0 0 -1 0 1 0 1 0 0 3623.dat
1 71 -30 -128 120 0 0 -1 0 1 0 1 0 0 3710.dat
1 71 -30 -128 40 0 0 -1 0 1 0 1 0 0 3710.dat
1 71 -30 -128 -70 0 0 -1 0 1 0 1 0 0 3623.dat
1 71 -30 -136 130 0 0 -1 0 1 0 1 0 0 63864.dat
1 0 -30 -136 70 0 0 -1 0 1 0 1 0 0 6141.dat
1 0 -30 -136 -80 0 0 -1 0 1 0 1 0 0 92280.dat
1 0 -30 -136 40 0 0 1 0 1 0 -1 0 0 92280.dat
1 0 -30 -144 60 0 0 -1 0 1 0 1 0 0 11458.dat
1 0 -30 -144 -20 0 0 -1 0 1 0 1 0 0 3004.dat
1 71 -30 -144 -10 -1 0 0 0 1 0 0 0 -1 54200.dat
1 71 -30 -144 -30 1 0 0 0 1 0 0 0 1 54200.dat
1 0 0 -152 90 1 0 0 0 1 0 0 0 1 3659.dat
1 0 20 -160 90 1 0 0 0 1 0 0 0 1 15573.dat
1 0 -20 -160 90 1 0 0 0 1 0 0 0 1 15573.dat
1 72 -50 -120 70 0 0 -1 0 1 0 1 0 0 30526.dat
1 72 -50 -128 70 0 0 -1 0 1 0 1 0 0 32530.dat
1 71 -70 -130 70 1 0 0 0 0 1 0 -1 0 87082.dat
1 0 -30 -150 70 1 0 0 0 0 1 0 -1 0 18651.dat
1 71 -50 -96 -20 0 0 1 0 1 0 -1 0 0 3623.dat
1 71 -50 -120 0 0 0 1 0 1 0 -1 0 0 6541.dat
1 71 -50 -120 -30 0 0 1 0 1 0 -1 0 0 32000.dat
1 71 -40 -110 0 -1 0 0 0 1 0 0 0 -1 3673.dat
1 71 -40 -110 -40 -1 0 0 0 1 0 0 0 -1 3673.dat
1 0 -50 -128 -10 0 0 1 0 1 0 -1 0 0 11458.dat
1 0 -50 -128 -40 0 0 1 0 1 0 -1 0 0 3024.dat
1 71 -50 -128 0 -1 0 0 0 1 0 0 0 -1 54200.dat
1 71 -50 -128 -40 1 0 0 0 1 0 0 0 1 54200.dat
1 0 -30 -157.228 4.076 0 0 -1 0.448 0.894 0 0.894 -0.448 0 60478.dat
1 71 -30 -164.38 7.66 0 0 -1 0.448 0.894 0 0.894 -0.448 0 3023.dat
1 0 -30 -185.836 18.412 1 0 0 0 0.894 0.448 0 -0.448 0.894 32802.dat
1 71 -30 -174.204 23.768 0 0 1 -0.448 0.894 0 -0.894 -0.448 0 60897.dat
1 71 -30 -183.164 5.888 0 0 1 -0.448 0.894 0 -0.894 -0.448 0 60897.dat
1 0 -30 -185.836 18.412 0 0 1 -0.448 0.894 0 -0.894 -0.448 0 3023.dat
1 0 30 -157.228 4.076 0 0 -1 0.448 0.894 0 0.894 -0.448 0 60478.dat
1 71 30 -164.38 7.66 0 0 -1 0.448 0.894 0 0.894 -0.448 0 3023.dat
1 0 30 -185.836 18.412 1 0 0 0 0.894 0.448 0 -0.448 0.894 32802.dat
1 0 30 -185.836 18.412 0 0 1 -0.448 0.894 0 -0.894 -0.448 0 3023.dat
1 71 30 -178.684 14.828 0 0 -1 0.448 0.894 0 0.894 -0.448 0 3023.dat
1 71 -30 -179.548 48.816 0 0 1 -0.448 0.894 0 -0.894 -0.448 0 2420.dat
1 71 -30 -206.428 -4.824 1 0 0 0 0.894 0.448 0 -0.448 0.894 2420.dat
1 71 30 -179.548 48.816 -1 0 0 0 0.894 -0.448 0 -0.448 -0.894 2420.dat
1 71 30 -206.428 -4.824 0 0 -1 0.448 0.894 0 0.894 -0.448 0 2420.dat
1 0 0 -200.14 25.58 0 0 -1 0.448 0.894 0 0.894 -0.448 0 11833.dat
1 71 -30 -193.852 55.984 0 0 1 -0.448 0.894 0 -0.894 -0.448 0 2420.dat
1 71 -30 -220.732 2.344 1 0 0 0 0.894 0.448 0 -0.448 0.894 2420.dat
1 71 30 -193.852 55.984 -1 0 0 0 0.894 -0.448 0 -0.448 -0.894 2420.dat
1 71 30 -216.252 11.284 0 0 -1 0.448 0.894 0 0.894 -0.448 0 3023.dat
1 71 10 -225.212 -6.596 0 0 1 -0.448 0.894 0 -0.894 -0.448 0 18677.dat
1 0 10 -236.844 -11.952 0 0 1 -0.448 0.894 0 -0.894 -0.448 0 6141.dat
1 0 0 -214.444 32.748 0 0 -1 0.448 0.894 0 0.894 -0.448 0 11833.dat
1 71 10 -235.036 9.512 -1 0 0 0 0.894 -0.448 0 -0.448 -0.894 2420.dat
1 0 -30 -157.228 -44.076 0 0 1 0.448 0.894 0 -0.894 0.448 0 60478.dat
1 71 -30 -164.38 -47.66 0 0 -1 -0.448 0.894 0 0.894 0.448 0 3023.dat
1 0 -30 -185.836 -58.412 -1 0 0 0 0.894 0.448 0 0.448 -0.894 32802.dat
1 71 -30 -174.204 -63.768 0 0 1 0.448 0.894 0 -0.894 0.448 0 60897.dat
1 71 -30 -183.164 -45.888 0 0 1 0.448 0.894 0 -0.894 0.448 0 60897.dat
1 0 -30 -185.836 -58.412 0 0 1 0.448 0.894 0 -0.894 0.448 0 3023.dat
1 0 30 -157.228 -44.076 0 0 1 0.448 0.894 0 -0.894 0.448 0 60478.dat
1 71 30 -164.38 -47.66 0 0 -1 -0.448 0.894 0 0.894 0.448 0 3023.dat
1 0 30 -185.836 -58.412 -1 0 0 0 0.894 0.448 0 0.448 -0.894 32802.dat
1 0 30 -185.836 -58.412 0 0 1 0.448 0.894 0 -0.894 0.448 0 3023.dat
1 71 30 -178.684 -54.828 0 0 -1 -0.448 0.894 0 0.894 0.448 0 3023.dat
1 71 -30 -179.548 -88.816 1 0 0 0 0.894 -0.448 0 0.448 0.894 2420.dat
1 71 -30 -206.428 -35.176 0 0 1 0.448 0.894 0 -0.894 0.448 0 2420.dat
1 71 30 -179.548 -88.816 0 0 -1 -0.448 0.894 0 0.894 0.448 0 2420.dat
1 71 30 -206.428 -35.176 -1 0 0 0 0.894 0.448 0 0.448 -0.894 2420.dat
1 0 0 -200.14 -65.58 0 0 -1 -0.448 0.894 0 0.894 0.448 0 11833.dat
1 71 -30 -193.852 -95.984 1 0 0 0 0.894 -0.448 0 0.448 0.894 2420.dat
1 71 30 -220.732 -42.344 -1 0 0 0 0.894 0.448 0 0.448 -0.894 2420.dat
1 71 30 -193.852 -95.984 0 0 -1 -0.448 0.894 0 0.894 0.448 0 2420.dat
1 71 -30 -216.252 -51.284 0 0 1 0.448 0.894 0 -0.894 0.448 0 3023.dat
1 71 -10 -225.212 -33.404 0 0 -1 -0.448 0.894 0 0.894 0.448 0 18677.dat
1 0 -10 -236.844 -28.048 0 0 -1 -0.448 0.894 0 0.894 0.448 0 6141.dat
1 0 0 -214.444 -72.748 0 0 -1 -0.448 0.894 0 0.894 0.448 0 11833.dat
1 71 -10 -235.036 -49.512 1 0 0 0 0.894 -0.448 0 0.448 0.894 2420.dat
1 0 -10 -220.765 -20 1 0 0 0 1 0 0 0 1 32054.dat
1 71 -30 -221.597 36.35 0 0 -1 0.448 0.894 0 0.894 -0.448 0 3710.dat
1 71 30 -221.597 36.35 0 0 -1 0.448 0.894 0 0.894 -0.448 0 3710.dat
1 71 0 -208.151 63.168 -1 0 0 0 0.894 -0.448 0 -0.448 -0.894 14704.dat
1 0 0 -228.748 39.936 -1 0 0 0 0.894 -0.448 0 -0.448 -0.894 11833.dat
1 71 -30 -231.42 52.46 0 0 -1 0.448 0.894 0 0.894 -0.448 0 2420.dat
1 71 0 -222.46 70.34 -1 0 0 0 0.894 -0.448 0 -0.448 -0.894 3023.dat
1 71 0 -249.34 16.7 -1 0 0 0 0.894 -0.448 0 -0.448 -0.894 3023.dat
1 71 30 -235.9 43.52 0 0 -1 0.448 0.894 0 0.894 -0.448 0 3710.dat
1 71 -40 -244.86 25.64 0 0 1 -0.448 0.894 0 -0.894 -0.448 0 26601.dat
1 14 -30 -243.052 47.104 0 0 -1 0.448 0.894 0 0.894 -0.448 0 3023.dat
1 71 -50 -235.9 43.52 0 0 1 -0.448 0.894 0 -0.894 -0.448 0 85984.dat
1 71 -30 -250.204 50.688 0 0 -1 0.448 0.894 0 0.894 -0.448 0 45677.dat
1 71 -30 -221.597 -76.35 0 0 1 0.448 0.894 0 -0.894 0.448 0 3710.dat
1 71 30 -221.597 -76.35 0 0 1 0.448 0.894 0 -0.894 0.448 0 3710.dat
1 71 0 -208.151 -103.168 -1 0 0 0 0.894 0.448 0 0.448 -0.894 3023.dat
1 0 0 -228.748 -79.936 1 0 0 0 0.894 -0.448 0 0.448 0.894 11833.dat
1 71 -30 -231.42 -92.46 -1 0 0 0 0.894 0.448 0 0.448 -0.894 2420.dat
1 71 0 -222.46 -110.34 1 0 0 0 0.894 -0.448 0 0.448 0.894 3023.dat
1 71 0 -249.34 -56.7 1 0 0 0 0.894 -0.448 0 0.448 0.894 3023.dat
1 71 30 -235.9 -83.52 0 0 -1 -0.448 0.894 0 0.894 0.448 0 3710.dat
1 71 -40 -244.86 -65.64 -1 0 0 0 0.894 0.448 0 0.448 -0.894 26601.dat
1 14 -30 -243.052 -87.104 0 0 -1 -0.448 0.894 0 0.894 0.448 0 3023.dat
1 71 -50 -235.9 -83.52 0 0 1 0.448 0.894 0 -0.894 0.448 0 85984.dat
1 71 -30 -250.204 -90.688 0 0 -1 -0.448 0.894 0 0.894 0.448 0 45677.dat
1 71 -50 -154.557 -8.429 -1 0 0 0 0.894 -0.448 0 -0.448 -0.894 3957.dat
1 71 -50 -221.597 36.351 0 0 1 0.448 -0.894 0 0.894 0.448 0 35480.dat
1 71 -50 -145.597 9.451 -1 0 0 0 0.894 -0.448 0 -0.448 -0.894 3957.dat
1 71 -50 -145.597 -49.451 -1 0 0 0 0.894 0.448 0 0.448 -0.894 3957.dat
1 71 -50 -221.597 -76.351 0 0 1 -0.448 -0.894 0 0.894 -0.448 0 35480.dat
1 71 -50 -154.557 -31.571 -1 0 0 0 0.894 0.448 0 0.448 -0.894 3957.dat
1 28 -52 -220.765 -20 -1 0 0 0 1 0 0 0 -1 6587.dat
1 71 -80 -220.765 -20 0 1 0 1 0 0 0 0 -1 2723.dat
1 71 -50 -220.765 -20 0 1 0 1 0 0 0 0 -1 2723.dat
1 71 -90 -220.765 -20 0 1 0 1 0 0 0 0 -1 14769.dat
1 1 -60 -110 -20 -1 0 0 0 1 0 0 0 -1 43093.dat
1 71 -68 -110 -20 0 1 0 1 0 0 0 0 -1 4032.dat
1 71 -76 -110 -20 0 1 0 1 0 0 0 0 -1 4032.dat
1 71 -84 -110 -20 0 1 0 1 0 0 0 0 -1 14769.dat
1 0 40 -90 -60 -1 0 0 0 1 0 0 0 -1 15461.dat
1 0 20 -160 140 0 0 1 0 1 0 -1 0 0 3701.dat
1 0 20 -168 140 0 0 1 0 1 0 -1 0 0 3666.dat
1 0 20 -176 120 0 0 1 0 1 0 -1 0 0 3710.dat
1 0 20 -200 120 0 0 1 0 1 0 -1 0 0 3701.dat
1 1 0 -190 120 1 0 0 0 1 0 0 0 1 6558.dat
1 72 0 -150 120 -1 0 0 0 1 0 0 0 -1 11214.dat
1 4 0 -170 120 0 1 0 0 0 1 1 0 0 32523.dat
1 1 0 -190 140 1 0 0 0 1 0 0 0 1 6558.dat
1 72 0 -150 140 -1 0 0 0 1 0 0 0 -1 11214.dat
1 14 0 -130 140 0 1 0 0 0 1 1 0 0 32524.dat
1 19 10 -90 140 1 0 0 0 0 1 0 -1 0 32002.dat
1 4 0 -110 140 1 0 0 0 0 1 0 -1 0 32062.dat
1 71 15 -110 140 0 1 0 0 0 1 1 0 0 6632.dat
1 71 -15 -110 140 0 1 0 0 0 1 1 0 0 6632.dat
1 0 -20 -200 120 0 0 1 0 1 0 -1 0 0 3701.dat
1 0 -20 -176 120 0 0 1 0 1 0 -1 0 0 3710.dat
1 0 -20 -168 140 0 0 1 0 1 0 -1 0 0 3666.dat
1 0 -20 -160 140 0 0 1 0 1 0 -1 0 0 3701.dat
1 0 0 -192 170 -1 0 0 0 1 0 0 0 -1 3038.dat
1 14 20 -192 170 -1 0 0 0 1 0 0 0 -1 54200.dat
1 14 -20 -192 170 -1 0 0 0 1 0 0 0 -1 54200.dat
1 72 0 -70 140 -1 0 0 0 1 0 0 0 -1 87083.dat
1 0 -40 -90 -60 1 0 0 0 1 0 0 0 1 15461.dat
1 71 -70 -90 -60 1 0 0 0 0 1 0 -1 0 87082.dat
1 0 90 -110 260 1 0 0 0 1 0 0 0 1 32062.dat
1 0 90 -110 280 1 0 0 0 1 0 0 0 1 2780.dat
1 0 100 -110 260 0 1 0 -1 0 0 0 0 1 32140.dat
1 0 -50 -110 280 1 0 0 0 1 0 0 0 1 2780.dat
1 0 -50 -110 260 1 0 0 0 1 0 0 0 1 32062.dat
1 0 -40 -110 260 0 1 0 -1 0 0 0 0 1 32140.dat
1 72 0 -322.56 15.51 0 0 -1 0.511 0.86 0 0.86 -0.511 0 32018.dat
1 0 0 -235.49 115.046 -1 0 0 0 0.86 -0.511 0 -0.511 -0.86 15573.dat
1 0 0 -368.35 -108.554 -1 0 0 0 0.86 -0.511 0 -0.511 -0.86 15573.dat
1 0 0 -255.93 80.646 0 0 1 -0.511 0.86 0 -0.86 -0.511 0 3623.dat
1 0 0 -347.91 -74.154 0 0 1 -0.511 0.86 0 -0.86 -0.511 0 3623.dat
1 0 0 -243.94 85.158 0 0 1 -0.511 0.86 0 -0.86 -0.511 0 3710.dat
1 0 0 -346.14 -86.842 0 0 1 -0.511 0.86 0 -0.86 -0.511 0 3710.dat
1 0 0 -388.99 -96.29 1 0 0 0 0.86 0.511 0 -0.511 0.86 54200.dat
1 1 0 -365.06 -75.6 -1 0 0 0 0.86 -0.511 0 -0.511 -0.86 6558.dat
1 1 0 -324.18 -6.8 -1 0 0 0 0.86 -0.511 0 -0.511 -0.86 6558.dat
1 1 0 -262.86 96.4 -1 0 0 0 0.86 -0.511 0 -0.511 -0.86 6558.dat
1 1 0 -252.64 113.6 -1 0 0 0 0.86 -0.511 0 -0.511 -0.86 6558.dat
1 72 0 -344.62 -41.2 -1 0 0 0 0.86 -0.511 0 -0.511 -0.86 11214.dat
1 0 20 -240.8 153.11 0 0 -1 0.511 0.86 0 0.86 -0.511 0 3702.dat
1 0 40 -206.65 191 -1 0 0 0 0.511 0.86 0 0.86 -0.511 32138.dat
1 0 60 -191.32 216.8 0 -1 0 -0.86 0 -0.511 0.511 0 -0.86 32316.dat
1 0 70 -181.1 234 -1 0 0 0 0.86 -0.511 0 -0.511 -0.86 2780.dat
1 0 70 -170.88 251.2 -1 0 0 0 0.86 -0.511 0 -0.511 -0.86 2780.dat
1 0 75 -155.55 277 0 -1 0 -0.86 0 -0.511 0.511 0 -0.86 32063.dat
1 0 85 -155.55 277 0 -1 0 -0.86 0 -0.511 0.511 0 -0.86 32063.dat
1 0 90 -130 320 -1 0 0 0 0.86 -0.511 0 -0.511 -0.86 2780.dat
1 0 70 -191.32 216.8 -1 0 0 0 0.86 -0.511 0 -0.511 -0.86 2780.dat
1 0 20 -276.493 -102.473 0 0 -1 -0.86 0.511 0 0.511 0.86 0 3666.dat
1 0 20 -246.181 -129.793 0 0 1 0.86 0.511 0 -0.511 0.86 0 63868.dat
1 0 20 -314.981 -88.913 0 0 -1 -0.86 0.511 0 0.511 0.86 0 3666.dat
1 71 20 -362.493 -51.373 0 0 -1 -0.86 0.511 0 0.511 0.86 0 3710.dat
1 0 20 -335.845 -104.443 0 0 -1 -0.86 0.511 0 0.511 0.86 0 3622.dat
1 71 20 -370.245 -84.003 0 0 -1 -0.86 0.511 0 0.511 0.86 0 6541.dat
1 0 20 -292.845 -129.993 0 0 -1 -0.86 0.511 0 0.511 0.86 0 32000.dat
1 0 20 -258.445 -150.433 0 0 -1 -0.86 0.511 0 0.511 0.86 0 32000.dat
1 0 20 -314.133 -126.653 0 0 -1 -0.86 0.511 0 0.511 0.86 0 4162.dat
1 0 30 -244.735 -146.943 -1 0 0 0 0.511 0.86 0 0.86 -0.511 6628.dat
1 1 20 -311.741 -44.293 0 0 -1 -0.86 0.511 0 0.511 0.86 0 3710.dat
1 1 20 -307.653 -37.413 0 0 -1 -0.86 0.511 0 0.511 0.86 0 3710.dat
1 4 20 -306.805 -75.153 0 0 -1 -0.86 0.511 0 0.511 0.86 0 3700.dat
1 0 20 -341.205 -54.713 0 0 -1 -0.86 0.511 0 0.511 0.86 0 32000.dat
1 19 20 -312.165 -25.423 1 0 0 0 0.511 -0.86 0 0.86 0.511 4287.dat
1 71 20 -329.365 -15.203 0 0 -1 -0.86 0.511 0 0.511 0.86 0 6541.dat
1 0 20 -308.501 0.327 0 0 -1 -0.86 0.511 0 0.511 0.86 0 32529.dat
1 72 -30 -110 320 1 0 0 0 1 0 0 0 1 87083.dat
1 0 0 -110 320 0 1 0 -1 0 0 0 0 1 18654.dat
1 1 -10 -110 340 1 0 0 0 -1 0 0 0 -1 43093.dat
1 1 -10 -110 300 1 0 0 0 -1 0 0 0 -1 43093.dat
1 71 20 -110 300 1 0 0 0 -1 0 0 0 -1 32054.dat
1 71 20 -110 340 1 0 0 0 -1 0 0 0 -1 32054.dat
1 0 40 -110 320 0 1 0 -1 0 0 0 0 1 32523.dat
1 72 67 -110 320 1 0 0 0 0 1 0 -1 0 59426.dat
1 71 60 -110 320 0 0 -1 1 0 0 0 -1 0 3649.dat
1 71 80 -110 320 0 0 1 1 0 0 0 1 0 3713.dat
1 71 115 -110 320 0 0 1 0 1 0 -1 0 0 32123.dat
1 71 -55 -110 320 0 0 1 0 1 0 -1 0 0 32123.dat
1 14 0 -306.553 -133.463 0 -1 0 -0.86 0 -0.511 0.511 0 -0.86 32073.dat
1 0 0 -272.153 -153.903 0 0 -1 -0.86 0.511 0 0.511 0.86 0 6536.dat
1 71 0 -285.053 -146.238 1 0 0 0 -0.86 -0.511 0 0.511 -0.86 6632.dat
1 0 0 -297.953 -138.573 0 0 -1 -0.86 0.511 0 0.511 0.86 0 32557.dat
1 19 0 -316.773 -150.663 0 0 -1 -0.86 0.511 0 0.511 0.86 0 32002.dat
1 71 0 -310.853 -130.908 1 0 0 0 -0.86 -0.511 0 0.511 -0.86 6632.dat
1 71 0 -303.313 -88.843 0 0 -1 -0.86 0.511 0 0.511 0.86 0 98989.dat
1 0 0 -322.133 -100.933 0 0 -1 -0.86 0.511 0 0.511 0.86 0 2780.dat
1 71 0 -336.653 -115.578 1 0 0 0 -0.86 -0.511 0 0.511 -0.86 11478.dat
1 71 0 -345.253 -110.468 1 0 0 0 -0.86 -0.511 0 0.511 -0.86 11478.dat
1 72 0 -279.133 -126.483 1 0 0 0 -0.86 -0.511 0 0.511 -0.86 11214.dat
1 72 0 -261.933 -136.703 -1 0 0 0 0.86 -0.511 0 -0.511 -0.86 11214.dat
1 72 0 -296.333 -116.263 -1 0 0 0 0.86 -0.511 0 -0.511 -0.86 11214.dat
1 1 0 -301.693 -66.533 -1 0 0 0 0.86 -0.511 0 -0.511 -0.86 6558.dat
1 0 -20 -276.493 -102.473 0 0 -1 -0.86 0.511 0 0.511 0.86 0 3666.dat
1 0 -20 -246.181 -129.793 0 0 1 0.86 0.511 0 -0.511 0.86 0 63868.dat
1 0 -20 -314.981 -88.913 0 0 -1 -0.86 0.511 0 0.511 0.86 0 3666.dat
1 71 -20 -362.493 -51.373 0 0 -1 -0.86 0.511 0 0.511 0.86 0 3710.dat
1 0 -20 -335.845 -104.443 0 0 -1 -0.86 0.511 0 0.511 0.86 0 3622.dat
1 71 -20 -370.245 -84.003 0 0 -1 -0.86 0.511 0 0.511 0.86 0 6541.dat
1 0 -20 -292.845 -129.993 0 0 -1 -0.86 0.511 0 0.511 0.86 0 32000.dat
1 0 -20 -258.445 -150.433 0 0 -1 -0.86 0.511 0 0.511 0.86 0 32000.dat
1 0 -20 -314.133 -126.653 0 0 -1 -0.86 0.511 0 0.511 0.86 0 4162.dat
1 0 -30 -244.735 -146.943 1 0 0 0 -0.511 0.86 0 -0.86 -0.511 6628.dat
1 1 -20 -311.741 -44.293 0 0 -1 -0.86 0.511 0 0.511 0.86 0 3710.dat
1 1 -20 -307.653 -37.413 0 0 -1 -0.86 0.511 0 0.511 0.86 0 3710.dat
1 4 -20 -306.805 -75.153 0 0 -1 -0.86 0.511 0 0.511 0.86 0 3700.dat
1 0 -20 -341.205 -54.713 0 0 -1 -0.86 0.511 0 0.511 0.86 0 32000.dat
1 19 -20 -312.165 -25.423 1 0 0 0 0.511 -0.86 0 0.86 0.511 4287.dat
1 71 -20 -329.365 -15.203 0 0 -1 -0.86 0.511 0 0.511 0.86 0 6541.dat
1 0 -20 -308.501 0.327 0 0 -1 -0.86 0.511 0 0.511 0.86 0 32529.dat
1 16 60 -94.209 367.4223 -1 0 0 0 -0.161105 -0.986937 0 -0.986937 0.161105 3711.dat
1 16 60 -80.0413 359.9876 -1 0 0 0 -0.464671 -0.885483 0 -0.885483 0.464671 3711.dat
1 16 60 -68.9495 348.4562 -1 0 0 0 -0.720711 -0.693236 0 -0.693236 0.720711 3711.dat
1 16 60 -62.0723 334.0096 -1 0 0 0 -0.902912 -0.429826 0 -0.429826 0.902912 3711.dat
1 16 60 -60.0456 318.1385 -1 0 0 0 -0.991945 -0.12667 0 -0.12667 0.991945 3711.dat
1 16 60 -61.424 302.198 -1 0 0 0 -0.996282 0.086151 0 0.086151 0.996282 3711.dat
1 16 60 -62.8721 286.2637 -1 0 0 0 -0.995896 0.090506 0 0.090506 0.995896 3711.dat
1 16 60 -64.3264 270.3299 -1 0 0 0 -0.995861 0.090893 0 0.090893 0.995861 3711.dat
1 16 60 -65.7809 254.3961 -1 0 0 0 -0.995859 0.090908 0 0.090908 0.995859 3711.dat
1 16 60 -67.2354 238.4624 -1 0 0 0 -0.995859 0.090909 0 0.090909 0.995859 3711.dat
1 16 60 -68.69 222.5286 -1 0 0 0 -0.995859 0.090909 0 0.090909 0.995859 3711.dat
1 16 60 -70.1445 206.5949 -1 0 0 0 -0.995859 0.090909 0 0.090909 0.995859 3711.dat
1 16 60 -71.5991 190.6611 -1 0 0 0 -0.995859 0.090909 0 0.090909 0.995859 3711.dat
1 16 60 -73.0536 174.7274 -1 0 0 0 -0.995859 0.090909 0 0.090909 0.995859 3711.dat
1 16 60 -74.5082 158.7937 -1 0 0 0 -0.995859 0.090909 0 0.090909 0.995859 3711.dat
1 16 60 -75.9627 142.8599 -1 0 0 0 -0.995859 0.090909 0 0.090909 0.995859 3711.dat
1 16 60 -77.4173 126.9262 -1 0 0 0 -0.995859 0.090909 0 0.090909 0.995859 3711.dat
1 16 60 -78.8718 110.9924 -1 0 0 0 -0.995859 0.090909 0 0.090909 0.995859 3711.dat
1 16 60 -80.4177 95.0673 -1 0 0 0 -0.995321 0.096621 0 0.096621 0.995321 3711.dat
1 16 60 -87.1965 80.5742 -1 0 0 0 -0.905815 0.423674 0 0.423674 0.905815 3711.dat
1 16 60 -100.4509 71.612 -1 0 0 0 -0.560138 0.828399 0 0.828399 0.560138 3711.dat
1 16 60 -116.4277 70.7509 -1 0 0 0 -0.053821 0.998551 0 0.998551 0.053821 3711.dat
1 16 60 -130.5679 78.2379 -1 0 0 0 0.467941 0.88376 0 0.88376 -0.467941 3711.dat
1 16 60 -138.8347 91.9368 -1 0 0 0 0.856182 0.516675 0 0.516675 -0.856182 3711.dat
1 16 60 -140.807 107.8148 -1 0 0 0 0.992373 0.123273 0 0.123273 -0.992373 3711.dat
1 16 60 -142.2901 123.7459 -1 0 0 0 0.995695 0.092693 0 0.092693 -0.995695 3711.dat
1 16 60 -143.7468 139.6795 -1 0 0 0 0.995847 0.091044 0 0.091044 -0.995847 3711.dat
1 16 60 -145.2015 155.6132 -1 0 0 0 0.995858 0.090918 0 0.090918 -0.995858 3711.dat
1 16 60 -146.6561 171.547 -1 0 0 0 0.995859 0.090909 0 0.090909 -0.995859 3711.dat
1 16 60 -148.1106 187.4807 -1 0 0 0 0.995859 0.090909 0 0.090909 -0.995859 3711.dat
1 16 60 -149.5651 203.4144 -1 0 0 0 0.995859 0.090909 0 0.090909 -0.995859 3711.dat
1 16 60 -151.0197 219.3482 -1 0 0 0 0.995859 0.090909 0 0.090909 -0.995859 3711.dat
1 16 60 -152.4742 235.2819 -1 0 0 0 0.995859 0.090909 0 0.090909 -0.995859 3711.dat
1 16 60 -153.9288 251.2157 -1 0 0 0 0.995859 0.090909 0 0.090909 -0.995859 3711.dat
1 16 60 -155.3833 267.1494 -1 0 0 0 0.995859 0.090909 0 0.090909 -0.995859 3711.dat
1 16 60 -156.8379 283.0832 -1 0 0 0 0.995859 0.090909 0 0.090909 -0.995859 3711.dat
1 16 60 -158.2924 299.0169 -1 0 0 0 0.995859 0.090909 0 0.090909 -0.995859 3711.dat
1 16 60 -159.747 314.9507 -1 0 0 0 0.995859 0.090909 0 0.090909 -0.995859 3711.dat
1 16 60 -158.7636 330.9204 -1 0 0 0 0.99811 -0.06146 0 -0.06146 -0.99811 3711.dat
1 16 60 -152.7969 345.7662 -1 0 0 0 0.927864 -0.37292 0 -0.37292 -0.927864 3711.dat
1 16 60 -142.4433 357.9647 -1 0 0 0 0.762404 -0.647102 0 -0.647102 -0.762404 3711.dat
1 16 60 -128.8009 366.3244 -1 0 0 0 0.522481 -0.852651 0 -0.852651 -0.522481 3711.dat
1 16 60 -113.1996 369.8744 -1 0 0 0 0.221874 -0.975075 0 -0.975075 -0.221874 3711.dat
1 0 0 -172.572 -124.854 1 0 0 0 -0.255 -0.967 0 0.967 -0.255 3031.dat
1 0 -30 -189.872 -137.69 0 0 -1 -0.967 -0.255 0 -0.255 0.967 0 63868.dat
1 0 30 -189.872 -137.69 0 0 -1 -0.967 -0.255 0 -0.255 0.967 0 63868.dat
1 0 -30 -151.192 -127.49 0 0 1 0.967 -0.255 0 0.255 0.967 0 63868.dat
1 0 30 -151.192 -127.49 0 0 1 0.967 -0.255 0 0.255 0.967 0 63868.dat
1 0 -10 -170.532 -132.59 0 0 1 0.967 -0.255 0 0.255 0.967 0 3743.dat
1 0 10 -170.532 -132.59 0 0 1 0.967 -0.255 0 0.255 0.967 0 3743.dat
1 0 -30 -168.492 -140.326 0 0 1 0.967 -0.255 0 0.255 0.967 0 2431.dat
1 0 30 -168.492 -140.326 0 0 1 0.967 -0.255 0 0.255 0.967 0 2431.dat
1 0 -40 -219.392 -143.406 0 1 0 0.967 0 0.255 0.255 0 -0.967 30374.dat
1 0 70 -92 -110 0 -0.982 -0.188 -0.235 0.182 -0.955 0.972 0.044 -0.231 32293.dat
1 0 -70 -92 -110 0 0.982 0.188 0.235 0.182 -0.955 -0.972 0.044 -0.231 32293.dat
1 0 50 -197.23 148.232 0 0 1 0.86 0.511 0 -0.511 0.86 0 3003.dat
1 0 50 -201.318 141.352 0 0 1 0.86 0.511 0 -0.511 0.86 0 3022.dat
1 0 50 -196.806 129.362 1 0 0 0 0.511 -0.86 0 0.86 0.511 44728.dat
1 0 50 -214.006 139.582 1 0 0 0 0.511 -0.86 0 0.86 0.511 3023.dat
1 0 50 -200.894 122.482 0 0 1 0.86 0.511 0 -0.511 0.86 0 3021.dat
1 0 40 -174.546 139.408 1 0 0 0 -0.86 -0.511 0 0.511 -0.86 61409.dat
1 0 60 -174.546 139.408 1 0 0 0 -0.86 -0.511 0 0.511 -0.86 61409.dat
1 0 60 -221.758 106.952 0 0 1 0.86 0.511 0 -0.511 0.86 0 30526.dat
1 0 60 -195.958 91.622 -1 0 0 0 0.511 0.86 0 0.86 -0.511 6231.dat
1 0 40 -173.648 90.002 0 -1 0 0.511 0 -0.86 0.86 0 0.511 32526.dat
1 0 30 -190.848 100.222 -1 0 0 0 0.511 0.86 0 0.86 -0.511 2780.dat
1 0 30 -242.448 130.882 -1 0 0 0 0.511 0.86 0 0.86 -0.511 2780.dat
1 0 30 -222.008 165.282 -1 0 0 0 0.511 0.86 0 0.86 -0.511 2780.dat
1 1 50 -173.648 90.002 1 0 0 0 0.511 -0.86 0 0.86 0.511 4274.dat
1 0 58 -173.648 90.002 0 -1 0 0.511 0 -0.86 0.86 0 0.511 98138.dat
1 0 50 -230.358 112.062 0 0 -1 -0.86 0.511 0 0.511 0.86 0 11477.dat
1 0 50 -204.558 96.732 0 0 -1 -0.86 0.511 0 0.511 0.86 0 15068.dat
1 19 40 -217.246 94.962 0 0 -1 -0.86 0.511 0 0.511 0.86 0 3623.dat
1 71 0 -233.955 190.459 0 0 1 0.369 0.93 0 -0.93 0.369 0 3666.dat
1 0 0 -230.325 159.607 0 0 1 0.369 0.93 0 -0.93 0.369 0 11458.dat
1 14 0 -267.345 209.503 0 0 1 0.369 0.93 0 -0.93 0.369 0 3010.dat
1 0 0 -278.475 215.851 0 0 1 0.369 0.93 0 -0.93 0.369 0 63864.dat
1 71 0 -244.965 239.911 0 0 -1 -0.369 0.93 0 0.93 0.369 0 18677.dat
1 1 0 -222.825 184.111 0 0 -1 -0.369 0.93 0 0.93 0.369 0 3710.dat
1 1 0 -222.765 205.663 0 0 -1 -0.369 0.93 0 0.93 0.369 0 3710.dat
1 1 0 -232.215 148.093 1 0 0 0 0.93 -0.369 0 0.369 0.93 6558.dat
1 71 0 -239.355 252.901 1 0 0 0 0.93 -0.369 0 0.369 0.93 4519.dat
1 15 -30 -239.355 252.901 0 0 1 0.369 0.93 0 -0.93 0.369 0 59443.dat
1 15 30 -239.355 252.901 0 0 1 0.369 0.93 0 -0.93 0.369 0 59443.dat
1 72 60 -239.355 252.901 -1 0 0 0 0.93 0.369 0 0.369 -0.93 11214.dat
1 72 -60 -239.355 252.901 1 0 0 0 0.93 -0.369 0 0.369 0.93 11214.dat
1 320 -60 -225.329 322.856 0 0 1 0 1 0 -1 0 0 3460.dat
1 320 60 -225.329 322.856 0 0 1 0 1 0 -1 0 0 3460.dat
1 320 60 -249.329 252.856 0 0 1 0 1 0 -1 0 0 6541.dat
1 320 -60 -249.329 252.856 0 0 1 0 1 0 -1 0 0 6541.dat
1 320 -60 -249.329 352.856 0 0 1 0 1 0 -1 0 0 6541.dat
1 320 60 -249.329 352.856 0 0 1 0 1 0 -1 0 0 6541.dat
1 320 60 -249.329 372.856 0 0 1 0 1 0 -1 0 0 3005.dat
1 320 -60 -249.329 372.856 0 0 1 0 1 0 -1 0 0 3005.dat
1 320 60 -249.329 302.856 0 0 1 0 1 0 -1 0 0 3010.dat
1 320 -60 -249.329 302.856 0 0 1 0 1 0 -1 0 0 3010.dat
1 320 40 -233.329 392.856 -1 0 0 0 1 0 0 0 -1 3623.dat
1 320 -40 -233.329 392.856 -1 0 0 0 1 0 0 0 -1 3623.dat
1 0 40 -257.329 392.856 -1 0 0 0 1 0 0 0 -1 87087.dat
1 320 60 -257.329 392.856 -1 0 0 0 1 0 0 0 -1 87087.dat
1 320 -60 -257.329 392.856 -1 0 0 0 1 0 0 0 -1 87087.dat
1 71 -10 -257.329 392.856 -1 0 0 0 1 0 0 0 -1 30414.dat
1 320 -50 -257.329 322.856 0 0 -1 0 1 0 1 0 0 3795.dat
1 320 50 -257.329 322.856 0 0 -1 0 1 0 1 0 0 3795.dat
1 320 60 -265.329 322.856 0 0 -1 0 1 0 1 0 0 3710.dat
1 1 40 -265.329 302.856 0 0 -1 0 1 0 1 0 0 3710.dat
1 0 40 -273.329 292.856 0 0 -1 0 1 0 1 0 0 6141.dat
1 320 10 -273.329 322.856 1 0 0 0 1 0 0 0 1 3795.dat
1 320 -60 -265.329 322.856 0 0 -1 0 1 0 1 0 0 3710.dat
1 1 -40 -265.329 302.856 0 0 -1 0 1 0 1 0 0 3710.dat
1 0 -40 -273.329 292.856 0 0 -1 0 1 0 1 0 0 6141.dat
1 320 -60 -273.329 322.856 0 0 -1 0 1 0 1 0 0 3023.dat
1 320 50 -257.329 252.856 1 0 0 0 1 0 0 0 1 44728.dat
1 320 -50 -257.329 252.856 1 0 0 0 1 0 0 0 1 44728.dat
1 320 -30 -281.329 362.856 -1 0 0 0 1 0 0 0 -1 93606.dat
1 320 30 -281.329 362.856 -1 0 0 0 1 0 0 0 -1 93606.dat
1 320 0 -281.329 362.856 -1 0 0 0 1 0 0 0 -1 61678.dat
1 320 -60 -281.329 362.856 -1 0 0 0 1 0 0 0 -1 61678.dat
1 320 60 -281.329 362.856 -1 0 0 0 1 0 0 0 -1 61678.dat
1 320 -60 -281.329 282.856 1 0 0 0 1 0 0 0 1 61678.dat
1 320 60 -281.329 282.856 1 0 0 0 1 0 0 0 1 61678.dat
1 0 40 -281.329 302.856 0 0 1 0 1 0 -1 0 0 3023.dat
1 0 -40 -281.329 302.856 0 0 1 0 1 0 -1 0 0 3023.dat
1 0 40 -289.329 292.856 0 0 1 0 1 0 -1 0 0 3070.dat
1 0 -40 -289.329 292.856 0 0 1 0 1 0 -1 0 0 3070.dat
1 320 40 -237.329 410.856 1 0 0 0 0 1 0 -1 0 15672.dat
1 320 0 -237.329 410.856 1 0 0 0 0 1 0 -1 0 15672.dat
1 320 20 -237.329 410.856 1 0 0 0 0 1 0 -1 0 15672.dat
1 320 -40 -237.329 410.856 1 0 0 0 0 1 0 -1 0 15672.dat
1 320 -20 -237.329 410.856 1 0 0 0 0 1 0 -1 0 15672.dat
1 320 -60 -217.329 252.856 -1 0 0 0 1 0 0 0 -1 4287.dat
1 320 60 -217.329 252.856 -1 0 0 0 1 0 0 0 -1 4287.dat
1 320 60 -237.329 410.856 1 0 0 0 0 1 0 -1 0 15672.dat
1 320 -60 -237.329 410.856 1 0 0 0 0 1 0 -1 0 15672.dat
1 320 -60 -227.329 410.856 -1 0 0 0 0 -1 0 -1 0 54200.dat
1 320 60 -227.329 410.856 -1 0 0 0 0 -1 0 -1 0 54200.dat
1 320 60 -217.329 230.856 1 0 0 0 0 -1 0 1 0 15672.dat
1 320 60 -227.329 222.856 1 0 0 0 0 -1 0 1 0 3024.dat
1 320 -60 -217.329 230.856 1 0 0 0 0 -1 0 1 0 15672.dat
1 320 -60 -227.329 222.856 1 0 0 0 0 -1 0 1 0 3024.dat
1 0 40 -289.329 272.856 1 0 0 0 1 0 0 0 1 87087.dat
1 0 40 -279.329 254.856 1 0 0 0 0 -1 0 1 0 3024.dat
1 0 40 -279.329 254.856 -1 0 0 0 0 1 0 1 0 54200.dat
1 0 -40 -289.329 272.856 1 0 0 0 1 0 0 0 1 87087.dat
1 0 -40 -279.329 254.856 1 0 0 0 0 -1 0 1 0 3024.dat
1 0 -40 -279.329 254.856 -1 0 0 0 0 1 0 1 0 54200.dat
1 0 -20 -240.81 153.204 0 0 1 -0.511 0.86 0 -0.86 -0.511 0 3702.dat
1 0 -40 -206.661 191.07 -1 0 0 0 0.511 0.86 0 0.86 -0.511 32138.dat
1 0 -60 -170.886 251.237 0 1 0 0.86 0 -0.511 -0.511 0 -0.86 40490.dat
1 0 -70 -191.329 216.856 -1 0 0 0 0.86 -0.511 0 -0.511 -0.86 2780.dat
1 0 -50 -130 320 1 0 0 0 1 0 0 0 1 2780.dat
1 71 -80 -239.329 352.856 0 1 0 1 0 0 0 0 -1 64451.dat
1 71 80 -239.329 352.856 0 1 0 1 0 0 0 0 -1 64451.dat
1 71 80 -239.329 352.856 -1 0 0 0 -1 0 0 0 1 32054.dat
1 71 126 -239.329 350.856 -1 0 0 0 0 1 0 1 0 32828.dat
1 57 126 -239.329 358.856 -1 0 0 0 0 1 0 1 0 6141.dat
1 71 126 -239.329 326.856 -1 0 0 0 0 1 0 1 0 59900.dat
1 71 -80 -239.329 352.856 1 0 0 0 -1 0 0 0 -1 32054.dat
1 71 -126 -239.329 354.856 1 0 0 0 0 1 0 -1 0 32828.dat
1 57 -126 -239.329 346.856 1 0 0 0 0 1 0 -1 0 6141.dat
1 71 -126 -239.329 378.856 1 0 0 0 0 1 0 -1 0 59900.dat
1 0 20 -227.329 426.856 -1 0 0 0 0 -1 0 -1 0 44567.dat
1 0 -20 -227.329 426.856 -1 0 0 0 0 -1 0 -1 0 44567.dat
1 36 0 -227.329 434.856 -1 0 0 0 0 -1 0 -1 0 3069.dat
1 36 30 -227.329 434.856 0 0 -1 1 0 0 0 -1 0 24246.dat
1 36 -30 -227.329 434.856 0 0 1 -1 0 0 0 -1 0 24246.dat
1 0 30 -227.329 418.856 -1 0 0 0 0 -1 0 -1 0 15573.dat
1 0 -20 -227.329 418.856 -1 0 0 0 0 -1 0 -1 0 34103.dat
1 71 20 -178.869 434.552 0 0 1 -0.966 0.259 0 -0.259 -0.966 0 44302.dat
1 71 -20 -178.869 434.552 0 0 1 -0.966 0.259 0 -0.259 -0.966 0 44302.dat
1 71 0 -180.939 442.28 -1 0 0 0 0.259 -0.966 0 -0.966 -0.259 26603.dat
1 0 -50 -197.23 148.232 0 0 -1 -0.86 0.511 0 0.511 0.86 0 3003.dat
1 0 -50 -201.318 141.352 0 0 -1 -0.86 0.511 0 0.511 0.86 0 3022.dat
1 0 -50 -196.806 129.362 1 0 0 0 0.511 -0.86 0 0.86 0.511 44728.dat
1 0 -50 -214.006 139.582 1 0 0 0 0.511 -0.86 0 0.86 0.511 3023.dat
1 0 -50 -200.894 122.482 0 0 -1 -0.86 0.511 0 0.511 0.86 0 3021.dat
1 0 -40 -174.546 139.408 1 0 0 0 -0.86 -0.511 0 0.511 -0.86 61409.dat
1 0 -60 -174.546 139.408 1 0 0 0 -0.86 -0.511 0 0.511 -0.86 61409.dat
1 0 -60 -221.758 106.952 0 0 -1 -0.86 0.511 0 0.511 0.86 0 30526.dat
1 0 -60 -195.958 91.622 0 0 -1 -0.86 0.511 0 0.511 0.86 0 6231.dat
1 0 -40 -173.648 90.002 0 -1 0 0.511 0 -0.86 0.86 0 0.511 32526.dat
1 0 -30 -190.848 100.222 -1 0 0 0 0.511 0.86 0 0.86 -0.511 2780.dat
1 0 -30 -242.448 130.882 -1 0 0 0 0.511 0.86 0 0.86 -0.511 2780.dat
1 0 -30 -222.008 165.282 -1 0 0 0 0.511 0.86 0 0.86 -0.511 2780.dat
1 1 -50 -173.648 90.002 -1 0 0 0 0.511 0.86 0 0.86 -0.511 4274.dat
1 0 -58 -173.648 90.002 0 1 0 -0.511 0 -0.86 -0.86 0 0.511 98138.dat
1 0 -50 -230.358 112.062 0 0 1 0.86 0.511 0 -0.511 0.86 0 11477.dat
1 0 -50 -204.558 96.732 0 0 1 0.86 0.511 0 -0.511 0.86 0 15068.dat
1 19 -40 -217.246 94.962 0 0 1 0.86 0.511 0 -0.511 0.86 0 3623.dat
1 0 -56 -100 150 0 -1 0 -1 0 0 0 0 -1 30357.dat
1 0 -48 -130 120 0 -1 0 0 0 1 -1 0 0 26601.dat
1 0 -48 -120 150 0 -1 0 -1 0 0 0 0 -1 3623.dat
1 71 -48 -90 120 0 -1 0 -1 0 0 0 0 -1 4032.dat
1 0 -56 -80 120 0 -1 0 0 0 -1 1 0 0 3023.dat
1 0 -40 -140 140 0 -1 0 0 0 -1 1 0 0 3069.dat
1 0 -40 -80 120 0 -1 0 0 0 -1 1 0 0 3069.dat
1 71 -40 -110 120 0 -1 0 0 0 -1 1 0 0 2460.dat
1 71 20 -391.903 -61.773 0 0 -1 -0.86 0.511 0 0.511 0.86 0 3700.dat
1 71 -20 -391.903 -61.773 0 0 -1 -0.86 0.511 0 0.511 0.86 0 3700.dat
1 1 0 -386.793 -53.173 -1 0 0 0 0.511 0.86 0 0.86 -0.511 6558.dat
1 0 0 -386.793 -53.173 0 -1 0 -0.86 0 -0.511 0.511 0 -0.86 22961.dat
1 71 0 -404.591 -63.543 1 0 0 0 0.511 -0.86 0 0.86 0.511 3623.dat
1 71 20 -387.391 -73.763 1 0 0 0 0.511 -0.86 0 0.86 0.511 3024.dat
1 71 -20 -387.391 -73.763 1 0 0 0 0.511 -0.86 0 0.86 0.511 3024.dat
1 71 0 -408.679 -70.423 1 0 0 0 0.511 -0.86 0 0.86 0.511 3024.dat
1 71 0 -412.767 -77.303 1 0 0 0 0.511 -0.86 0 0.86 0.511 3070.dat
1 71 -20 -395.991 -68.653 0 0 1 0.86 0.511 0 -0.511 0.86 0 85984.dat
1 71 20 -395.991 -68.653 0 0 -1 -0.86 0.511 0 0.511 0.86 0 85984.dat
1 71 0 -410.013 -39.376 0 0 -1 0.511 0.86 0 0.86 -0.511 0 2723.dat
1 71 0 -384.144 -29.157 1 0 0 0 0.511 -0.86 0 0.86 0.511 3623.dat
1 1 0 -264.785 144.19 -1 0 0 0 0.86 -0.511 0 -0.511 -0.86 3021.dat
1 71 0 -281.885 131.078 0 0 -1 0.511 0.86 0 0.86 -0.511 0 3710.dat
1 0 30 -275.005 126.99 0 0 -1 0.511 0.86 0 0.86 -0.511 0 88930.dat
1 0 -30 -275.005 126.99 0 0 1 -0.511 0.86 0 -0.86 -0.511 0 88930.dat
1 0 0 -288.765 135.166 0 0 1 -0.511 0.86 0 -0.86 -0.511 0 2431.dat
1 0 0 -295.445 92.59 1 0 0 0 0.86 0.511 0 -0.511 0.86 3021.dat
1 0 -40 -280.115 118.39 0 0 -1 0.511 0.86 0 0.86 -0.511 0 3623.dat
1 0 40 -280.115 118.39 0 0 -1 0.511 0.86 0 0.86 -0.511 0 3623.dat
1 0 -30 -273.235 114.302 0 0 -1 0.511 0.86 0 0.86 -0.511 0 3021.dat
1 0 30 -273.235 114.302 0 0 -1 0.511 0.86 0 0.86 -0.511 0 3021.dat
1 379 40 -254.565 161.39 0 0 -1 0.511 0.86 0 0.86 -0.511 0 99206.dat
1 379 -40 -254.565 161.39 0 0 1 -0.511 0.86 0 -0.86 -0.511 0 99206.dat
1 19 20 -239.235 187.19 0 0 1 -0.511 0.86 0 -0.86 -0.511 0 3623.dat
1 19 -20 -239.235 187.19 0 0 1 -0.511 0.86 0 -0.86 -0.511 0 3623.dat
1 379 40 -234.125 195.79 0 0 -1 0.511 0.86 0 0.86 -0.511 0 99206.dat
1 379 -40 -234.125 195.79 0 0 1 -0.511 0.86 0 -0.86 -0.511 0 99206.dat
1 19 -20 -246.115 191.278 0 0 1 -0.511 0.86 0 -0.86 -0.511 0 3623.dat
1 19 20 -246.115 191.278 0 0 1 -0.511 0.86 0 -0.86 -0.511 0 3623.dat
1 0 40 -270.295 228.918 0 0 1 -0.511 0.86 0 -0.86 -0.511 0 18653.dat
1 0 20 -277.175 233.006 0 0 1 -0.511 0.86 0 -0.86 -0.511 0 18653.dat
1 0 -20 -277.175 233.006 0 0 1 -0.511 0.86 0 -0.86 -0.511 0 18653.dat
1 0 -40 -270.295 228.918 0 0 1 -0.511 0.86 0 -0.86 -0.511 0 18653.dat
1 14 0 -298.785 71.302 0 0 1 -0.511 0.86 0 -0.86 -0.511 0 3023.dat
1 0 0 -310.775 66.79 0 0 1 -0.511 0.86 0 -0.86 -0.511 0 6141.dat
1 0 40 -277.175 233.006 0 0 1 -0.511 0.86 0 -0.86 -0.511 0 3024.dat
1 0 -40 -277.175 233.006 0 0 1 -0.511 0.86 0 -0.86 -0.511 0 3024.dat
1 0 30 -277.175 233.006 1 0 0 0 0.86 0.511 0 -0.511 0.86 85984.dat
1 0 -30 -277.175 233.006 1 0 0 0 0.86 0.511 0 -0.511 0.86 85984.dat
1 0 -58 -249.405 158.324 0 1 0 -0.511 0 -0.86 -0.86 0 0.511 6636.dat
1 0 58 -249.405 158.324 0 -1 0 -0.511 0 0.86 -0.86 0 -0.511 6636.dat
1 0 -40 -276.575 93.014 1 0 0 0 0.86 0.511 0 -0.511 0.86 24201.dat
1 0 40 -276.575 93.014 1 0 0 0 0.86 0.511 0 -0.511 0.86 24201.dat
1 0 -40 -266.355 110.214 1 0 0 0 0.86 0.511 0 -0.511 0.86 3024.dat
1 0 40 -266.355 110.214 1 0 0 0 0.86 0.511 0 -0.511 0.86 3024.dat
1 14 0 -343.211 27.944 0 0 1 -0.511 0.86 0 -0.86 -0.511 0 3010.dat
1 0 0 -350.091 32.032 -1 0 0 0 0.86 -0.511 0 -0.511 -0.86 3021.dat
1 0 0 -370.531 -2.368 -1 0 0 0 0.86 -0.511 0 -0.511 -0.86 3021.dat
1 71 0 -368.761 -15.056 -1 0 0 0 0.86 -0.511 0 -0.511 -0.86 3005.dat
1 71 0 -336.521 70.502 -1 0 0 0 0.86 -0.511 0 -0.511 -0.86 61678.dat
1 71 0 -372.296 10.335 0 0 1 -0.511 0.86 0 -0.86 -0.511 0 63864.dat
1 71 -20 -336.521 70.502 -1 0 0 0 0.86 -0.511 0 -0.511 -0.86 61678.dat
1 71 -20 -372.296 10.335 0 0 1 -0.511 0.86 0 -0.86 -0.511 0 63864.dat
1 71 20 -336.521 70.502 -1 0 0 0 0.86 -0.511 0 -0.511 -0.86 61678.dat
1 71 20 -372.296 10.335 0 0 1 -0.511 0.86 0 -0.86 -0.511 0 63864.dat
1 0 30 -297.329 282.856 0 0 -1 0 1 0 1 0 0 3020.dat
1 0 40 -305.329 282.856 0 0 -1 0 1 0 1 0 0 3069.dat
1 0 0 -305.329 282.856 1 0 0 0 1 0 0 0 1 26603.dat
1 1 0 -297.329 282.856 0 0 -1 0 1 0 1 0 0 3710.dat
1 0 -30 -297.329 282.856 0 0 -1 0 1 0 1 0 0 3020.dat
1 0 -40 -305.329 282.856 0 0 -1 0 1 0 1 0 0 3069.dat
1 0 10 -289.329 242.856 1 0 0 0 1 0 0 0 1 15068.dat
1 0 -40 -289.329 242.856 1 0 0 0 1 0 0 0 1 29119.dat
1 0 40 -289.329 242.856 1 0 0 0 1 0 0 0 1 29120.dat
1 0 -20 -289.329 242.856 1 0 0 0 1 0 0 0 1 11477.dat
1 0 -10 -289.329 322.856 -1 0 0 0 1 0 0 0 -1 15068.dat
1 0 40 -289.329 322.856 -1 0 0 0 1 0 0 0 -1 29119.dat
1 0 -40 -289.329 322.856 -1 0 0 0 1 0 0 0 -1 29120.dat
1 0 20 -289.329 322.856 -1 0 0 0 1 0 0 0 -1 11477.dat
1 1 0 -289.329 282.856 -1 0 0 0 1 0 0 0 -1 3021.dat
1 0 -30 -289.329 322.856 -1 0 0 0 1 0 0 0 -1 26601.dat
1 0 30 -289.329 322.856 0 0 -1 0 1 0 1 0 0 26601.dat
1 0 0 -289.329 322.856 0 0 -1 0 1 0 1 0 0 3023.dat
1 19 -46 -316.101 -12.867 0 1 0 -0.284 0 -0.959 -0.959 0 0.284 3020.dat
1 19 -54 -310.421 6.313 0 1 0 -0.284 0 -0.959 -0.959 0 0.284 3020.dat
1 320 -46 -277.041 48.583 0 1 0 0.959 0 -0.284 -0.284 0 -0.959 43723.dat
1 320 -46 -315.401 59.943 0 1 0 0.959 0 -0.284 -0.284 0 -0.959 43722.dat
1 320 -54 -293.381 63.853 0 1 0 0.959 0 -0.284 -0.284 0 -0.959 90194.dat
1 320 -38 -293.381 63.853 0 1 0 0.959 0 -0.284 -0.284 0 -0.959 90194.dat
1 320 -38 -316.101 -12.867 0 1 0 0.959 0 -0.284 -0.284 0 -0.959 3022.dat
1 14 -62 -301.901 35.083 0 1 0 0.959 0 -0.284 -0.284 0 -0.959 3023.dat
