0 
0 Name: New Model.ldr
0 Author: 
1 0 102.108 -97.132 -213.185 0.146077 -0.349771 -0.925377 0.04615 0.936802 -0.346804 0.988196 0.007954 0.152987 4600.dat
1 0 65.0929 -111.0042 -207.0655 0.146077 -0.349771 -0.925377 0.04615 0.936802 -0.346804 0.988196 0.007954 0.152987 4600.dat
1 0 86.3986 -111.5625 -210.1889 -0.925377 -0.349771 -0.146077 -0.346804 0.936802 -0.04615 0.152987 0.007954 -0.988196 3020.dat
1 0 116.9581 -108.6528 -214.8421 0.146077 -0.349771 -0.925377 0.04615 0.936802 -0.346804 0.988196 0.007954 0.152987 3023.dat
1 0 79.943 -122.525 -208.7227 0.146077 -0.349771 -0.925377 0.04615 0.936802 -0.346804 0.988196 0.007954 0.152987 4598.dat
1 0 119.7563 -116.1472 -214.9058 0.146077 -0.349771 -0.925377 0.04615 0.936802 -0.346804 0.988196 0.007954 0.152987 2436.dat
1 0 122.5544 -123.6416 -214.9694 0.146077 -0.349771 -0.925377 0.04615 0.936802 -0.346804 0.988196 0.007954 0.152987 3829.dat
1 42 140.9992 -97.765 -188.5461 0.146077 -0.925377 0.349771 0.04615 -0.346804 -0.936802 0.988196 0.152987 -0.007954 6141.dat
1 42 132.2345 -100.534 -247.8378 0.146077 -0.925377 0.349771 0.04615 -0.346804 -0.936802 0.988196 0.152987 -0.007954 6141.dat
1 15 136.6169 -99.1495 -218.1919 0.146077 -0.925377 0.349771 0.04615 -0.346804 -0.936802 0.988196 0.152987 -0.007954 2412.dat
1 42 52.4737 -156.3131 -203.0841 0.146077 -0.925377 0.349771 0.04615 -0.346804 -0.936802 0.988196 0.152987 -0.007954 4589.dat
1 0 67.9164 -133.6973 -176.0648 -0.03098 -0.146077 0.988789 -0.998209 -0.04615 -0.038093 0.051197 -0.988196 -0.144385 4349.dat
1 0 59.1518 -136.4663 -235.3565 0.03098 0.146077 0.988789 0.998209 0.04615 -0.038093 -0.051197 0.988196 -0.144385 4349.dat
1 15 104.7415 -91.0635 -183.4993 -0.349771 0.925377 -0.146077 0.936802 0.346804 -0.04615 0.007954 -0.152987 -0.988196 4624.dat
1 256 104.7415 -91.0635 -183.4993 -0.349771 0.925377 -0.146077 0.936802 0.346804 -0.04615 0.007954 -0.152987 -0.988196 3641.dat
1 15 67.7264 -104.9357 -177.3799 -0.349771 0.925377 -0.146077 0.936802 0.346804 -0.04615 0.007954 -0.152987 -0.988196 4624.dat
1 256 67.7264 -104.9357 -177.3799 -0.349771 0.925377 -0.146077 0.936802 0.346804 -0.04615 0.007954 -0.152987 -0.988196 3641.dat
1 15 95.9768 -93.8325 -242.7911 -0.349771 -0.925377 0.146077 0.936802 -0.346804 0.04615 0.007954 0.152987 0.988196 4624.dat
1 256 95.9768 -93.8325 -242.7911 -0.349771 -0.925377 0.146077 0.936802 -0.346804 0.04615 0.007954 0.152987 0.988196 3641.dat
1 15 58.9618 -107.7047 -236.6716 -0.349771 -0.925377 0.146077 0.936802 -0.346804 0.04615 0.007954 0.152987 0.988196 4624.dat
1 256 58.9618 -107.7047 -236.6716 -0.349771 -0.925377 0.146077 0.936802 -0.346804 0.04615 0.007954 0.152987 0.988196 3641.dat
