0 Main
0 Name: 9391-1 - Mini Crane.mpd
0 Author: LTRON
1 0 0 16 0 0 0 -1 -1 0 0 0 1 0 32525.dat
1 1 -20 16 -20 0 0 1 0 1 0 -1 0 0 32556.dat
1 1 20 16 -20 0 0 1 0 1 0 -1 0 0 32556.dat
1 71 0 -4 -20 1 0 0 0 1 0 0 0 1 99009.dat
1 0 0 -4 -20 0 0 1 0 1 0 -1 0 0 99010.dat
1 0 80 36 -20 0 -1 0 -1 0 0 0 0 -1 32525.dat
1 19 90 36 80 1 0 0 0 1 0 0 0 1 3749.dat
1 19 90 36 -120 1 0 0 0 1 0 0 0 1 3749.dat
1 1 80 36 0 -1 0 0 0 1 0 0 0 -1 32556.dat
1 1 80 36 -40 -1 0 0 0 1 0 0 0 -1 32556.dat
1 71 60 16 -20 0 0 -1 0 1 0 1 0 0 63869.dat
1 71 100 16 -20 0 0 -1 0 1 0 1 0 0 63869.dat
1 71 60 16 -20 0 0 -1 0 1 0 1 0 0 4519.dat
1 71 100 16 -20 0 0 -1 0 1 0 1 0 0 4519.dat
1 71 -100 16 -20 0 0 1 0 1 0 -1 0 0 4519.dat
1 71 -100 16 -20 0 0 1 0 1 0 -1 0 0 63869.dat
1 0 -80 36 -20 0 1 0 -1 0 0 0 0 1 32525.dat
1 1 -80 36 -40 1 0 0 0 1 0 0 0 1 32556.dat
1 1 -80 36 0 1 0 0 0 1 0 0 0 1 32556.dat
1 19 -90 36 80 -1 0 0 0 1 0 0 0 -1 3749.dat
1 19 -90 36 -120 -1 0 0 0 1 0 0 0 -1 3749.dat
1 71 -60 16 -20 0 0 1 0 1 0 -1 0 0 63869.dat
1 71 -60 16 -20 0 0 1 0 1 0 -1 0 0 4519.dat
1 0 0 16 -40 0 0 -1 -1 0 0 0 1 0 32525.dat
1 72 0 16 8 0 0 1 0 1 0 -1 0 0 55013.dat
1 0 0 16 -60 1 0 0 0 1 0 0 0 1 32270.dat
1 71 0 16 20 -1 0 0 0 1 0 0 0 -1 3713.dat
1 71 0 16 40 -1 0 0 0 1 0 0 0 -1 3713.dat
1 71 0 16 60 -1 0 0 0 1 0 0 0 -1 3713.dat
1 14 0 16 90 -1 0 0 0 1 0 0 0 -1 59443.dat
1 4 0 16 110 0 0 1 0 1 0 -1 0 0 32062.dat
1 0 0 16 120 1 0 0 0 1 0 0 0 1 32270.dat
1 14 -20 -24 0 0 1 0 -1 0 0 0 0 1 32524.dat
1 1 0 -24 -40 1 0 0 0 1 0 0 0 1 32556.dat
1 14 0 -44 -60 1 0 0 0 -1 0 0 0 -1 42003.dat
1 0 0 -44 -50 0 0 -1 0 1 0 1 0 0 3673.dat
1 71 0 -64 -40 -1 0 0 0 1 0 0 0 -1 42003.dat
1 72 0 -64 10 0 -0.669131 -0.743144 0 -0.743144 0.669131 -1 0 0 55013.dat
1 71 0 -64 -10 0.743144 -0.669131 0 -0.669131 -0.743144 0 0 0 -1 4716.dat
1 71 0 -64 20 0.743144 -0.669131 0 -0.669131 -0.743144 0 0 0 -1 3713.dat
1 71 0 -64 40 -1 0 0 0 1 0 0 0 -1 42003.dat
1 0 0 -44 50 0 0 -1 0 1 0 1 0 0 3673.dat
1 14 0 -44 60 1 0 0 0 -1 0 0 0 -1 42003.dat
1 14 0 -64 90 0.743144 -0.669131 0 -0.669131 -0.743144 0 0 0 -1 59443.dat
1 4 0 -64 110 0 -0.669131 -0.743144 0 -0.743144 0.669131 -1 0 0 32062.dat
1 0 0 -64 120 -0.743144 -0.669131 0 0.669131 -0.743144 0 0 0 1 32270.dat
1 71 0 -84 40 -1 0 0 0 1 0 0 0 -1 4519.dat
1 71 0 -84 -40 -1 0 0 0 1 0 0 0 -1 4519.dat
1 14 -15 -84 -40 0 0 1 0 1 0 -1 0 0 32123.dat
1 14 15 -84 -40 0 0 1 0 1 0 -1 0 0 32123.dat
1 14 -15 -84 40 0 0 1 0 1 0 -1 0 0 32123.dat
1 14 15 -84 40 0 0 1 0 1 0 -1 0 0 32123.dat
1 71 0 -24 -60 -1 0 0 0 1 0 0 0 -1 60485.dat
1 71 0 -24 60 -1 0 0 0 1 0 0 0 -1 60485.dat
1 14 -25 -84 0 0 -1 0 0 0 -1 1 0 0 2905.dat
1 14 20 -24 0 0 1 0 -1 0 0 0 0 1 32524.dat
1 0 0 -84 -20 1 0 0 0 0 -1 0 1 0 3706.dat
1 72 0 -84 -20 0 0 -1 -1 0 0 0 1 0 3647.dat
1 14 -15 -84 -20 0 0 -1 -1 0 0 0 1 0 32123.dat
1 14 15 -84 -20 0 0 -1 -1 0 0 0 1 0 32123.dat
1 14 25 -84 0 0 -1 0 0 0 -1 1 0 0 2905.dat
1 14 -35 -84 -20 0 0 -1 -1 0 0 0 1 0 32123.dat
1 14 35 -84 -20 0 0 -1 -1 0 0 0 1 0 32123.dat
1 14 40 -104 0 0 -1 0 0 0 1 -1 0 0 32526.dat
1 72 30 -104 0 -1 0 0 0 1 0 0 0 -1 32002.dat
1 0 40 -24 -20 -1 0 0 0 1 0 0 0 -1 32054.dat
1 1 70 -24 -20 -1 0 0 0 1 0 0 0 -1 3749.dat
1 14 -40 -104 0 0 -1 0 0 0 1 -1 0 0 32526.dat
1 72 -30 -104 0 1 0 0 0 1 0 0 0 1 32002.dat
1 0 -40 -24 -20 1 0 0 0 1 0 0 0 1 32054.dat
1 1 -70 -24 -20 1 0 0 0 1 0 0 0 1 3749.dat
1 71 -40 -24 -60 0 0 1 0 1 0 -1 0 0 3713.dat
1 0 -60 -24 -60 0 -1 0 0 0 -1 1 0 0 33299.dat
1 14 -60 -24 60 0 -1 0 0 0 -1 1 0 0 32140.dat
1 1 -60 -44 60 -1 0 0 0 1 0 0 0 -1 32556.dat
1 1 -50 -84 60 1 0 0 0 0.923879 -0.382683 0 0.382683 0.923879 3749.dat
1 14 -40 -34 70 0 0 -1 1 0 0 0 -1 0 32000.dat
1 72 -40 -84 60 0 0 -1 -0.382683 0.923879 0 0.923879 0.382683 0 3647.dat
1 14 -80 -24 0 0 1 0 -1 0 0 0 0 1 32140.dat
1 71 0 -24 0 1 0 0 0 1 0 0 0 1 60485.dat
1 71 -60 -24 0 0 0 1 0 1 0 -1 0 0 3713.dat
1 71 60 -24 0 0 0 1 0 1 0 -1 0 0 3713.dat
1 14 -80 -24 -40 0 1 0 -1 0 0 0 0 1 32523.dat
1 0 -60 -64 0 1 0 0 0 1 0 0 0 1 87082.dat
1 1 -70 -64 60 -1 0 0 0 1 0 0 0 -1 3749.dat
1 14 -80 -64 60 0 1 0 1 0 0 0 0 -1 32271.dat
1 71 20 -84 80 -1 0 0 0 1 0 0 0 -1 60485.dat
1 72 -40 -84 80 0 0 1 0 1 0 -1 0 0 3647.dat
1 14 -25 -84 80 0 0 1 0 1 0 -1 0 0 32123.dat
1 71 -3 -84 80 1 0 0 0 1 0 0 0 1 2585.dat
1 14 19 -84 80 0 0 1 0 1 0 -1 0 0 32123.dat
1 71 40 -84 80 0 0 1 0 1 0 -1 0 0 3713.dat
1 14 60 -24 60 0 -1 0 0 0 -1 1 0 0 32140.dat
1 1 60 -44 60 1 0 0 0 1 0 0 0 1 32556.dat
1 14 40 -34 70 0 0 -1 1 0 0 0 -1 0 32000.dat
1 0 70 -64 60 1 0 0 0 1 0 0 0 1 3673.dat
1 0 -50 -84 -20 0 1 0 0 0 1 1 0 0 33299.dat
1 14 -30 -108.173 -96.6928 0 -1 0 -0.766928 0 -0.641733 0.641733 0 -0.766928 32525.dat
1 0 -20 -121.008 -112.031 1 0 0 0 0.766928 0.641733 0 -0.641733 0.766928 3673.dat
1 72 -20 -172.346 -173.386 1 0 0 0 0.766928 0.641733 0 -0.641733 0.766928 32002.dat
1 0 0 -121.008 -112.031 1 0 0 0 0.766928 0.641733 0 -0.641733 0.766928 62462.dat
1 0 20 -121.008 -112.031 1 0 0 0 0.766928 0.641733 0 -0.641733 0.766928 3673.dat
1 14 0 -178.941 -130.021 0 0 1 -0.268592 0.963254 0 -0.963254 -0.268592 0 57779.dat
1 72 20 -172.347 -173.386 -1 0 0 0 0.766928 -0.641733 0 -0.641733 -0.766928 32002.dat
1 14 30 -108.173 -96.6928 0 -1 0 -0.766928 0 -0.641733 0.641733 0 -0.766928 32525.dat
1 0 50 -84 -20 0 -1 0 0 0 1 -1 0 0 33299.dat
1 71 0 -124 0 1 0 0 0 0.963254 0.268592 0 -0.268592 0.963254 4519.dat
1 14 35 -24 -60 0 -1 0 -1 0 0 0 0 -1 41677.dat
1 14 45 -24 -60 0 -1 0 -1 0 0 0 0 -1 41677.dat
1 0 60 -24 -60 0 1 0 0 0 -1 -1 0 0 33299.dat
1 14 80 -24 0 0 1 0 -1 0 0 0 0 1 32140.dat
1 14 80 -24 -40 0 1 0 -1 0 0 0 0 1 32523.dat
1 0 60 -64 0 1 0 0 0 0 -1 0 1 0 87082.dat
1 14 80 -64 0 0 1 0 -1 0 0 0 0 1 32524.dat
1 0 0 -144.025 -4.7979 1 0 0 0 0.963253 0.268592 0 -0.268592 0.963254 32530.dat
1 0 0 -180.365 -202.14 0 1 0 -0.963254 0 0.268592 0.268592 0 0.963254 32278.dat
1 4 0 -212.595 -317.731 1 0 0 0 0.963254 0.268592 0 -0.268592 0.963254 32062.dat
1 4 0 -217.967 -336.996 1 0 0 0 0.963254 0.268592 0 -0.268592 0.963254 32062.dat
1 0 0 -237.232 -331.624 -1 0 0 0 0.963254 -0.268592 0 -0.268592 -0.963254 92907.dat
1 71 80 -84 80 0 0 1 0 1 0 -1 0 0 3713.dat
1 0 100 -84 80 0 0 -1 0 1 0 1 0 0 32270.dat
1 72 0 -152 -347 0 0 1 0 1 0 -1 0 0 30395.dat
1 0 105 -24 -80 0 1 0 0 0 -1 -1 0 0 32250.dat
1 0 70 -24 -80 1 0 0 0 1 0 0 0 1 3705.dat
1 71 80 -24 -120 1 0 0 0 1 0 0 0 1 4519.dat
1 71 80 -104 -80 1 0 0 0 1 0 0 0 1 4519.dat
1 0 80 -24 -120 1 0 0 0 0 1 0 -1 0 62462.dat
1 0 95 -104 -80 0 -1 0 0 0 1 -1 0 0 32056.dat
1 71 80 -64 -80 1 0 0 0 1 0 0 0 1 4519.dat
1 14 95 -24 -80 0 0 -1 0 1 0 1 0 0 32123.dat
1 0 80 -104 -100 1 0 0 0 0 1 0 -1 0 32184.dat
1 1 80 -84 -80 0 -1 0 0 0 1 -1 0 0 32140.dat
1 14 65 -24 -80 0 0 -1 0 1 0 1 0 0 32123.dat
1 0 65 -104 -80 0 -1 0 0 0 1 -1 0 0 32056.dat
1 0 55 -24 -80 0 1 0 0 0 -1 -1 0 0 32250.dat
1 57 80 -114 -100 1 0 0 0 -1 0 0 0 -1 6141.dat
1 57 80 -120 -100 1 0 0 0 -1 0 0 0 -1 6141.dat
1 14 -20 -34 78 1 0 0 0 0 1 0 -1 0 3021.dat
1 14 30 -34 78 1 0 0 0 0 1 0 -1 0 3022.dat
1 14 0 -34 86 1 0 0 0 0 1 0 -1 0 3021.dat
1 14 0 -34 94 0 0 -1 1 0 0 0 -1 0 3069.dat
1 14 50 -44 94 0 0 -1 1 0 0 0 -1 0 61678.dat
1 14 50 -24 94 0 0 -1 1 0 0 0 -1 0 61678.dat
1 14 -50 -44 94 0 0 1 -1 0 0 0 -1 0 61678.dat
1 14 -50 -24 94 0 0 1 -1 0 0 0 -1 0 61678.dat
1 71 -100 36 80 0 0 1 0 1 0 -1 0 0 94925.dat
1 71 -100 36 -120 0 0 1 0 1 0 -1 0 0 94925.dat
1 71 100 36 -120 0 0 1 0 1 0 -1 0 0 94925.dat
1 71 100 36 80 0 0 1 0 1 0 -1 0 0 94925.dat
1 0 100 56 -108 1 0 0 0 -1 0 0 0 -1 3873.dat
1 0 100 56 -92 1 0 0 0 -1 0 0 0 -1 3873.dat
1 0 100 56 -76 1 0 0 0 -1 0 0 0 -1 3873.dat
1 0 100 56 -60 1 0 0 0 -1 0 0 0 -1 3873.dat
1 0 100 56 -44 1 0 0 0 -1 0 0 0 -1 3873.dat
1 0 100 56 -28 1 0 0 0 -1 0 0 0 -1 3873.dat
1 0 100 56 -12 1 0 0 0 -1 0 0 0 -1 3873.dat
1 0 100 56 4 1 0 0 0 -1 0 0 0 -1 3873.dat
1 0 100 56 20 1 0 0 0 -1 0 0 0 -1 3873.dat
1 0 100 56 36 1 0 0 0 -1 0 0 0 -1 3873.dat
1 0 100 56 52 1 0 0 0 -1 0 0 0 -1 3873.dat
1 0 100 56 68 1 0 0 0 -1 0 0 0 -1 3873.dat
1 0 100 56 84 1 0 0 0 -1 0 0 0 -1 3873.dat
1 0 100 48.243 97.9939 1 0 0 0 -0.874619 0.48481 0 -0.48481 -0.874619 3873.dat
1 0 100 32.3623 99.9438 1 0 0 0 -0.121869 0.992546 0 -0.992546 -0.121869 3873.dat
1 0 100 18.9436 91.2296 1 0 0 0 0.544639 0.83867 0 -0.83867 0.544639 3873.dat
1 0 100 15.6169 75.5792 1 0 0 0 0.978148 0.207912 0 -0.207912 0.978148 3873.dat
1 0 100 12.2904 59.9288 1 0 0 0 0.978148 0.207912 0 -0.207912 0.978148 3873.dat
1 0 100 8.9638 44.2785 1 0 0 0 0.978148 0.207912 0 -0.207912 0.978148 3873.dat
1 0 100 5.6372 28.6281 1 0 0 0 0.978148 0.207912 0 -0.207912 0.978148 3873.dat
1 0 100 2.3106 12.9778 1 0 0 0 0.978148 0.207912 0 -0.207912 0.978148 3873.dat
1 0 100 2.3106 -3.0222 1 0 0 0 1 0 0 0 1 3873.dat
1 0 100 2.3106 -19.0223 1 0 0 0 1 0 0 0 1 3873.dat
1 0 100 2.3106 -35.0223 1 0 0 0 1 0 0 0 1 3873.dat
1 0 100 2.3106 -51.0222 1 0 0 0 1 0 0 0 1 3873.dat
1 0 100 5.6372 -66.6726 1 0 0 0 0.978147 -0.207912 0 0.207912 0.978147 3873.dat
1 0 100 8.9638 -82.323 1 0 0 0 0.978147 -0.207912 0 0.207912 0.978147 3873.dat
1 0 100 12.2904 -97.9733 1 0 0 0 0.978147 -0.207912 0 0.207912 0.978147 3873.dat
1 0 100 15.6169 -113.624 1 0 0 0 0.978147 -0.207912 0 0.207912 0.978147 3873.dat
1 0 100 18.9435 -129.274 1 0 0 0 0.978147 -0.207912 0 0.207912 0.978147 3873.dat
1 0 100 30.453 -140.389 1 0 0 0 0.694658 -0.71934 0 0.71934 0.694658 3873.dat
1 0 100 45.9777 -136.518 1 0 0 0 -0.241922 -0.970295 0 0.970295 -0.241922 3873.dat
1 0 100 56 -124 1 0 0 0 -0.780624 -0.625001 0 0.625001 -0.780624 3873.dat
1 0 -100 56 -92 1 0 0 0 -1 0 0 0 -1 3873.dat
1 0 -100 56 -108 1 0 0 0 -1 0 0 0 -1 3873.dat
1 0 -100 56 -76 1 0 0 0 -1 0 0 0 -1 3873.dat
1 0 -100 56 -124 1 0 0 0 -0.780624 -0.625001 0 0.625001 -0.780624 3873.dat
1 0 -100 56 -60 1 0 0 0 -1 0 0 0 -1 3873.dat
1 0 -100 45.9777 -136.518 1 0 0 0 -0.241922 -0.970295 0 0.970295 -0.241922 3873.dat
1 0 -100 56 -44 1 0 0 0 -1 0 0 0 -1 3873.dat
1 0 -100 30.453 -140.389 1 0 0 0 0.694658 -0.71934 0 0.71934 0.694658 3873.dat
1 0 -100 56 -28 1 0 0 0 -1 0 0 0 -1 3873.dat
1 0 -100 18.9435 -129.274 1 0 0 0 0.978147 -0.207912 0 0.207912 0.978147 3873.dat
1 0 -100 56 -12 1 0 0 0 -1 0 0 0 -1 3873.dat
1 0 -100 15.6169 -113.624 1 0 0 0 0.978147 -0.207912 0 0.207912 0.978147 3873.dat
1 0 -100 56 4 1 0 0 0 -1 0 0 0 -1 3873.dat
1 0 -100 12.2904 -97.9733 1 0 0 0 0.978147 -0.207912 0 0.207912 0.978147 3873.dat
1 0 -100 56 20 1 0 0 0 -1 0 0 0 -1 3873.dat
1 0 -100 8.9638 -82.323 1 0 0 0 0.978147 -0.207912 0 0.207912 0.978147 3873.dat
1 0 -100 56 36 1 0 0 0 -1 0 0 0 -1 3873.dat
1 0 -100 5.6372 -66.6726 1 0 0 0 0.978147 -0.207912 0 0.207912 0.978147 3873.dat
1 0 -100 56 52 1 0 0 0 -1 0 0 0 -1 3873.dat
1 0 -100 2.3106 -51.0222 1 0 0 0 1 0 0 0 1 3873.dat
1 0 -100 56 68 1 0 0 0 -1 0 0 0 -1 3873.dat
1 0 -100 2.3106 -35.0223 1 0 0 0 1 0 0 0 1 3873.dat
1 0 -100 56 84 1 0 0 0 -1 0 0 0 -1 3873.dat
1 0 -100 2.3106 -19.0223 1 0 0 0 1 0 0 0 1 3873.dat
1 0 -100 48.243 97.9939 1 0 0 0 -0.874619 0.48481 0 -0.48481 -0.874619 3873.dat
1 0 -100 2.3106 -3.0222 1 0 0 0 1 0 0 0 1 3873.dat
1 0 -100 32.3623 99.9438 1 0 0 0 -0.121869 0.992546 0 -0.992546 -0.121869 3873.dat
1 0 -100 2.3106 12.9778 1 0 0 0 0.978148 0.207912 0 -0.207912 0.978148 3873.dat
1 0 -100 18.9436 91.2296 1 0 0 0 0.544639 0.83867 0 -0.83867 0.544639 3873.dat
1 0 -100 5.6372 28.6281 1 0 0 0 0.978148 0.207912 0 -0.207912 0.978148 3873.dat
1 0 -100 15.6169 75.5792 1 0 0 0 0.978148 0.207912 0 -0.207912 0.978148 3873.dat
1 0 -100 8.9638 44.2785 1 0 0 0 0.978148 0.207912 0 -0.207912 0.978148 3873.dat
1 0 -100 12.2904 59.9288 1 0 0 0 0.978148 0.207912 0 -0.207912 0.978148 3873.dat
1 72 0 -114 -353 1 0 0 0 1 0 0 0 1 2432.dat
1 4 0 -82 -353 1 0 0 0 1 0 0 0 1 3702.dat
