0 
0 Name: New Model.ldr
0 Author: 
1 0 380 -88 -40 0 0 1 0 1 0 -1 0 0 3027.dat
1 0 380 -80 -40 0 0 1 0 1 0 -1 0 0 3832.dat
1 0 340 -80 -10 1 0 0 0 1 0 0 0 1 3023.dat
1 0 340 -80 -70 1 0 0 0 1 0 0 0 1 3023.dat
1 0 420 -80 -10 1 0 0 0 1 0 0 0 1 3023.dat
1 0 420 -80 -70 1 0 0 0 1 0 0 0 1 3023.dat
1 0 380 -80 -160 1 0 0 0 1 0 0 0 1 4022.dat
1 0 380 -80 80 -1 0 0 0 1 0 0 0 -1 4022.dat
1 0 330 -72 -40 0 0 1 0 1 0 -1 0 0 3666.dat
1 0 430 -72 -40 0 0 1 0 1 0 -1 0 0 3666.dat
1 0 380 -72 40 0 0 1 0 1 0 -1 0 0 3795.dat
1 0 380 -72 -120 0 0 1 0 1 0 -1 0 0 3795.dat
1 0 380 -64 -140 0 0 1 0 1 0 -1 0 0 3022.dat
1 0 380 -64 60 0 0 1 0 1 0 -1 0 0 3022.dat
1 0 350 -80 50 1 0 0 0 1 0 0 0 1 3665.dat
1 0 410 -80 50 1 0 0 0 1 0 0 0 1 3665.dat
1 0 410 -80 70 -1 0 0 0 1 0 0 0 -1 3665.dat
1 0 350 -80 70 -1 0 0 0 1 0 0 0 -1 3665.dat
1 0 350 -80 -150 1 0 0 0 1 0 0 0 1 3665.dat
1 0 410 -80 -150 1 0 0 0 1 0 0 0 1 3665.dat
1 0 410 -80 -130 -1 0 0 0 1 0 0 0 -1 3665.dat
1 0 350 -80 -130 -1 0 0 0 1 0 0 0 -1 3665.dat
1 0 380 -64 -70 1 0 0 0 1 0 0 0 1 3666.dat
1 0 380 -64 -10 1 0 0 0 1 0 0 0 1 3666.dat
1 0 380 -56 -140 1 0 0 0 1 0 0 0 1 4180.dat
1 0 380 -56 60 1 0 0 0 1 0 0 0 1 4180.dat
1 0 380 -96 -200 -1 0 0 0 1 0 0 0 -1 3020.dat
1 0 380 -96 120 -1 0 0 0 1 0 0 0 -1 3020.dat
1 0 380 -96 -40 -1 0 0 0 1 0 0 0 -1 3020.dat
1 0 380 -96 -70 -1 0 0 0 1 0 0 0 -1 3023.dat
1 0 380 -96 -10 -1 0 0 0 1 0 0 0 -1 3023.dat
1 0 380 -96 90 -1 0 0 0 1 0 0 0 -1 3023.dat
1 0 380 -96 -170 -1 0 0 0 1 0 0 0 -1 3023.dat
1 0 380 -104 -170 -1 0 0 0 1 0 0 0 -1 3023.dat
1 0 380 -104 90 -1 0 0 0 1 0 0 0 -1 3023.dat
1 0 380 -104 -10 -1 0 0 0 1 0 0 0 -1 3023.dat
1 0 380 -104 -70 -1 0 0 0 1 0 0 0 -1 3023.dat
1 0 350 -96 40 0 0 1 0 1 0 -1 0 0 3666.dat
1 0 350 -96 -120 0 0 1 0 1 0 -1 0 0 3666.dat
1 0 410 -96 40 0 0 1 0 1 0 -1 0 0 3666.dat
1 0 410 -96 -120 0 0 1 0 1 0 -1 0 0 3666.dat
1 0 350 -104 40 0 0 1 0 1 0 -1 0 0 4162.dat
1 0 410 -104 40 0 0 1 0 1 0 -1 0 0 4162.dat
1 0 410 -104 -120 0 0 1 0 1 0 -1 0 0 4162.dat
1 0 350 -104 -120 0 0 1 0 1 0 -1 0 0 4162.dat
1 0 380 -112 90 -1 0 0 0 1 0 0 0 -1 3069.dat
1 0 380 -112 -10 -1 0 0 0 1 0 0 0 -1 3069.dat
1 0 380 -112 -70 -1 0 0 0 1 0 0 0 -1 3069.dat
1 0 380 -112 -170 -1 0 0 0 1 0 0 0 -1 3069.dat
1 4 330 -112 70 0 0 1 0 1 0 -1 0 0 4589.dat
1 4 330 -112 -10 0 0 1 0 1 0 -1 0 0 4589.dat
1 4 330 -112 -70 0 0 1 0 1 0 -1 0 0 4589.dat
1 4 330 -112 -150 0 0 1 0 1 0 -1 0 0 4589.dat
1 4 430 -112 70 0 0 1 0 1 0 -1 0 0 4589.dat
1 4 430 -112 -10 0 0 1 0 1 0 -1 0 0 4589.dat
1 4 430 -112 -70 0 0 1 0 1 0 -1 0 0 4589.dat
1 16 350 -114 130 0 0 1 0 1 0 -1 0 0 752.dat
1 16 350 -114 130 0 0 -1 0 -1 0 -1 0 0 755.dat
1 16 410 -114 130 0 0 1 0 1 0 -1 0 0 752.dat
1 16 410 -114 130 0 0 -1 0 -1 0 -1 0 0 755.dat
1 16 350 -119.7495 130 0 0 1 0 1 0 -1 0 0 754.dat
1 16 350.1705 -122.2455 130 0 -0.06448 1 0 1 0.06448 -1 0 0 754.dat
1 16 350.407 -124.7335 130 0 -0.107539 1 0 1 0.107539 -1 0 0 754.dat
1 16 350.7653 -127.2066 130 0 -0.158677 1 0 1 0.158677 -1 0 0 754.dat
1 16 351.2497 -129.6581 130 0 -0.208833 1 0 1 0.208833 -1 0 0 754.dat
1 16 351.8669 -132.0792 130 0 -0.263312 1 0 1 0.263312 -1 0 0 754.dat
1 16 352.6239 -134.4603 130 0 -0.319777 0.947493 0 0.947493 0.319777 -1 0 0 754.dat
1 16 353.5269 -136.7897 130 0 -0.379091 0.925359 0 0.925359 0.379091 -1 0 0 754.dat
1 16 354.5846 -139.0529 130 0 -0.44208 0.896976 0 0.896976 0.44208 -1 0 0 754.dat
1 16 355.7943 -141.2388 130 0 -0.501952 0.864896 0 0.864896 0.501952 -1 0 0 754.dat
1 16 357.1674 -143.3252 130 0 -0.569688 0.821861 0 0.821861 0.569688 -1 0 0 754.dat
1 16 358.6963 -145.3005 130 0 -0.629688 0.776848 0 0.776848 0.629688 -1 0 0 754.dat
1 16 360.3806 -147.1444 130 0 -0.692907 0.721027 0 0.721027 0.692907 -1 0 0 754.dat
1 16 362.2099 -148.8448 130 0 -0.748671 0.662941 0 0.662941 0.748671 -1 0 0 754.dat
1 16 364.1797 -150.3794 130 0 -0.805123 0.593107 0 0.593107 0.805123 -1 0 0 754.dat
1 16 366.2789 -151.7312 130 0 -0.854995 0.518636 0 0.518636 0.854995 -1 0 0 754.dat
1 16 368.4884 -152.8945 130 0 -0.896651 0.442737 0 0.442737 0.896651 -1 0 0 754.dat
1 16 370.7942 -153.8524 130 0 -0.933796 0.357806 0 0.357806 0.933796 -1 0 0 754.dat
1 16 373.1794 -154.59 130 0 -0.963324 0.268339 0 0.268339 1 -1 0 0 754.dat
1 16 375.6208 -155.1138 130 0 -0.982837 0.184477 0 0.184477 1 -1 0 0 754.dat
1 16 377.9027 -155.3143 130 0 -0.999191 0 0 0 1 -1 0 0 756.dat
1 16 382.1921 -155.3807 130 0 1 0.10166 0 0.10166 -0.994819 -1 0 0 754.dat
1 16 384.668 -155.0589 130 0 1 0.192029 0 0.192029 -0.981389 -1 0 0 754.dat
1 16 387.1049 -154.5151 130 0 1 0.27738 0 0.27738 -0.96076 -1 0 0 754.dat
1 16 389.4828 -153.7538 130 0 0.929772 0.368136 0 0.368136 -0.929772 -1 0 0 754.dat
1 16 391.7778 -152.7701 130 0 0.891482 0.453056 0 0.453056 -0.891482 -1 0 0 754.dat
1 16 394 -151.5834 130 0 0.850729 0.525605 0 0.525605 -0.850729 -1 0 0 754.dat
1 16 396.0616 -150.2116 130 0 0.79757 0.603227 0 0.603227 -0.79757 -1 0 0 754.dat
1 16 398 -148.6536 130 0 0.741711 0.67072 0 0.67072 -0.741711 -1 0 0 754.dat
1 16 399.8239 -146.934 130 0 0.68491 0.728628 0 0.728628 -0.68491 -1 0 0 754.dat
1 16 401.4918 -145.0749 130 0 0.626426 0.779481 0 0.779481 -0.626426 -1 0 0 754.dat
1 16 403 -143.0888 130 0 0.557424 0.830228 0 0.830228 -0.557424 -1 0 0 754.dat
1 16 404.3535 -141 130 0 0.496927 0.867792 0 0.867792 -0.496927 -1 0 0 754.dat
1 16 405.5498 -138.7923 130 0 0.435914 0.899988 0 0.899988 -0.435914 -1 0 0 754.dat
1 16 406.5931 -136.522 130 0 0.374007 0.927426 0 0.927426 -0.374007 -1 0 0 754.dat
1 16 407.4789 -134.1858 130 0 0.308502 1 0 1 -0.308502 -1 0 0 754.dat
1 16 408.2113 -131.7968 130 0 0.256873 1 0 1 -0.256873 -1 0 0 754.dat
1 16 408.8124 -129.3716 130 0 0.202293 1 0 1 -0.202293 -1 0 0 754.dat
1 16 409.2831 -126.9173 130 0 0.155715 1 0 1 -0.155715 -1 0 0 754.dat
1 16 409.6324 -124.4428 130 0 0.102398 1 0 1 -0.102398 -1 0 0 754.dat
1 16 409.8535 -122 130 0 0.055865 1 0 1 -0.055865 -1 0 0 754.dat
1 16 410 -119.6029 130 0 0 1 0 1 0 -1 0 0 754.dat
1 16 350 -114 -210 0 0 1 0 1 0 -1 0 0 752.dat
1 16 350 -114 -210 0 0 -1 0 -1 0 -1 0 0 755.dat
1 16 410 -114 -210 0 0 1 0 1 0 -1 0 0 752.dat
1 16 410 -114 -210 0 0 -1 0 -1 0 -1 0 0 755.dat
1 16 350 -119.7495 -210 0 0 1 0 1 0 -1 0 0 754.dat
1 16 350.1705 -122.2455 -210 0 -0.06448 1 0 1 0.06448 -1 0 0 754.dat
1 16 350.407 -124.7335 -210 0 -0.107539 1 0 1 0.107539 -1 0 0 754.dat
1 16 350.7653 -127.2066 -210 0 -0.158677 1 0 1 0.158677 -1 0 0 754.dat
1 16 351.2497 -129.6581 -210 0 -0.208833 1 0 1 0.208833 -1 0 0 754.dat
1 16 351.8669 -132.0792 -210 0 -0.263312 1 0 1 0.263312 -1 0 0 754.dat
1 16 352.6239 -134.4603 -210 0 -0.319777 0.947493 0 0.947493 0.319777 -1 0 0 754.dat
1 16 353.5269 -136.7897 -210 0 -0.379091 0.925359 0 0.925359 0.379091 -1 0 0 754.dat
1 16 354.5846 -139.0529 -210 0 -0.44208 0.896976 0 0.896976 0.44208 -1 0 0 754.dat
1 16 355.7943 -141.2388 -210 0 -0.501952 0.864896 0 0.864896 0.501952 -1 0 0 754.dat
1 16 357.1674 -143.3252 -210 0 -0.569688 0.821861 0 0.821861 0.569688 -1 0 0 754.dat
1 16 358.6963 -145.3005 -210 0 -0.629688 0.776848 0 0.776848 0.629688 -1 0 0 754.dat
1 16 360.3806 -147.1444 -210 0 -0.692907 0.721027 0 0.721027 0.692907 -1 0 0 754.dat
1 16 362.2099 -148.8448 -210 0 -0.748671 0.662941 0 0.662941 0.748671 -1 0 0 754.dat
1 16 364.1797 -150.3794 -210 0 -0.805123 0.593107 0 0.593107 0.805123 -1 0 0 754.dat
1 16 366.2789 -151.7312 -210 0 -0.854995 0.518636 0 0.518636 0.854995 -1 0 0 754.dat
1 16 368.4884 -152.8945 -210 0 -0.896651 0.442737 0 0.442737 0.896651 -1 0 0 754.dat
1 16 370.7942 -153.8524 -210 0 -0.933796 0.357806 0 0.357806 0.933796 -1 0 0 754.dat
1 16 373.1794 -154.59 -210 0 -0.963324 0.268339 0 0.268339 1 -1 0 0 754.dat
1 16 375.6208 -155.1138 -210 0 -0.982837 0.184477 0 0.184477 1 -1 0 0 754.dat
1 16 377.9027 -155.3143 -210 0 -0.999191 0 0 0 1 -1 0 0 756.dat
1 16 382.1921 -155.3807 -210 0 1 0.10166 0 0.10166 -0.994819 -1 0 0 754.dat
1 16 384.668 -155.0589 -210 0 1 0.192029 0 0.192029 -0.981389 -1 0 0 754.dat
1 16 387.1049 -154.5151 -210 0 1 0.27738 0 0.27738 -0.96076 -1 0 0 754.dat
1 16 389.4828 -153.7538 -210 0 0.929772 0.368136 0 0.368136 -0.929772 -1 0 0 754.dat
1 16 391.7778 -152.7701 -210 0 0.891482 0.453056 0 0.453056 -0.891482 -1 0 0 754.dat
1 16 394 -151.5834 -210 0 0.850729 0.525605 0 0.525605 -0.850729 -1 0 0 754.dat
1 16 396.0616 -150.2116 -210 0 0.79757 0.603227 0 0.603227 -0.79757 -1 0 0 754.dat
1 16 398 -148.6536 -210 0 0.741711 0.67072 0 0.67072 -0.741711 -1 0 0 754.dat
1 16 399.8239 -146.934 -210 0 0.68491 0.728628 0 0.728628 -0.68491 -1 0 0 754.dat
1 16 401.4918 -145.0749 -210 0 0.626426 0.779481 0 0.779481 -0.626426 -1 0 0 754.dat
1 16 403 -143.0888 -210 0 0.557424 0.830228 0 0.830228 -0.557424 -1 0 0 754.dat
1 16 404.3535 -141 -210 0 0.496927 0.867792 0 0.867792 -0.496927 -1 0 0 754.dat
1 16 405.5498 -138.7923 -210 0 0.435914 0.899988 0 0.899988 -0.435914 -1 0 0 754.dat
1 16 406.5931 -136.522 -210 0 0.374007 0.927426 0 0.927426 -0.374007 -1 0 0 754.dat
1 16 407.4789 -134.1858 -210 0 0.308502 1 0 1 -0.308502 -1 0 0 754.dat
1 16 408.2113 -131.7968 -210 0 0.256873 1 0 1 -0.256873 -1 0 0 754.dat
1 16 408.8124 -129.3716 -210 0 0.202293 1 0 1 -0.202293 -1 0 0 754.dat
1 16 409.2831 -126.9173 -210 0 0.155715 1 0 1 -0.155715 -1 0 0 754.dat
1 16 409.6324 -124.4428 -210 0 0.102398 1 0 1 -0.102398 -1 0 0 754.dat
1 16 409.8535 -122 -210 0 0.055865 1 0 1 -0.055865 -1 0 0 754.dat
1 16 410 -119.6029 -210 0 0 1 0 1 0 -1 0 0 754.dat
1 4 430 -112 -150 0 0 1 0 1 0 -1 0 0 4589.dat
1 1 410 -112 -190 0 0 -1 0 1 0 1 0 0 2420.dat
1 1 350 -112 -190 1 0 0 0 1 0 0 0 1 2420.dat
1 1 350 -112 -50 0 0 1 0 1 0 -1 0 0 2420.dat
1 1 410 -112 -50 -1 0 0 0 1 0 0 0 -1 2420.dat
1 1 380 -120 -120 0 0 -1 0 1 0 1 0 0 3035.dat
1 16 380 -144 -50 1 0 0 0 1 0 0 0 1 3010.dat
1 16 380 -168 -50 1 0 0 0 1 0 0 0 1 3010.dat
1 16 380 -192 -190 1 0 0 0 1 0 0 0 1 3853.dat
1 16 340 -192 -202 0 0 -1 0 1 0 1 0 0 3856.dat
1 16 420 -192 -202 0 0 1 0 1 0 -1 0 0 3856.dat
1 16 380 -192 -50 1 0 0 0 1 0 0 0 1 3010.dat
1 16 350 -192 -140 0 0 -1 0 1 0 1 0 0 4215.dat
1 16 410 -192 -140 0 0 1 0 1 0 -1 0 0 4215.dat
1 16 410 -192 -80 0 0 1 0 1 0 -1 0 0 2362.dat
1 16 350 -192 -80 0 0 -1 0 1 0 1 0 0 2362.dat
1 4 380 -208 -120 1 0 0 0 1 0 0 0 1 2376.dat
1 1 380 -200 -120 0 0 -1 0 1 0 1 0 0 3035.dat
1 16 339 -158 -120 0 1 0 0 0 -1 -1 0 0 190145a.dat
1 16 420 -158 -120 0 -1 0 0 0 -1 1 0 0 190145a.dat
1 1 350 -112 110 0 0 1 0 1 0 -1 0 0 2420.dat
1 1 410 -112 110 -1 0 0 0 1 0 0 0 -1 2420.dat
1 1 410 -112 -30 0 0 -1 0 1 0 1 0 0 2420.dat
1 1 350 -112 -30 1 0 0 0 1 0 0 0 1 2420.dat
1 1 380 -120 40 0 0 1 0 1 0 -1 0 0 3035.dat
1 16 380 -144 -30 -1 0 0 0 1 0 0 0 -1 3010.dat
1 16 380 -168 -30 -1 0 0 0 1 0 0 0 -1 3010.dat
1 16 380 -192 110 -1 0 0 0 1 0 0 0 -1 3853.dat
1 16 420 -192 122 0 0 1 0 1 0 -1 0 0 3856.dat
1 16 340 -192 122 0 0 -1 0 1 0 1 0 0 3856.dat
1 16 380 -192 -30 -1 0 0 0 1 0 0 0 -1 3010.dat
1 16 410 -192 60 0 0 1 0 1 0 -1 0 0 4215.dat
1 16 350 -192 60 0 0 -1 0 1 0 1 0 0 4215.dat
1 16 350 -192 0 0 0 -1 0 1 0 1 0 0 2362.dat
1 16 410 -192 0 0 0 1 0 1 0 -1 0 0 2362.dat
1 4 380 -208 40 -1 0 0 0 1 0 0 0 -1 2376.dat
1 1 380 -200 40 0 0 1 0 1 0 -1 0 0 3035.dat
1 16 421 -158 40 0 -1 0 0 0 -1 1 0 0 190145a.dat
1 16 340 -158 40 0 1 0 0 0 -1 -1 0 0 190145a.dat
