0 Main
0 Name: 8810-1 - Cafe Racer - Trike.mpd
0 Author: LTRON
1 15 0 -7.808 1.736 1 0 0 0 0.976 0.217 0 -0.217 0.976 2904.dat
1 7 20 1.952 -0.434 1 0 0 0 0.976 0.217 0 -0.217 0.976 3673.dat
1 7 -20 1.952 -0.434 1 0 0 0 0.976 0.217 0 -0.217 0.976 3673.dat
1 15 30 0.872 40.776 0 0 1 -0.217 0.976 0 -0.976 -0.217 0 3894.dat
1 15 -30 0.872 40.776 0 0 1 -0.217 0.976 0 -0.976 -0.217 0 3894.dat
1 15 0 16.062 109.096 1 0 0 0 0.976 0.217 0 -0.217 0.976 3701.dat
1 15 0 20.402 128.616 1 0 0 0 0.976 0.217 0 -0.217 0.976 3701.dat
1 0 30 1.744 81.552 0 0 1 -0.217 0.976 0 -0.976 -0.217 0 4262.dat
1 0 -30 1.744 81.552 0 0 1 -0.217 0.976 0 -0.976 -0.217 0 4262.dat
1 0 0 -6.936 42.512 0 0 1 -0.217 0.976 0 -0.976 -0.217 0 3034.dat
1 0 0 12.594 130.352 -1 0 0 0 0.976 -0.217 0 -0.217 -0.976 2436.dat
1 0 0 -6.064 83.288 0 0 -1 0.217 0.976 0 0.976 -0.217 0 3795.dat
1 36 30 27.128 149.654 0 0 -1 0.976 -0.217 0 -0.217 -0.976 0 3024.dat
1 36 -30 27.128 149.654 0 0 -1 0.976 -0.217 0 -0.217 -0.976 0 3024.dat
1 0 0 -5.192 124.064 0 0 -1 0.217 0.976 0 0.976 -0.217 0 3022.dat
1 0 0 -10.83 135.56 -1 0 0 0 0.976 -0.217 0 -0.217 -0.976 3710.dat
1 15 0 -45.55 -20.6 -1 0 0 0 0.976 -0.217 0 -0.217 -0.976 3298.dat
1 0 -30 28.636 55.088 0 0 -1 0.217 0.976 0 0.976 -0.217 0 4275.dat
1 0 -30 41.656 113.648 0 0 1 -0.217 0.976 0 -0.976 -0.217 0 4276.dat
1 0 30 28.636 55.088 0 0 -1 0.217 0.976 0 0.976 -0.217 0 4275.dat
1 0 30 41.656 113.648 0 0 1 -0.217 0.976 0 -0.976 -0.217 0 4276.dat
1 7 -20 17.786 6.288 0 0 -1 0.217 0.976 0 0.976 -0.217 0 3021.dat
1 7 20 17.786 6.288 0 0 -1 0.217 0.976 0 0.976 -0.217 0 3021.dat
1 0 0 21.254 -14.968 1 0 0 0 0.976 0.217 0 -0.217 0.976 3747.dat
1 0 0 6.936 -42.512 1 0 0 0 0.976 0.217 0 -0.217 0.976 3022.dat
1 15 0 25.594 4.552 -1 0 0 0 0.976 -0.217 0 -0.217 -0.976 3747.dat
1 0 0 41.656 113.648 -1 0 0 0 0.976 -0.217 0 -0.217 -0.976 3022.dat
1 0 0 19.312 77.646 -1 0 0 0 0.976 -0.217 0 -0.217 -0.976 3707.dat
1 15 48 19.312 77.646 0 0 -1 0.217 0.976 0 0.976 -0.217 0 2695.dat
1 256 48 19.312 77.646 0 0 -1 0.217 0.976 0 0.976 -0.217 0 2696.dat
1 15 -48 19.312 77.646 0 0 1 -0.217 0.976 0 -0.976 -0.217 0 2695.dat
1 256 -48 19.312 77.646 0 0 1 -0.217 0.976 0 -0.976 -0.217 0 2696.dat
1 7 66 19.312 77.646 0 0 -1 0.217 0.976 0 0.976 -0.217 0 3713.dat
1 7 -66 19.312 77.646 0 0 1 -0.217 0.976 0 -0.976 -0.217 0 3713.dat
1 0 0 -25.5596 -74.7564 0 0 1 -0.881732 -0.470539 0 0.470539 -0.881732 0 3705.dat
1 15 0 -22.0413 -110.6335 -1 0 0 0 0.881732 -0.470539 0 -0.470539 -0.881732 3176.dat
1 0 0 -33.8005 -115.6865 -1 0 0 0 0.881732 -0.470539 0 -0.470539 -0.881732 4263.dat
1 0 0 -54.9621 -104.3935 -1 0 0 0 0.881732 -0.470539 0 -0.470539 -0.881732 3700.dat
1 46 0 -50.8502 -117.9162 -1 0 0 0 -0.470539 -0.881732 0 -0.881732 0.470539 6141.dat
1 0 0 -62.016 -100.6292 -1 0 0 0 0.881732 -0.470539 0 -0.470539 -0.881732 4263.dat
1 15 0 -64.3644 -88.0476 -1 0 0 0 0.881732 -0.470539 0 -0.470539 -0.881732 3176.dat
1 0 0 34.9746 -152.3885 1 0 0 0 0.881732 0.470539 0 -0.470539 0.881732 3705.dat
1 0 30 -26.7467 -119.4508 0 -1 0 -0.881732 0 -0.470539 0.470539 0 -0.881732 3706.dat
1 7 30 -17.9294 -124.1562 -1 0 0 0 -0.470539 -0.881732 0 -0.881732 0.470539 3713.dat
1 7 30 17.3399 -142.9777 -1 0 0 0 -0.470539 -0.881732 0 -0.881732 0.470539 3651.dat
1 0 -30 -26.7467 -119.4508 0 -1 0 -0.881732 0 -0.470539 0.470539 0 -0.881732 3706.dat
1 7 -30 -17.9294 -124.1562 -1 0 0 0 -0.470539 -0.881732 0 -0.881732 0.470539 3713.dat
1 7 -30 17.3399 -142.9777 -1 0 0 0 -0.470539 -0.881732 0 -0.881732 0.470539 3651.dat
1 7 15 34.9746 -152.3885 0 0 -1 0.881732 -0.470539 0 -0.470539 -0.881732 0 4265.dat
1 7 -15 34.9746 -152.3885 0 0 1 0.881732 0.470539 0 -0.470539 0.881732 0 4265.dat
1 256 0 34.9746 -152.3885 0 0 1 0.881732 0.470539 0 -0.470539 0.881732 0 2815.dat
1 7 -44.142 -64.1789 -83.4544 0 0.707 -0.707 -0.881732 0.332671 0.332671 0.470539 0.623385 0.623385 4273.dat
1 7 -30 -74.3602 -94.0417 -1 0 0 0 0.470539 0.881732 0 0.881732 -0.470539 4265.dat
1 7 30 -74.3602 -94.0417 -1 0 0 0 0.470539 0.881732 0 0.881732 -0.470539 4265.dat
1 7 44.142 -64.1789 -83.4544 0 0.707 0.707 -0.881732 -0.332671 0.332671 0.470539 -0.623385 0.623385 4273.dat
1 0 -51.213 -60.8517 -77.2196 -0.707 0 -0.707 0.332671 0.881732 -0.332671 0.623385 -0.470539 -0.623385 3704.dat
1 0 51.213 -60.8517 -77.2196 0.707 0 -0.707 0.332671 0.881732 0.332671 0.623385 -0.470539 0.623385 3704.dat
1 7 0 -54.6674 -59.2211 0 -1 0 0.470539 0 -0.881732 0.881732 0 0.470539 4265.dat
1 7 0 3.5491 -90.2919 0 -1 0 -0.470539 0 0.881732 -0.881732 0 -0.470539 4265.dat
