0 Main
0 Name: 8820-1 - Mountain Rambler.mpd
0 Author: LTRON
1 0 0 0 0 1 0 0 0 0.987 -0.16 0 0.16 0.987 3709.dat
1 0 0 27.2 -167.79 1 0 0 0 0.987 -0.16 0 0.16 0.987 4442.dat
1 0 -30 -14.088 -63.06 0 0 -1 -0.16 0.987 0 0.987 0.16 0 3895.dat
1 0 30 -14.088 -63.06 0 0 -1 -0.16 0.987 0 0.987 0.16 0 3895.dat
1 0 40 2.182 -100.94 1 0 0 0 0.987 -0.16 0 0.16 0.987 2780.dat
1 0 -40 2.182 -100.94 1 0 0 0 0.987 -0.16 0 0.16 0.987 2780.dat
1 7 40 -20.218 37.24 1 0 0 0 0.987 -0.16 0 0.16 0.987 3673.dat
1 7 -40 -20.218 37.24 1 0 0 0 0.987 -0.16 0 0.16 0.987 3673.dat
1 0 0 -31.584 -5.12 1 0 0 0 0.987 -0.16 0 0.16 0.987 3709.dat
1 0 0 -13.984 -113.69 1 0 0 0 0.987 -0.16 0 0.16 0.987 3710.dat
1 7 70 3.512 -171.63 1 0 0 0 0.987 -0.16 0 0.16 0.987 4261.dat
1 7 -70 3.512 -171.63 1 0 0 0 0.987 -0.16 0 0.16 0.987 4261.dat
1 7 80 13.382 -170.03 1 0 0 0 0.987 -0.16 0 0.16 0.987 3749.dat
1 7 -80 13.382 -170.03 -1 0 0 0 0.987 0.16 0 0.16 -0.987 3749.dat
1 7 -70 -2.888 -132.15 0 0 1 0.987 -0.16 0 0.16 0.987 0 3749.dat
1 7 70 -2.888 -132.15 0 0 1 0.987 -0.16 0 0.16 0.987 0 3749.dat
1 0 0 -10.784 -133.43 1 0 0 0 0.987 -0.16 0 0.16 0.987 2792.dat
1 7 0 -24.602 -135.67 1 0 0 0 0.896692 -0.442151 0 0.442151 0.896692 2791.dat
1 0 -50 -58.098 20.97 0 0 -1 -0.987 -0.16 0 -0.16 0.987 0 3894.dat
1 0 -50 -31.958 -15.31 0 0 -1 -0.987 -0.16 0 -0.16 0.987 0 3701.dat
1 0 -50 -37.078 16.274 0 0 -1 -0.987 -0.16 0 -0.16 0.987 0 3710.dat
1 0 -50 -35.798 8.378 0 0 -1 -0.987 -0.16 0 -0.16 0.987 0 3710.dat
1 7 -40 -53.298 -8.64 1 0 0 0 -0.16 -0.987 0 0.987 -0.16 3673.dat
1 7 -60 -99.178 24.44 1 0 0 0 -0.16 -0.987 0 0.987 -0.16 3673.dat
1 7 -60 -59.698 30.84 1 0 0 0 -0.16 -0.987 0 0.987 -0.16 3673.dat
1 7 0 -24.602 -135.67 -1 0 0 0 0.987 0.16 0 0.16 -0.987 2790.dat
1 4 -50 -35.698 -117.21 0 0 1 0.987 -0.16 0 0.16 0.987 0 3894.dat
1 7 -60 -37.298 -107.34 -1 0 0 0 0.987 0.16 0 0.16 -0.987 3673.dat
1 0 -60 -76.778 -113.74 -1 0 0 0 0.987 0.16 0 0.16 -0.987 2780.dat
1 16 0 -79.438 27.64 0 0 1 0.376101 0.926645 0 -0.926645 0.376101 0 4255.dat
1 0 0 22.493 69.0111 0 0 1 0.376101 0.926645 0 -0.926645 0.376101 0 4254.dat
1 0 0 -79.438 27.64 -1 0 0 0 0.926645 0.376101 0 0.376101 -0.926645 3706.dat
1 0 0 22.493 69.0111 -1 0 0 0 0.926645 0.376101 0 0.376101 -0.926645 3707.dat
1 7 -50 22.493 69.0111 0 0 -1 0.926645 0.376101 0 0.376101 -0.926645 0 3713.dat
1 7 50 22.493 69.0111 0 0 1 -0.926645 0.376101 0 -0.376101 -0.926645 0 3713.dat
1 7 20 -79.438 27.64 0 0 1 -0.926645 0.376101 0 -0.376101 -0.926645 0 3713.dat
1 7 -20 -79.438 27.64 0 0 -1 0.926645 0.376101 0 0.376101 -0.926645 0 3713.dat
1 7 -35 -79.438 27.64 0 0 1 -0.926645 0.376101 0 -0.376101 -0.926645 0 4265.dat
1 7 35 -79.438 27.64 0 0 -1 0.926645 0.376101 0 0.376101 -0.926645 0 4265.dat
1 4 -30 -48.8963 -95.3855 0 0 1 0.442151 0.896692 0 -0.896692 0.442151 0 2420.dat
1 4 30 -48.8963 -95.3855 -1 0 0 0 0.896692 0.442151 0 0.442151 -0.896692 2420.dat
1 0 0 -70.4169 -105.9971 -1 0 0 0 0.896692 0.442151 0 0.442151 -0.896692 3700.dat
1 0 30 -65.9954 -114.964 0 0 -1 -0.442151 0.896692 0 0.896692 0.442151 0 3700.dat
1 0 -30 -65.9954 -114.964 0 0 -1 -0.442151 0.896692 0 0.896692 0.442151 0 3700.dat
1 7 40 -57.0285 -110.5425 1 0 0 0 0.896692 -0.442151 0 0.442151 0.896692 3673.dat
1 7 -40 -57.0285 -110.5425 1 0 0 0 0.896692 -0.442151 0 0.442151 0.896692 3673.dat
1 4 0 -73.1689 -118.5012 1 0 0 0 0.896692 -0.442151 0 0.442151 0.896692 3709.dat
1 1 0 -29.984 -14.99 1 0 0 0 0.987 -0.16 0 0.16 0.987 2717.dat
1 7 40 -53.298 -8.64 1 0 0 0 0.987 -0.16 0 0.16 0.987 3673.dat
1 0 50 -58.098 20.97 0 0 -1 -0.987 -0.16 0 -0.16 0.987 0 3894.dat
1 0 50 -31.958 -15.31 0 0 -1 -0.987 -0.16 0 -0.16 0.987 0 3701.dat
1 0 50 -37.078 16.274 0 0 -1 -0.987 -0.16 0 -0.16 0.987 0 3710.dat
1 0 50 -35.798 8.378 0 0 -1 -0.987 -0.16 0 -0.16 0.987 0 3710.dat
1 7 60 -99.178 24.44 1 0 0 0 -0.16 -0.987 0 0.987 -0.16 3673.dat
1 7 60 -59.698 30.84 1 0 0 0 -0.16 -0.987 0 0.987 -0.16 3673.dat
1 0 0 -52.6201 -119.5105 0 1 0 -0.441703 0 0.896733 0.896733 0 0.441703 3706.dat
1 7 0 -68.086 -88.1134 0 1 0 -0.896733 0 -0.441703 -0.441703 0 0.896733 4265.dat
1 7 0 -40.7488 -143.6206 1 0 0 0 -0.896692 0.442151 0 -0.442151 -0.896692 3647.dat
1 4 50 -35.698 -117.21 0 0 1 0.987 -0.16 0 0.16 0.987 0 3894.dat
1 7 60 -37.298 -107.34 -1 0 0 0 0.987 0.16 0 0.16 -0.987 3673.dat
1 0 60 -76.778 -113.74 -1 0 0 0 0.987 0.16 0 0.16 -0.987 2780.dat
1 4 0 -83.768 -133.106 -1 0 0 0 -0.16 0.987 0 0.987 0.16 4262.dat
1 4 70 -59.968 -29.98 0 0 -1 -0.16 0.987 0 0.987 0.16 0 2730.dat
1 4 80 -77.464 27.96 0 0 -1 -0.16 0.987 0 0.987 0.16 0 3020.dat
1 4 70 -90.16 56.29 -1 0 0 0 0.987 0.16 0 0.16 -0.987 2420.dat
1 4 70 -82.16 6.94 0 0 -1 -0.16 0.987 0 0.987 0.16 0 3023.dat
1 4 70 -109.048 22.84 0 0 -1 -0.16 0.987 0 0.987 0.16 0 3701.dat
1 4 -80 -77.464 27.96 0 0 -1 -0.16 0.987 0 0.987 0.16 0 3020.dat
1 4 -90 -74.368 58.85 -1 0 0 0 0.987 0.16 0 0.16 -0.987 4085.dat
1 4 -70 -59.968 -29.98 0 0 -1 -0.16 0.987 0 0.987 0.16 0 2730.dat
1 4 -70 -90.16 56.29 0 0 1 0.16 0.987 0 -0.987 0.16 0 2420.dat
1 4 -70 -82.16 6.94 0 0 -1 -0.16 0.987 0 0.987 0.16 0 3023.dat
1 4 -90 -90.16 56.29 -1 0 0 0 0.987 0.16 0 0.16 -0.987 4085.dat
1 4 -70 -109.048 22.84 0 0 -1 -0.16 0.987 0 0.987 0.16 0 3701.dat
1 4 0 -113.848 52.45 1 0 0 0 0.987 -0.16 0 0.16 0.987 3894.dat
1 7 -20 -105.578 63.92 0 0 -1 -0.16 0.987 0 0.987 0.16 0 3749.dat
1 4 0 -43.864 -179.31 1 0 0 0 0.987 -0.16 0 0.16 0.987 3666.dat
1 4 -30 -51.76 -180.59 1 0 0 0 0.987 -0.16 0 0.16 0.987 3024.dat
1 4 30 -51.76 -180.59 1 0 0 0 0.987 -0.16 0 0.16 0.987 3024.dat
1 0 50 -35.968 -178.03 1 0 0 0 0.987 -0.16 0 0.16 0.987 3623.dat
1 0 -50 -35.968 -178.03 1 0 0 0 0.987 -0.16 0 0.16 0.987 3623.dat
1 4 40 -28.072 -176.75 1 0 0 0 0.987 -0.16 0 0.16 0.987 3700.dat
1 4 -40 -28.072 -176.75 1 0 0 0 0.987 -0.16 0 0.16 0.987 3700.dat
1 0 0 -51.76 -180.59 1 0 0 0 0.987 -0.16 0 0.16 0.987 2436.dat
1 0 40 -16.602 -185.02 0 -1 0 0.16 0 0.987 -0.987 0 0.16 4519.dat
1 7 40 -20.602 -160.345 0 -1 0 0.987 0 -0.16 0.16 0 0.987 4265.dat
1 0 -40 -16.602 -185.02 0 -1 0 0.16 0 0.987 -0.987 0 0.16 4519.dat
1 7 -40 -20.602 -160.345 0 -1 0 0.987 0 -0.16 0.16 0 0.987 4265.dat
1 0 0 -59.656 -181.87 1 0 0 0 0.987 -0.16 0 0.16 0.987 3710.dat
1 0 0 -15.002 -194.89 1 0 0 0 -0.16 -0.987 0 0.987 -0.16 4519.dat
1 7 20 -15.002 -194.89 0 0 -1 0.16 -0.987 0 -0.987 -0.16 0 4273.dat
1 7 -20 -15.002 -194.89 0 0 1 0.16 0.987 0 -0.987 0.16 0 4273.dat
1 7 40 -13.242 -205.747 1 0 0 0 0.987 -0.16 0 0.16 0.987 3651.dat
1 7 -40 -13.242 -205.747 1 0 0 0 0.987 -0.16 0 0.16 0.987 3651.dat
1 4 0 -48.24 -202.304 1 0 0 0 -0.16 -0.987 0 0.987 -0.16 3709.dat
1 4 70 -48.664 -149.7 0 0 1 0.16 0.987 0 -0.987 0.16 0 3666.dat
1 4 -70 -48.664 -149.7 0 0 1 0.16 0.987 0 -0.987 0.16 0 3666.dat
1 4 60 -121.744 51.17 -1 0 0 0 0.987 0.16 0 0.16 -0.987 3023.dat
1 4 -60 -121.744 51.17 -1 0 0 0 0.987 0.16 0 0.16 -0.987 3023.dat
1 0 0 -13.818 -2.24 -1 0 0 0 0.987 0.16 0 0.16 -0.987 3737.dat
1 7 90 -13.818 -2.24 0 0 -1 -0.16 0.987 0 0.987 0.16 0 3713.dat
1 0 70 -4.5937 37.9414 0 0 -1 0.45321 0.890909 0 0.890909 -0.45321 0 3894.dat
1 7 80 13.3862 51.2306 1 0 0 0 0.890909 0.45321 0 -0.45321 0.890909 3749.dat
1 7 -80 13.3796 51.2275 -1 0 0 0 0.890909 -0.45321 0 -0.45321 -0.890909 3749.dat
1 0 -70 -4.5937 37.9414 0 0 -1 0.45321 0.890909 0 0.890909 -0.45321 0 3894.dat
1 7 -90 -13.818 -2.24 0 0 1 0.16 0.987 0 -0.987 0.16 0 3713.dat
1 7 70 -96.674 -111.7223 1 0 0 0 0.101073 -0.994882 0 0.994882 0.101073 3651.dat
1 7 -70 -96.674 -111.7223 1 0 0 0 0.101073 -0.994882 0 0.994882 0.101073 3651.dat
1 0 70 -116.5692 -109.7035 0 0 1 0.994882 0.101073 0 -0.101073 0.994882 0 4519.dat
1 0 -70 -116.5692 -109.7035 0 0 1 0.994882 0.101073 0 -0.101073 0.994882 0 4519.dat
1 7 -70 -136.4652 -107.6858 -1 0 0 0 0.101073 0.994882 0 0.994882 -0.101073 4273.dat
1 7 70 -136.4652 -107.6858 1 0 0 0 -0.101073 0.994882 0 -0.994882 -0.101073 4273.dat
1 0 0 -156.3604 -105.667 1 0 0 0 -0.101073 0.994882 0 -0.994882 -0.101073 3707.dat
1 0 0 -10.042 -225.487 1 0 0 0 0.16 0.987 0 -0.987 0.16 3707.dat
1 7 -55 -156.3604 -105.667 0 0 1 -0.994882 -0.101073 0 0.101073 -0.994882 0 4265.dat
1 7 55 -156.3604 -105.667 0 0 -1 -0.994882 0.101073 0 0.101073 0.994882 0 4265.dat
1 7 -55 -10.042 -225.487 0 0 -1 -0.987 -0.16 0 -0.16 0.987 0 4265.dat
1 7 55 -10.042 -225.487 0 0 1 -0.987 0.16 0 -0.16 -0.987 0 4265.dat
1 4 30 -37.09 -208.6 0 0 -1 -0.987 -0.16 0 -0.16 0.987 0 2420.dat
1 4 -30 -37.09 -208.6 1 0 0 0 -0.16 -0.987 0 0.987 -0.16 2420.dat
1 4 60 -53.36 -170.72 0 0 1 0.16 0.987 0 -0.987 0.16 0 3020.dat
1 4 -60 -53.36 -170.72 0 0 1 0.16 0.987 0 -0.987 0.16 0 3020.dat
1 15 -20 -107.178 73.79 -1 0 0 0 0.987 0.16 0 0.16 -0.987 3482.dat
1 0 -20 -107.178 73.79 -1 0 0 0 0.987 0.16 0 0.16 -0.987 2346.dat
1 15 90 13.3862 51.2306 0 0 -1 0.45321 0.890909 0 0.890909 -0.45321 0 3482.dat
1 0 90 13.3862 51.2306 0 0 -1 0.45321 0.890909 0 0.890909 -0.45321 0 2346.dat
1 15 -90 13.3862 51.2306 0 0 1 0.45321 -0.890909 0 0.890909 0.45321 0 3482.dat
1 0 -90 13.3862 51.2306 0 0 1 0.45321 -0.890909 0 0.890909 0.45321 0 2346.dat
1 15 90 13.382 -170.03 0 0 -1 -0.16 0.987 0 0.987 0.16 0 3482.dat
1 0 90 13.382 -170.03 0 0 -1 -0.16 0.987 0 0.987 0.16 0 2346.dat
1 15 -90 13.382 -170.03 0 0 1 -0.16 -0.987 0 0.987 -0.16 0 3482.dat
1 0 -90 13.382 -170.03 0 0 1 -0.16 -0.987 0 0.987 -0.16 0 2346.dat
1 7 -74 -156.3604 -105.667 0 0 1 -0.994882 -0.101073 0 0.101073 -0.994882 0 4265.dat
1 7 74 -156.3604 -105.667 0 0 -1 -0.994882 0.101073 0 0.101073 0.994882 0 4265.dat
1 4 50 -77.048 -174.56 0 0 -1 -0.16 0.987 0 0.987 0.16 0 3701.dat
1 4 -50 -77.048 -174.56 0 0 -1 -0.16 0.987 0 0.987 0.16 0 3701.dat
1 15 40 -45.68 -218.096 1 0 0 0 -0.16 -0.987 0 0.987 -0.16 4150.dat
1 15 -40 -45.68 -218.096 1 0 0 0 -0.16 -0.987 0 0.987 -0.16 4150.dat
1 0 -90 -69.672 79.87 1 0 0 0 0.987 -0.16 0 0.16 0.987 2569.dat
