0 Main
0 Name: 6812-1 - Grid Trekkor.mpd
0 Author: LTRON
1 0 0 2.799 -2.701 0 0 1 0.130526 0.991445 0 -0.991445 0.130526 0 3020.dat
1 15 0 9.3253 -52.2733 1 0 0 0 0.991445 -0.130526 0 0.130526 0.991445 2540.dat
1 0 0 -24.9115 23.9097 1 0 0 0 0.991445 -0.130526 0 0.130526 0.991445 4865.dat
1 0 0 -17.0799 -35.577 1 0 0 0 0.991445 -0.130526 0 0.130526 0.991445 3039.dat
1 15 0 8.12 18.1721 1 0 0 0 0.991445 -0.130526 0 0.130526 0.991445 3022.dat
1 0 0 16.0516 19.2163 1 0 0 0 0.991445 -0.130526 0 0.130526 0.991445 122.dat
1 0 0 15.9516 -41.3146 1 0 0 0 0.991445 -0.130526 0 0.130526 0.991445 122.dat
1 0 -10 -25.0115 -36.6212 1 0 0 0 0.991445 -0.130526 0 0.130526 0.991445 3024.dat
1 0 10 -25.0115 -36.6212 0 0 -1 -0.130526 0.991445 0 0.991445 0.130526 0 6019.dat
1 15 0 -32.943 -37.6654 -1 0 0 0 0.991445 0.130526 0 0.130526 -0.991445 3069.dat
1 42 30 -21.8538 -45.2831 -1 0 0 0 0.130526 -0.991445 0 -0.991445 -0.130526 2569.dat
1 0 0 -4.5543 -63.9195 -1 0 0 0 -0.300706 -0.953717 0 -0.953717 0.300706 6019.dat
1 42 0 -6.9599 -71.5498 -1 0 0 0 -0.300706 -0.953717 0 -0.953717 0.300706 4740.dat
1 256 38 21.9003 -40.5314 0 0 -1 -0.130526 0.991445 0 0.991445 0.130526 0 4288.dat
1 256 -38 21.9003 -40.5314 0 0 1 0.130526 0.991445 0 -0.991445 0.130526 0 4288.dat
1 256 38 22.0003 19.9995 0 0 -1 -0.130526 0.991445 0 0.991445 0.130526 0 4288.dat
1 256 -38 22.0003 19.9995 0 0 1 0.130526 0.991445 0 -0.991445 0.130526 0 4288.dat
