0 Main
0 Name: 5540 - Formula I Racer - A Model.mpd
0 Author: LTRON
1 0 -60 0 0 -1 0 0 0 1 0 0 0 -1 3795.dat
1 15 0 0 60 -1 0 0 0 1 0 0 0 -1 3032.dat
1 15 0 0 240 0 0 1 0 1 0 -1 0 0 3456.dat
1 15 0 0 500 0 0 1 0 1 0 -1 0 0 3028.dat
1 0 60 0 0 -1 0 0 0 1 0 0 0 -1 3795.dat
1 0 -50 -8 20 0 0 1 0 1 0 -1 0 0 3023.dat
1 0 50 -8 20 0 0 1 0 1 0 -1 0 0 3023.dat
1 4 0 -8 30 1 0 0 0 1 0 0 0 1 3023.dat
1 4 0 -8 80 1 0 0 0 1 0 0 0 1 3032.dat
1 4 0 -8 130 1 0 0 0 1 0 0 0 1 3666.dat
1 4 -50 -8 190 0 0 -1 0 1 0 1 0 0 3623.dat
1 4 -50 -8 240 0 0 -1 0 1 0 1 0 0 3023.dat
1 4 50 -8 240 0 0 -1 0 1 0 1 0 0 3023.dat
1 4 50 -8 190 0 0 -1 0 1 0 1 0 0 3623.dat
1 4 -50 -8 270 -1 0 0 0 1 0 0 0 -1 3623.dat
1 4 50 -8 270 -1 0 0 0 1 0 0 0 -1 3623.dat
1 4 -80 -8 400 0 0 1 0 1 0 -1 0 0 3028.dat
1 4 80 -8 400 0 0 1 0 1 0 -1 0 0 3028.dat
1 0 -60 -16 40 -1 0 0 0 1 0 0 0 -1 3795.dat
1 0 60 -16 40 -1 0 0 0 1 0 0 0 -1 3795.dat
1 0 -60 -8 150 -1 0 0 0 1 0 0 0 -1 4262.dat
1 0 60 -8 150 -1 0 0 0 1 0 0 0 -1 4262.dat
1 4 0 -8 220 -1 0 0 0 1 0 0 0 -1 3022.dat
1 15 0 -8 460 0 0 1 0 1 0 -1 0 0 3832.dat
1 0 -50 -8 540 0 0 1 0 1 0 -1 0 0 3023.dat
1 0 50 -8 540 0 0 1 0 1 0 -1 0 0 3023.dat
1 0 0 -8 570 1 0 0 0 1 0 0 0 1 3460.dat
1 0 0 -8 600 1 0 0 0 1 0 0 0 1 3034.dat
1 15 -130 0 360 0 0 -1 0 1 0 1 0 0 4477.dat
1 15 130 0 360 0 0 -1 0 1 0 1 0 0 4477.dat
1 0 -50 8 80 0 0 -1 0 1 0 1 0 0 3460.dat
1 0 50 8 80 0 0 -1 0 1 0 1 0 0 3460.dat
1 0 -110 -8 30 -1 0 0 0 1 0 0 0 -1 3665.dat
1 0 110 -8 30 -1 0 0 0 1 0 0 0 -1 3665.dat
1 4 0 8 20 0 0 1 0 1 0 -1 0 0 3795.dat
1 15 -130 0 490 0 0 1 0 1 0 -1 0 0 3623.dat
1 15 130 0 490 0 0 1 0 1 0 -1 0 0 3623.dat
1 0 110 8 0 0 0 1 0 1 0 -1 0 0 3023.dat
1 0 -110 8 0 0 0 1 0 1 0 -1 0 0 3023.dat
1 0 -70 -16 440 0 0 1 0 1 0 -1 0 0 3710.dat
1 0 70 -16 440 0 0 1 0 1 0 -1 0 0 3710.dat
1 4 0 0 -30 1 0 0 0 1 0 0 0 1 3023.dat
1 4 0 -16 90 1 0 0 0 1 0 0 0 1 3023.dat
1 4 -30 -16 140 0 0 -1 0 1 0 1 0 0 3023.dat
1 4 30 -16 140 0 0 -1 0 1 0 1 0 0 3023.dat
1 15 50 -16 180 0 0 -1 0 1 0 1 0 0 3023.dat
1 15 -50 -16 180 0 0 -1 0 1 0 1 0 0 3023.dat
1 0 -110 -24 40 0 0 -1 0 1 0 1 0 0 3023.dat
1 0 110 -24 40 0 0 -1 0 1 0 1 0 0 3023.dat
1 0 -100 -16 370 -1 0 0 0 1 0 0 0 -1 3023.dat
1 0 100 -16 370 -1 0 0 0 1 0 0 0 -1 3023.dat
1 4 -130 -8 270 -1 0 0 0 1 0 0 0 -1 3024.dat
1 4 130 -8 270 -1 0 0 0 1 0 0 0 -1 3024.dat
1 0 -90 -16 490 -1 0 0 0 1 0 0 0 -1 3024.dat
1 0 90 -16 490 -1 0 0 0 1 0 0 0 -1 3024.dat
1 7 -10 -32 490 0 0 1 0 1 0 -1 0 0 4286.dat
1 7 10 -32 490 0 0 -1 0 1 0 1 0 0 4286.dat
1 0 -110 -24 10 1 0 0 0 1 0 0 0 1 3040.dat
1 0 110 -24 10 1 0 0 0 1 0 0 0 1 3040.dat
1 0 -100 -22 580 1 0 0 0 1 0 0 0 1 3707.dat
1 7 -30 -22 580 0 0 1 0 1 0 -1 0 0 3713.dat
1 0 -50 -32 560 0 0 1 0 1 0 -1 0 0 3894.dat
1 0 -70 -32 580 0 0 1 0 1 0 -1 0 0 3700.dat
1 0 100 -22 580 1 0 0 0 1 0 0 0 1 3707.dat
1 7 30 -22 580 0 0 -1 0 1 0 1 0 0 3713.dat
1 0 50 -32 560 0 0 1 0 1 0 -1 0 0 3894.dat
1 0 70 -32 580 0 0 1 0 1 0 -1 0 0 3700.dat
1 4 -100 -32 510 1 0 0 0 1 0 0 0 1 3010.dat
1 4 100 -32 510 1 0 0 0 1 0 0 0 1 3010.dat
1 7 0 -32 540 0 0 -1 0 1 0 1 0 0 3001.dat
1 15 40 -16 90 0 0 -1 0 1 0 1 0 0 3021.dat
1 15 -40 -16 90 0 0 -1 0 1 0 1 0 0 3021.dat
1 4 0 -32 220 0 0 -1 0 1 0 1 0 0 3003.dat
1 4 -130 -32 480 0 0 -1 0 1 0 1 0 0 3004.dat
1 4 130 -32 480 0 0 -1 0 1 0 1 0 0 3004.dat
1 15 50 -24 180 0 0 -1 0 1 0 1 0 0 3069.dat
1 15 -50 -24 180 0 0 -1 0 1 0 1 0 0 3069.dat
1 7 10 -32 460 0 0 -1 0 1 0 1 0 0 3937.dat
1 7 10 -32 420 0 0 -1 0 1 0 1 0 0 3937.dat
1 7 -10 -32 420 0 0 1 0 1 0 -1 0 0 3937.dat
1 7 -10 -32 460 0 0 1 0 1 0 -1 0 0 3937.dat
1 7 -70 -24 470 0 0 1 0 1 0 -1 0 0 6141.dat
1 7 -70 -24 410 0 0 1 0 1 0 -1 0 0 6141.dat
1 7 70 -24 470 0 0 1 0 1 0 -1 0 0 6141.dat
1 7 70 -24 410 0 0 1 0 1 0 -1 0 0 6141.dat
1 7 0 -32 610 0 0 -1 0 1 0 1 0 0 3002.dat
1 7 0 -8 630 -1 0 0 0 1 0 0 0 -1 3023.dat
1 0 70 -32 610 -1 0 0 0 1 0 0 0 -1 4070.dat
1 36 70 -22 624 -1 0 0 0 0 -1 0 -1 0 3024.dat
1 0 -70 -32 610 -1 0 0 0 1 0 0 0 -1 4070.dat
1 36 -70 -22 624 -1 0 0 0 0 -1 0 -1 0 3024.dat
1 0 -10 -24 140 0 0 1 0 1 0 -1 0 0 4531.dat
1 0 -10 -33.042 136.669 0 0 1 0.309017 0.951057 0 -0.951057 0.309017 0 4275.dat
1 0 10 -24 140 0 0 1 0 1 0 -1 0 0 4531.dat
1 0 10 -33.042 136.669 0 0 1 0.309017 0.951057 0 -0.951057 0.309017 0 4275.dat
1 0 0 -40 580 1 0 0 0 1 0 0 0 1 3035.dat
1 15 0 -24 60 0 0 -1 0 1 0 1 0 0 3020.dat
1 7 0 -40 510 0 0 -1 0 1 0 1 0 0 3021.dat
1 4 0 -24 10 1 0 0 0 1 0 0 0 1 3298.dat
1 7 -10 -32 390 0 0 1 0 1 0 -1 0 0 4286.dat
1 7 10 -32 390 0 0 -1 0 1 0 1 0 0 4286.dat
1 7 0 -40 630 -1 0 0 0 1 0 0 0 -1 3023.dat
1 15 50 -32 140 0 0 1 0 1 0 -1 0 0 3004.dat
1 15 -50 -32 140 0 0 1 0 1 0 -1 0 0 3004.dat
1 0 -90 -40 490 1 0 0 0 1 0 0 0 1 4070.dat
1 0 90 -40 490 1 0 0 0 1 0 0 0 1 4070.dat
1 0 0 -28.722 148.565 1 0 0 0 0.951057 -0.309017 0 0.309017 0.951057 3023.dat
1 4 60 -40 510 1 0 0 0 1 0 0 0 1 3794.dat
1 4 -60 -40 510 1 0 0 0 1 0 0 0 1 3794.dat
1 7 -110 -32 150 1 0 0 0 1 0 0 0 1 4261.dat
1 7 -110 -32 190 0 -1 0 1 0 0 0 0 1 3749.dat
1 0 -140 -22 150 1 0 0 0 1 0 0 0 1 3706.dat
1 7 -90 -22 150 0 0 1 0 1 0 -1 0 0 3713.dat
1 7 110 -32 150 1 0 0 0 1 0 0 0 1 4261.dat
1 7 110 -32 190 0 -1 0 1 0 0 0 0 1 3749.dat
1 0 140 -22 150 1 0 0 0 1 0 0 0 1 3706.dat
1 7 90 -22 150 0 0 -1 0 1 0 1 0 0 3713.dat
1 0 0 -48 490 1 0 0 0 1 0 0 0 1 4477.dat
1 15 50 -32 280 0 0 -1 0 1 0 1 0 0 3008.dat
1 15 -50 -32 280 0 0 -1 0 1 0 1 0 0 3008.dat
1 4 0 -32 370 -1 0 0 0 1 0 0 0 -1 3009.dat
1 4 -130 -56 490 0 0 1 0 1 0 -1 0 0 3622.dat
1 4 130 -56 490 0 0 1 0 1 0 -1 0 0 3622.dat
1 15 30 -40 120 0 0 1 0 1 0 -1 0 0 3010.dat
1 15 -30 -40 120 0 0 1 0 1 0 -1 0 0 3010.dat
1 4 -110 -56 510 0 0 -1 0 1 0 1 0 0 3040.dat
1 4 110 -56 510 0 0 1 0 1 0 -1 0 0 3040.dat
1 15 0 -48 80 0 0 1 0 1 0 -1 0 0 3003.dat
1 0 80 -40 150 1 0 0 0 1 0 0 0 1 4263.dat
1 0 -80 -40 150 1 0 0 0 1 0 0 0 1 4263.dat
1 15 50 -40 130 1 0 0 0 1 0 0 0 1 3024.dat
1 15 -50 -40 130 1 0 0 0 1 0 0 0 1 3024.dat
1 0 0 -48 630 1 0 0 0 1 0 0 0 1 3023.dat
1 0 0 -48 550 1 0 0 0 1 0 0 0 1 3023.dat
1 7 40 -48 610 -1 0 0 0 1 0 0 0 -1 4175.dat
1 7 -40 -48 610 -1 0 0 0 1 0 0 0 -1 4175.dat
1 7 -18.567 -40.857 440 0 0.799 0.602 0 0.602 -0.799 -1 0 0 3020.dat
1 7 -18.195 -28.051 460 0 0.799 0.602 0 0.602 -0.799 -1 0 0 3938.dat
1 7 -18.195 -28.051 420 0 0.799 0.602 0 0.602 -0.799 -1 0 0 3938.dat
1 0 -24.959 -45.673 420 0 0.799 0.602 0 0.602 -0.799 -1 0 0 4032.dat
1 0 -24.959 -45.673 460 0 0.799 0.602 0 0.602 -0.799 -1 0 0 4032.dat
1 7 -44.989 -35.713 470 0 0.602 0.799 0 -0.799 0.602 1 0 0 4070.dat
1 7 -44.989 -35.713 450 0 0.602 0.799 0 -0.799 0.602 1 0 0 4070.dat
1 7 -44.989 -35.713 430 0 0.602 0.799 0 -0.799 0.602 1 0 0 4070.dat
1 7 -44.989 -35.713 410 0 0.602 0.799 0 -0.799 0.602 1 0 0 4070.dat
1 7 18.632 -40.026 439 0 -0.819 -0.574 0 0.574 -0.819 1 0 0 3020.dat
1 7 17.82 -27.244 419 0 -0.819 -0.574 0 0.574 -0.819 1 0 0 3938.dat
1 7 17.82 -27.244 459 0 -0.819 -0.574 0 0.574 -0.819 1 0 0 3938.dat
1 0 25.184 -44.618 459 0 -0.819 -0.574 0 0.574 -0.819 1 0 0 4032.dat
1 0 25.184 -44.618 419 0 -0.819 -0.574 0 0.574 -0.819 1 0 0 4032.dat
1 7 44.854 -33.978 409 0 -0.574 -0.819 0 -0.819 0.574 -1 0 0 4070.dat
1 7 44.854 -33.978 429 0 -0.574 -0.819 0 -0.819 0.574 -1 0 0 4070.dat
1 7 44.854 -33.978 449 0 -0.574 -0.819 0 -0.819 0.574 -1 0 0 4070.dat
1 7 44.854 -33.978 469 0 -0.574 -0.819 0 -0.819 0.574 -1 0 0 4070.dat
1 0 10 -72 630 1 0 0 0 1 0 0 0 1 4070.dat
1 0 -10 -72 630 1 0 0 0 1 0 0 0 1 4070.dat
1 0 0 -62 616 1 0 0 0 0 -1 0 1 0 3023.dat
1 7 0 -72 608 -1 0 0 0 0 1 0 1 0 4032.dat
1 0 0 -62 600 -1 0 0 0 0 1 0 1 0 3023.dat
1 7 0 -72 592 -1 0 0 0 0 1 0 1 0 4032.dat
1 0 0 -62 584 -1 0 0 0 0 1 0 1 0 3023.dat
1 7 0 -72 576 -1 0 0 0 0 1 0 1 0 4032.dat
1 0 0 -62 568 -1 0 0 0 0 1 0 1 0 3710.dat
1 7 0 -72 560 -1 0 0 0 0 1 0 1 0 4032.dat
1 0 10 -72 550 1 0 0 0 1 0 0 0 1 4070.dat
1 0 -10 -72 550 1 0 0 0 1 0 0 0 1 4070.dat
1 0 10 -62 640 1 0 0 0 0 -1 0 1 0 3062.dat
1 0 -10 -62 640 1 0 0 0 0 -1 0 1 0 3062.dat
1 14 70 -34 430 0 0 1 0 1 0 -1 0 0 752.dat
1 14 10 -62 526 0 0 1 1 0 0 0 1 0 752.dat
1 14 70 -29.757 429.816 0.001 -0.0568 -0.9984 0.036 -0.9977 0.0568 0.9994 0.036 -0.001 755.dat
1 14 69.6052 -36.697 430.0661 0.0437 -0.1562 -0.9868 0.0969 -0.9824 0.1598 0.9943 0.1026 0.0278 756.dat
1 14 69.2101 -39.1823 430.3256 0.066 -0.2275 -0.9716 0.1424 -0.9616 0.2348 0.9876 0.1538 0.0311 756.dat
1 14 68.6352 -41.6125 430.7144 0.0951 -0.3109 -0.9457 0.197 -0.9253 0.324 0.9758 0.2171 0.0268 756.dat
1 14 67.8476 -43.957 431.2644 0.1336 -0.4021 -0.9058 0.2584 -0.8683 0.4235 0.9568 0.2907 0.0121 756.dat
1 14 66.8335 -46.1469 431.9975 0.1821 -0.4915 -0.8516 0.3209 -0.789 0.5239 0.9294 0.3687 -0.014 756.dat
1 14 65.5872 -48.1476 432.9324 0.2376 -0.5672 -0.7886 0.3761 -0.6948 0.6131 0.8956 0.4422 -0.0483 756.dat
1 14 64.1565 -49.9002 434.0479 0.2938 -0.6218 -0.726 0.4181 -0.5994 0.6826 0.8596 0.504 -0.0839 756.dat
1 14 62.5826 -51.4174 435.3236 0.3454 -0.6556 -0.6714 0.4459 -0.5149 0.7322 0.8257 0.5523 -0.1145 756.dat
1 14 60.919 -52.7239 436.7251 0.3897 -0.6732 -0.6284 0.462 -0.4474 0.7658 0.7967 0.5888 -0.1366 756.dat
1 14 59.2161 -53.8557 438.2145 0.4264 -0.6797 -0.5968 0.4697 -0.3975 0.7883 0.7731 0.6164 -0.1497 756.dat
1 14 57.4984 -54.8603 439.7723 0.4565 -0.6793 -0.5747 0.4718 -0.3628 0.8036 0.7543 0.638 -0.1549 756.dat
1 14 55.7723 -55.7822 441.3935 0.4814 -0.6744 -0.5599 0.4703 -0.3404 0.8142 0.7397 0.6552 -0.1533 756.dat
1 14 54.0642 -56.6443 443.0531 0.5021 -0.6667 -0.5508 0.4662 -0.3278 0.8217 0.7284 0.6694 -0.1463 756.dat
1 14 52.3776 -57.4735 444.7463 0.5196 -0.6572 -0.5459 0.4606 -0.3227 0.8269 0.7196 0.6811 -0.135 756.dat
1 14 50.7127 -58.2911 446.4717 0.5348 -0.6465 -0.5441 0.4537 -0.3235 0.8303 0.7128 0.691 -0.1203 756.dat
1 14 49.0766 -59.11 448.2204 0.5482 -0.6348 -0.5445 0.446 -0.3288 0.8324 0.7075 0.6992 -0.1029 756.dat
1 14 47.4744 -59.9399 449.9851 0.5603 -0.6225 -0.5464 0.4378 -0.3375 0.8333 0.7032 0.7061 -0.0834 756.dat
1 14 45.8946 -60.7965 451.7771 0.5713 -0.6097 -0.5494 0.429 -0.3489 0.8332 0.6997 0.7117 -0.0622 756.dat
1 14 44.3496 -61.6806 453.5806 0.5841 -0.6022 -0.5442 0.4213 -0.3482 0.8374 0.6938 0.7184 -0.0503 756.dat
1 14 42.8292 -62.5598 455.3946 0.6022 -0.6066 -0.519 0.4164 -0.316 0.8525 0.6811 0.7295 -0.0623 756.dat
1 14 41.2926 -63.3602 457.2426 0.6207 -0.61 -0.4927 0.4109 -0.2821 0.8669 0.6678 0.7405 -0.0755 756.dat
1 14 39.7465 -64.0753 459.1196 0.6391 -0.6115 -0.4664 0.4048 -0.2482 0.8801 0.654 0.7513 -0.0889 756.dat
1 14 38.196 -64.7045 461.0244 0.6576 -0.6113 -0.4403 0.3979 -0.2145 0.892 0.6398 0.7618 -0.1022 756.dat
1 14 36.646 -65.2484 462.9558 0.676 -0.6092 -0.4146 0.3902 -0.1813 0.9027 0.6251 0.772 -0.1152 756.dat
1 14 35.1015 -65.708 464.9129 0.6942 -0.6053 -0.3894 0.3819 -0.1489 0.9121 0.6101 0.782 -0.1278 756.dat
1 14 33.5674 -66.0853 466.8948 0.7123 -0.5995 -0.3651 0.3728 -0.1176 0.9204 0.5947 0.7917 -0.1397 756.dat
1 14 32.0606 -66.3811 468.8848 0.7301 -0.5918 -0.3417 0.363 -0.0877 0.9276 0.579 0.8013 -0.1508 756.dat
1 14 30.5614 -66.6032 470.9144 0.7477 -0.5824 -0.3191 0.3525 -0.0591 0.9339 0.5628 0.8108 -0.1611 756.dat
1 14 29.0867 -66.753 472.9676 0.765 -0.5711 -0.2976 0.3413 -0.0323 0.9394 0.5461 0.8202 -0.1702 756.dat
1 14 27.6408 -66.8346 475.0441 0.7821 -0.5582 -0.2772 0.3294 -0.0072 0.9442 0.529 0.8297 -0.1782 756.dat
1 14 26.228 -66.853 477.1441 0.7987 -0.5436 -0.2579 0.3169 0.0158 0.9483 0.5115 0.8392 -0.1849 756.dat
1 14 24.8523 -66.8131 479.2677 0.8151 -0.5274 -0.2398 0.3039 0.0368 0.952 0.4933 0.8488 -0.1902 756.dat
1 14 23.5072 -66.7194 481.4326 0.831 -0.5097 -0.2227 0.2901 0.0555 0.9554 0.4746 0.8585 -0.1941 756.dat
1 14 22.2176 -66.5789 483.6047 0.8464 -0.4906 -0.2069 0.276 0.072 0.9585 0.4554 0.8684 -0.1964 756.dat
1 14 20.9764 -66.3968 485.8015 0.8614 -0.4702 -0.1921 0.2614 0.0861 0.9614 0.4355 0.8784 -0.1971 756.dat
1 14 19.787 -66.179 488.0236 0.8759 -0.4483 -0.1783 0.2464 0.0979 0.9642 0.4148 0.8885 -0.1962 756.dat
1 14 18.6528 -65.9314 490.2713 0.8898 -0.4253 -0.1654 0.231 0.1073 0.967 0.3935 0.8987 -0.1937 756.dat
1 14 17.5769 -65.66 492.545 0.9032 -0.4009 -0.1533 0.2153 0.1143 0.9698 0.3713 0.909 -0.1895 756.dat
1 14 16.5625 -65.3709 494.8448 0.9159 -0.3754 -0.1419 0.1994 0.1189 0.9727 0.3483 0.9192 -0.1837 756.dat
1 14 15.6124 -65.0701 497.171 0.928 -0.3488 -0.131 0.1832 0.1211 0.9756 0.3244 0.9293 -0.1763 756.dat
1 14 14.7295 -64.7636 499.5231 0.9393 -0.3212 -0.1206 0.167 0.121 0.9785 0.2997 0.9393 -0.1673 756.dat
1 14 13.9164 -64.4574 501.901 0.9498 -0.2926 -0.1104 0.1506 0.1185 0.9815 0.2741 0.9489 -0.1566 756.dat
1 14 13.1755 -64.1573 504.3038 0.9595 -0.2631 -0.1005 0.1343 0.1138 0.9844 0.2476 0.958 -0.1445 756.dat
1 14 12.5089 -63.869 506.7305 0.9683 -0.233 -0.0905 0.118 0.1069 0.9872 0.2203 0.9666 -0.131 756.dat
1 14 11.9186 -63.5982 509.1797 0.976 -0.2022 -0.0805 0.1019 0.0979 0.99 0.1923 0.9744 -0.1162 756.dat
1 14 11.4062 -63.3499 511.6495 0.9828 -0.171 -0.0703 0.0861 0.087 0.9925 0.1636 0.9814 -0.1002 756.dat
1 14 10.9728 -63.1294 514.1377 0.9884 -0.1395 -0.0597 0.0706 0.0743 0.9947 0.1343 0.9874 -0.0833 756.dat
1 14 10.6191 -62.941 516.6415 0.993 -0.108 -0.0487 0.0554 0.06 0.9967 0.1047 0.9923 -0.0655 756.dat
1 14 10.3474 -62.7902 519.1376 0.9964 -0.0767 -0.0374 0.0409 0.0442 0.9982 0.0749 0.9961 -0.0472 756.dat
1 14 10.153 -62.6781 521.6628 0.9992 -0.0303 -0.0258 0.0264 0.0183 0.9995 0.0299 0.9994 -0.0191 756.dat
1 14 10 -62.586 526.704 1 0 0 0 0 1 0 -1 0 755.dat
1 14 -70 -34 430 0 0 1 0 1 0 -1 0 0 752.dat
1 14 -10 -62 526 0 0 1 1 0 0 0 1 0 752.dat
1 14 -70 -29.757 429.816 -0.0011 0.0444 -0.999 0.0482 -0.9978 -0.0444 0.9988 0.0482 0.0011 755.dat
1 14 -69.6916 -36.6906 430.1512 0.1115 0.1252 -0.9858 0.1482 -0.983 -0.108 0.9826 0.1341 0.1282 756.dat
1 14 -69.3719 -39.2014 430.4936 0.1437 0.1861 -0.972 0.2251 -0.9626 -0.151 0.9637 0.1971 0.1803 756.dat
1 14 -68.8994 -41.6446 430.9939 0.1656 0.2602 -0.9512 0.3203 -0.9265 -0.1976 0.9327 0.272 0.2368 756.dat
1 14 -68.2343 -44.0131 431.6892 0.1734 0.3448 -0.9225 0.431 -0.8688 -0.2437 0.8855 0.3553 0.2993 756.dat
1 14 -67.3572 -46.2233 432.593 0.1648 0.4317 -0.8868 0.5466 -0.7884 -0.2822 0.821 0.4382 0.3659 756.dat
1 14 -66.2588 -48.2294 433.708 0.1438 0.5103 -0.8479 0.6532 -0.6926 -0.306 0.7434 0.5098 0.4329 756.dat
1 14 -64.9601 -49.9922 435.0056 0.1192 0.5726 -0.8111 0.74 -0.5959 -0.3119 0.662 0.563 0.4948 756.dat
1 14 -63.5038 -51.5078 436.4374 0.0994 0.6177 -0.7801 0.8048 -0.511 -0.302 0.5852 0.5978 0.5479 756.dat
1 14 -61.9277 -52.8116 437.9626 0.0892 0.6488 -0.7557 0.8512 -0.4437 -0.2804 0.5172 0.6182 0.5919 756.dat
1 14 -60.2766 -53.9406 439.5358 0.0893 0.6701 -0.7369 0.884 -0.3942 -0.2514 0.4589 0.6289 0.6276 756.dat
1 14 -58.5642 -54.9479 441.1429 0.0988 0.6848 -0.722 0.9072 -0.3601 -0.2174 0.4089 0.6335 0.6569 756.dat
1 14 -56.8232 -55.8635 442.7533 0.1159 0.6952 -0.7094 0.9234 -0.3385 -0.1808 0.3658 0.6341 0.6812 756.dat
1 14 -55.0439 -56.7298 444.3762 0.1394 0.7026 -0.6978 0.9344 -0.3266 -0.1422 0.3278 0.6322 0.7021 756.dat
1 14 -53.2582 -57.5597 445.9828 0.1673 0.7079 -0.6862 0.9411 -0.3221 -0.1028 0.2938 0.6286 0.7201 756.dat
1 14 -51.4484 -58.3832 447.5897 0.199 0.7115 -0.6739 0.9442 -0.3235 -0.0627 0.2626 0.6237 0.7362 756.dat
1 14 -49.6414 -59.2048 449.1738 0.2332 0.7139 -0.6603 0.9439 -0.3293 -0.0227 0.2337 0.618 0.7506 756.dat
1 14 -47.816 -60.0468 450.754 0.2693 0.7151 -0.6451 0.9408 -0.3386 0.0174 0.2059 0.6116 0.7639 756.dat
1 14 -45.9968 -60.9081 452.3096 0.3064 0.7154 -0.628 0.9349 -0.3504 0.0569 0.1793 0.6045 0.7761 756.dat
1 14 -44.1712 -61.8023 453.8522 0.3302 0.7135 -0.618 0.9333 -0.3448 0.1005 0.1414 0.61 0.7797 756.dat
1 14 -42.3508 -62.6821 455.4084 0.335 0.7082 -0.6215 0.9382 -0.3117 0.1506 0.0871 0.6335 0.7688 756.dat
1 14 -40.5526 -63.4736 457.0168 0.341 0.7009 -0.6265 0.9395 -0.2778 0.2005 0.0335 0.6569 0.7532 756.dat
1 14 -38.7579 -64.185 458.6989 0.3489 0.6915 -0.6325 0.937 -0.2437 0.2504 -0.019 0.68 0.733 756.dat
1 14 -37.0012 -64.8041 460.4263 0.3587 0.6801 -0.6394 0.9309 -0.2097 0.2992 -0.0695 0.7025 0.7083 756.dat
1 14 -35.2598 -65.341 462.2249 0.3711 0.6667 -0.6464 0.9211 -0.1761 0.3472 -0.1177 0.7243 0.6794 756.dat
1 14 -33.5669 -65.7881 464.0639 0.3859 0.6514 -0.6533 0.9081 -0.1434 0.3935 -0.1626 0.7451 0.6469 756.dat
1 14 -31.9134 -66.1521 465.9551 0.4033 0.6342 -0.6596 0.892 -0.1117 0.438 -0.2041 0.765 0.6108 756.dat
1 14 -30.291 -66.4378 467.912 0.4236 0.6153 -0.6648 0.8729 -0.0812 0.481 -0.242 0.7841 0.5716 756.dat
1 14 -28.7174 -66.6456 469.9169 0.4465 0.595 -0.6683 0.8513 -0.0526 0.522 -0.2754 0.802 0.53 756.dat
1 14 -27.2083 -66.7791 471.9508 0.4716 0.5734 -0.6699 0.8277 -0.0258 0.5606 -0.3041 0.8189 0.4868 756.dat
1 14 -25.7425 -66.8452 474.044 0.4992 0.5507 -0.669 0.8019 -0.0012 0.5974 -0.3282 0.8347 0.4422 756.dat
1 14 -24.3461 -66.8481 476.1606 0.5284 0.527 -0.6656 0.7748 0.0213 0.6319 -0.3472 0.8496 0.397 756.dat
1 14 -22.999 -66.7936 478.3322 0.5594 0.5024 -0.6593 0.746 0.0416 0.6647 -0.3614 0.8636 0.3515 756.dat
1 14 -21.7146 -66.6873 480.5399 0.5916 0.4773 -0.6497 0.716 0.0595 0.6956 -0.3707 0.8767 0.3066 756.dat
1 14 -20.5039 -66.5365 482.7634 0.6244 0.4518 -0.6372 0.6852 0.0749 0.7245 -0.375 0.889 0.2628 756.dat
1 14 -19.3487 -66.345 485.0365 0.6578 0.4258 -0.6212 0.6533 0.0879 0.752 -0.3749 0.9005 0.2203 756.dat
1 14 -18.2683 -66.1219 487.3211 0.6911 0.3996 -0.6023 0.6208 0.0986 0.7777 -0.3702 0.9114 0.1799 756.dat
1 14 -17.2462 -65.8698 489.6523 0.7242 0.3731 -0.58 0.5874 0.1069 0.8022 -0.3613 0.9216 0.1417 756.dat
1 14 -16.2916 -65.5962 492.0102 0.7566 0.3466 -0.5545 0.5532 0.1129 0.8253 -0.3487 0.9312 0.1063 756.dat
1 14 -15.4118 -65.3096 494.374 0.7876 0.3201 -0.5264 0.5187 0.1166 0.847 -0.3325 0.9402 0.0742 756.dat
1 14 -14.5991 -65.0135 496.7609 0.8174 0.2935 -0.4956 0.4835 0.1181 0.8673 -0.3131 0.9486 0.0453 756.dat
1 14 -13.8478 -64.7112 499.1891 0.8457 0.267 -0.462 0.4473 0.1175 0.8867 -0.291 0.9565 0.02 756.dat
1 14 -13.1698 -64.4129 501.6183 0.872 0.2405 -0.4264 0.4106 0.1147 0.9046 -0.2664 0.9639 -0.0013 756.dat
1 14 -12.554 -64.1191 504.0861 0.8963 0.2141 -0.3883 0.3729 0.11 0.9213 -0.24 0.9706 -0.0187 756.dat
1 14 -12.0101 -63.8399 506.5516 0.9182 0.1879 -0.3488 0.3347 0.1032 0.9367 -0.212 0.9768 -0.0319 756.dat
1 14 -11.529 -63.5755 509.0529 0.9377 0.1618 -0.3074 0.2953 0.0946 0.9507 -0.1829 0.9823 -0.041 756.dat
1 14 -11.1179 -63.3351 511.5482 0.9546 0.136 -0.2651 0.2554 0.0843 0.9631 -0.1534 0.9871 -0.0457 756.dat
1 14 -10.7723 -63.121 514.0558 0.9688 0.1104 -0.2218 0.2147 0.0722 0.974 -0.1236 0.9913 -0.0463 756.dat
1 14 -10.4895 -62.9361 516.594 0.9804 0.0851 -0.1774 0.1729 0.0585 0.9832 -0.094 0.9947 -0.0427 756.dat
1 14 -10.2733 -62.7875 519.1201 0.9893 0.0601 -0.133 0.1305 0.0433 0.9905 -0.0653 0.9973 -0.035 756.dat
1 14 -10.1194 -62.6766 521.6726 0.9959 0.0237 -0.0878 0.0874 0.018 0.996 -0.0252 0.9996 -0.0159 756.dat
1 14 -10 -62.586 526.704 1 0 0 0 0 1 0 -1 0 755.dat
1 0 70 -34 450 0 0 1 0 1 0 -1 0 0 752.dat
1 0 30 -62 550 0 0 1 1 0 0 0 1 0 752.dat
1 0 70 -29.757 449.816 0.0103 -0.1067 -0.9942 0.1914 -0.9757 0.1067 0.9815 0.1914 -0.0103 755.dat
1 0 69.264 -36.4869 451.136 0.115 -0.2353 -0.9651 0.4104 -0.8735 0.2619 0.9046 0.4262 0.0039 756.dat
1 0 68.7388 -38.4363 452.0871 0.1612 -0.2834 -0.9453 0.491 -0.8079 0.326 0.8561 0.5167 -0.0089 756.dat
1 0 68.1071 -40.2371 453.2388 0.2071 -0.3212 -0.9241 0.5523 -0.7412 0.3814 0.8075 0.5894 -0.0239 756.dat
1 0 67.3918 -41.8881 454.5516 0.251 -0.35 -0.9025 0.5973 -0.6777 0.4289 0.7617 0.6467 -0.039 756.dat
1 0 66.6089 -43.4038 455.9981 0.292 -0.3717 -0.8812 0.629 -0.6194 0.4697 0.7205 0.6915 -0.0529 756.dat
1 0 65.7826 -44.7809 457.5355 0.3299 -0.3878 -0.8607 0.6506 -0.5672 0.505 0.684 0.7265 -0.0652 756.dat
1 0 64.9168 -46.0474 459.1574 0.3651 -0.3998 -0.8407 0.6644 -0.5207 0.5361 0.6521 0.7543 -0.0756 756.dat
1 0 64.0236 -47.2106 460.8425 0.3976 -0.4087 -0.8215 0.6723 -0.4795 0.564 0.6244 0.7766 -0.0842 756.dat
1 0 63.1129 -48.2788 462.5728 0.4278 -0.4153 -0.8028 0.6758 -0.4429 0.5892 0.6002 0.7946 -0.0912 756.dat
1 0 62.186 -49.2673 464.3463 0.4561 -0.42 -0.7846 0.6758 -0.4102 0.6124 0.5791 0.8095 -0.0967 756.dat
1 0 61.2492 -50.1823 466.152 0.4826 -0.4233 -0.7668 0.673 -0.381 0.6339 0.5605 0.822 -0.101 756.dat
1 0 60.3007 -51.0361 467.9939 0.5077 -0.4255 -0.7491 0.668 -0.3547 0.6542 0.5441 0.8325 -0.1042 756.dat
1 0 59.351 -51.8278 469.8521 0.5313 -0.4268 -0.7318 0.6612 -0.3311 0.6732 0.5296 0.8416 -0.1063 756.dat
1 0 58.4034 -52.5629 471.7206 0.5537 -0.4274 -0.7147 0.6531 -0.3096 0.6911 0.5167 0.8494 -0.1077 756.dat
1 0 57.4468 -53.2559 473.6217 0.5751 -0.4274 -0.6976 0.6436 -0.29 0.7083 0.505 0.8563 -0.1083 756.dat
1 0 56.4966 -53.9008 475.5255 0.5955 -0.4268 -0.6806 0.6332 -0.2721 0.7246 0.4945 0.8624 -0.1082 756.dat
1 0 55.5411 -54.5098 477.456 0.6151 -0.4259 -0.6635 0.6217 -0.2556 0.7404 0.4849 0.8679 -0.1076 756.dat
1 0 54.5947 -55.0778 479.3847 0.6338 -0.4245 -0.6466 0.6096 -0.2403 0.7554 0.4761 0.8729 -0.1065 756.dat
1 0 53.6454 -55.6152 481.3367 0.6519 -0.4228 -0.6295 0.5967 -0.2262 0.7699 0.4679 0.8775 -0.1049 756.dat
1 0 52.7004 -56.1207 483.2979 0.6693 -0.4208 -0.6123 0.5832 -0.213 0.7839 0.4603 0.8818 -0.1029 756.dat
1 0 51.7603 -56.5966 485.2676 0.686 -0.4185 -0.5951 0.5692 -0.2007 0.7973 0.4532 0.8857 -0.1005 756.dat
1 0 50.8256 -57.0448 487.2457 0.7022 -0.416 -0.5778 0.5547 -0.1893 0.8103 0.4464 0.8895 -0.0978 756.dat
1 0 49.9027 -57.4648 489.2191 0.7177 -0.4131 -0.5606 0.5398 -0.1785 0.8226 0.4399 0.893 -0.0949 756.dat
1 0 48.9796 -57.8636 491.2144 0.7328 -0.41 -0.5431 0.5244 -0.1683 0.8347 0.4337 0.8964 -0.0917 756.dat
1 0 48.0627 -58.24 493.2189 0.7473 -0.4067 -0.5255 0.5086 -0.1588 0.8462 0.4276 0.8997 -0.0882 756.dat
1 0 47.158 -58.5931 495.2203 0.7614 -0.403 -0.5078 0.4926 -0.1497 0.8573 0.4215 0.9029 -0.0846 756.dat
1 0 46.254 -58.9288 497.2455 0.775 -0.3991 -0.4899 0.4761 -0.141 0.868 0.4156 0.906 -0.0807 756.dat
1 0 45.3681 -59.2418 499.2564 0.7881 -0.3949 -0.4721 0.4594 -0.1329 0.8782 0.4096 0.909 -0.0767 756.dat
1 0 44.4832 -59.5394 501.2933 0.8009 -0.3905 -0.4539 0.4424 -0.125 0.8881 0.4035 0.9121 -0.0726 756.dat
1 0 43.6165 -59.8169 503.318 0.8132 -0.3856 -0.4358 0.4252 -0.1176 0.8974 0.3973 0.9151 -0.0684 756.dat
1 0 42.7514 -60.0806 505.3709 0.8252 -0.3805 -0.4174 0.4076 -0.1104 0.9065 0.391 0.9182 -0.064 756.dat
1 0 41.9046 -60.3264 507.4144 0.8368 -0.375 -0.399 0.3899 -0.1036 0.915 0.3844 0.9212 -0.0595 756.dat
1 0 41.0656 -60.5581 509.4759 0.848 -0.3691 -0.3804 0.3719 -0.097 0.9232 0.3776 0.9243 -0.055 756.dat
1 0 40.2453 -60.7736 511.5305 0.8588 -0.3627 -0.3618 0.3539 -0.0907 0.9309 0.3704 0.9275 -0.0505 756.dat
1 0 39.4337 -60.9764 513.606 0.8693 -0.3558 -0.343 0.3355 -0.0846 0.9382 0.3629 0.9307 -0.0459 756.dat
1 0 38.6419 -61.1645 515.6772 0.8795 -0.3485 -0.3241 0.3171 -0.0786 0.9451 0.3548 0.934 -0.0413 756.dat
1 0 37.8654 -61.3397 517.7587 0.8894 -0.3405 -0.305 0.2985 -0.0729 0.9516 0.3462 0.9374 -0.0368 756.dat
1 0 37.1052 -61.5024 519.852 0.899 -0.3317 -0.2858 0.2797 -0.0673 0.9577 0.337 0.941 -0.0322 756.dat
1 0 36.3627 -61.6531 521.9582 0.9084 -0.3222 -0.2665 0.2607 -0.0619 0.9634 0.3269 0.9446 -0.0277 756.dat
1 0 35.6441 -61.7911 524.0651 0.9174 -0.3118 -0.2471 0.2416 -0.0567 0.9687 0.3161 0.9484 -0.0234 756.dat
1 0 34.9509 -61.917 526.1737 0.9262 -0.3004 -0.2276 0.2225 -0.0515 0.9736 0.3042 0.9524 -0.0191 756.dat
1 0 34.2808 -62.0318 528.2982 0.9349 -0.2877 -0.208 0.2033 -0.0465 0.978 0.2911 0.9566 -0.015 756.dat
1 0 33.6367 -62.1357 530.4396 0.9433 -0.2736 -0.1881 0.1838 -0.0415 0.9821 0.2765 0.961 -0.0111 756.dat
1 0 33.0262 -62.2283 532.5843 0.9515 -0.2577 -0.1682 0.1644 -0.0366 0.9857 0.2602 0.9655 -0.0075 756.dat
1 0 32.4529 -62.3097 534.7322 0.9594 -0.2398 -0.1483 0.1449 -0.0318 0.9889 0.2419 0.9703 -0.0042 756.dat
1 0 31.918 -62.3807 536.8968 0.9672 -0.2193 -0.1281 0.1252 -0.0271 0.9918 0.2209 0.9753 -0.0013 756.dat
1 0 31.4279 -62.4412 539.0771 0.9748 -0.1955 -0.1078 0.1055 -0.0224 0.9942 0.1967 0.9805 0.0012 756.dat
1 0 30.9905 -62.4912 541.2711 0.982 -0.1677 -0.0874 0.0857 -0.0177 0.9962 0.1686 0.9857 0.003 756.dat
1 0 30.618 -62.5303 543.461 0.9886 -0.1347 -0.067 0.0659 -0.013 0.9977 0.1353 0.9908 0.004 756.dat
1 0 30.3176 -62.5592 545.6707 0.9944 -0.0947 -0.0465 0.0459 -0.0083 0.9989 0.095 0.9955 0.0039 756.dat
1 0 30.1061 -62.5777 547.8929 0.999 -0.0377 -0.0258 0.0257 -0.003 0.9997 0.0378 0.9993 0.002 756.dat
1 0 30 -62.586 550.704 1 0 0 0 0 1 0 -1 0 755.dat
1 0 -70 -34 450 0 0 1 0 1 0 -1 0 0 752.dat
1 0 -30 -62 551 0 0 1 1 0 0 0 1 0 752.dat
1 0 -70 -29.757 449.816 -0.0105 0.1066 -0.9942 0.1938 -0.9752 -0.1066 0.981 0.1938 0.0105 755.dat
1 0 -69.2648 -36.4833 451.1529 0.0568 0.2348 -0.9704 0.455 -0.8713 -0.1841 0.8887 0.431 0.1563 756.dat
1 0 -68.7371 -38.4418 452.1218 0.0629 0.2826 -0.9572 0.5588 -0.8046 -0.2008 0.8269 0.5222 0.2085 756.dat
1 0 -68.1023 -40.2494 453.2951 0.0678 0.3199 -0.945 0.6444 -0.7371 -0.2033 0.7616 0.5952 0.2562 756.dat
1 0 -67.3836 -41.9053 454.6321 0.0736 0.3483 -0.9345 0.7135 -0.6731 -0.1947 0.6968 0.6524 0.2981 756.dat
1 0 -66.5975 -43.4241 456.1043 0.0816 0.3696 -0.9256 0.7686 -0.6146 -0.1776 0.6346 0.6969 0.3342 756.dat
1 0 -65.7684 -44.8031 457.6678 0.0919 0.3853 -0.9182 0.8123 -0.5624 -0.1548 0.576 0.7316 0.3646 756.dat
1 0 -64.9003 -46.0701 459.316 0.1047 0.397 -0.9118 0.847 -0.5161 -0.1275 0.5212 0.759 0.3903 756.dat
1 0 -64.0117 -47.2252 461.0147 0.1195 0.4056 -0.9062 0.8745 -0.4752 -0.0973 0.4701 0.7808 0.4115 756.dat
1 0 -63.0999 -48.2933 462.7699 0.1364 0.4119 -0.9009 0.8963 -0.4387 -0.0649 0.422 0.7986 0.4291 756.dat
1 0 -62.1726 -49.281 464.5679 0.1551 0.4165 -0.8958 0.9132 -0.4063 -0.0308 0.3768 0.8133 0.4434 756.dat
1 0 -61.2357 -50.195 466.3973 0.1753 0.4197 -0.8906 0.926 -0.3774 0.0044 0.3343 0.8255 0.4548 756.dat
1 0 -60.2942 -51.0417 468.2492 0.1966 0.4218 -0.8851 0.9353 -0.3514 0.0403 0.2941 0.8358 0.4636 756.dat
1 0 -59.3453 -51.8324 470.1297 0.2191 0.423 -0.8792 0.9416 -0.3279 0.0768 0.2559 0.8447 0.4701 756.dat
1 0 -58.392 -52.5714 472.0332 0.2425 0.4235 -0.8728 0.945 -0.3066 0.1137 0.2194 0.8524 0.4746 756.dat
1 0 -57.4369 -53.2629 473.9556 0.2666 0.4235 -0.8658 0.9459 -0.2872 0.1508 0.1848 0.8592 0.4772 756.dat
1 0 -56.4884 -53.9062 475.8799 0.2912 0.4229 -0.8581 0.9445 -0.2695 0.1877 0.1518 0.8652 0.478 756.dat
1 0 -55.5348 -54.5137 477.8305 0.3164 0.422 -0.8496 0.941 -0.2531 0.2247 0.1202 0.8706 0.4771 756.dat
1 0 -54.584 -55.084 479.792 0.342 0.4206 -0.8403 0.9354 -0.238 0.2615 0.09 0.8754 0.4749 756.dat
1 0 -53.6434 -55.6163 481.7497 0.3676 0.419 -0.8303 0.928 -0.2241 0.2978 0.0613 0.8799 0.4712 756.dat
1 0 -52.7008 -56.1205 483.7294 0.3936 0.417 -0.8193 0.9187 -0.2111 0.3339 0.0337 0.8841 0.4661 756.dat
1 0 -51.7632 -56.5951 485.7173 0.4197 0.4147 -0.8074 0.9076 -0.199 0.3696 0.0074 0.8879 0.4599 756.dat
1 0 -50.8311 -57.0423 487.7132 0.4458 0.4122 -0.7946 0.895 -0.1876 0.4048 -0.0178 0.8916 0.4525 756.dat
1 0 -49.9047 -57.4639 489.7171 0.4718 0.4094 -0.7809 0.8807 -0.1769 0.4394 -0.0417 0.895 0.444 756.dat
1 0 -48.9843 -57.8616 491.7296 0.4977 0.4063 -0.7663 0.8649 -0.1669 0.4733 -0.0645 0.8984 0.4345 756.dat
1 0 -48.07 -58.237 493.7509 0.5235 0.403 -0.7507 0.8476 -0.1574 0.5067 -0.0861 0.9016 0.424 756.dat
1 0 -47.1622 -58.5915 495.782 0.5491 0.3994 -0.7341 0.8289 -0.1484 0.5393 -0.1065 0.9047 0.4126 756.dat
1 0 -46.2666 -58.9242 497.8104 0.5743 0.3956 -0.7167 0.8089 -0.1398 0.571 -0.1257 0.9077 0.4003 756.dat
1 0 -45.3718 -59.2405 499.8637 0.5994 0.3915 -0.6982 0.7874 -0.1317 0.6022 -0.1438 0.9107 0.3872 756.dat
1 0 -44.4952 -59.5355 501.9032 0.6239 0.387 -0.6789 0.7649 -0.124 0.6322 -0.1605 0.9137 0.3734 756.dat
1 0 -43.6253 -59.8142 503.9568 0.648 0.3823 -0.6587 0.741 -0.1166 0.6613 -0.176 0.9166 0.3589 756.dat
1 0 -42.7623 -60.0774 506.0257 0.6718 0.3772 -0.6375 0.7159 -0.1096 0.6896 -0.1903 0.9196 0.3437 756.dat
1 0 -41.9177 -60.3227 508.0847 0.6949 0.3718 -0.6155 0.6898 -0.1028 0.7167 -0.2032 0.9226 0.3279 756.dat
1 0 -41.0806 -60.554 510.1617 0.7176 0.366 -0.5926 0.6625 -0.0962 0.7428 -0.2148 0.9256 0.3115 756.dat
1 0 -40.2568 -60.7707 512.2449 0.7397 0.3597 -0.5687 0.6342 -0.09 0.7679 -0.2251 0.9287 0.2947 756.dat
1 0 -39.4469 -60.9732 514.3357 0.7612 0.353 -0.5441 0.6049 -0.0839 0.7919 -0.2339 0.9319 0.2774 756.dat
1 0 -38.6565 -61.1611 516.4222 0.7819 0.3457 -0.5187 0.5749 -0.0781 0.8145 -0.2411 0.9351 0.2598 756.dat
1 0 -37.8762 -61.3373 518.5326 0.8022 0.3378 -0.4923 0.5437 -0.0724 0.8362 -0.2469 0.9384 0.2417 756.dat
1 0 -37.1169 -61.5 520.6413 0.8217 0.3293 -0.4653 0.5118 -0.0669 0.8565 -0.2509 0.9419 0.2235 756.dat
1 0 -36.3751 -61.6506 522.7632 0.8405 0.3199 -0.4373 0.479 -0.0615 0.8756 -0.2532 0.9454 0.2049 756.dat
1 0 -35.6568 -61.7887 524.8857 0.8585 0.3097 -0.4087 0.4457 -0.0563 0.8934 -0.2537 0.9492 0.1863 756.dat
1 0 -34.9593 -61.9155 527.0236 0.8758 0.2984 -0.3793 0.4115 -0.0512 0.91 -0.2521 0.9531 0.1676 756.dat
1 0 -34.2891 -62.0304 529.164 0.8923 0.2859 -0.3493 0.3769 -0.0462 0.9251 -0.2484 0.9571 0.1489 756.dat
1 0 -33.6447 -62.1345 531.3214 0.9081 0.2719 -0.3183 0.3415 -0.0413 0.939 -0.2422 0.9614 0.1303 756.dat
1 0 -33.0335 -62.2272 533.4822 0.9231 0.2563 -0.2868 0.3057 -0.0364 0.9514 -0.2334 0.9659 0.112 756.dat
1 0 -32.4592 -62.3089 535.6462 0.9371 0.2386 -0.2547 0.2696 -0.0317 0.9624 -0.2216 0.9706 0.094 756.dat
1 0 -31.9231 -62.3801 537.8271 0.9504 0.2183 -0.2218 0.233 -0.0269 0.9721 -0.2062 0.9755 0.0765 756.dat
1 0 -31.4316 -62.4408 540.0238 0.9627 0.1947 -0.1881 0.196 -0.0222 0.9803 -0.1867 0.9806 0.0596 756.dat
1 0 -30.9928 -62.4909 542.2342 0.9739 0.1671 -0.1536 0.1587 -0.0176 0.9872 -0.1622 0.9858 0.0436 756.dat
1 0 -30.6188 -62.5303 544.4403 0.9838 0.1341 -0.1187 0.1215 -0.0129 0.9925 -0.1316 0.9909 0.029 756.dat
1 0 -30.3155 -62.5594 546.6807 0.9921 0.094 -0.0826 0.0838 -0.0082 0.9965 -0.093 0.9955 0.016 756.dat
1 0 -30.1041 -62.5778 548.9183 0.9982 0.0373 -0.0461 0.0463 -0.0029 0.9989 -0.0371 0.9993 0.0046 756.dat
1 0 -30 -62.586 551.704 1 0 0 0 0 1 0 -1 0 755.dat
1 4 0 -56 370 1 0 0 0 1 0 0 0 1 3010.dat
1 4 -50 -56 350 0 0 -1 0 1 0 1 0 0 3622.dat
1 4 50 -56 350 0 0 -1 0 1 0 1 0 0 3622.dat
1 4 50 -56 310 0 0 -1 0 1 0 1 0 0 3665.dat
1 4 -50 -56 310 0 0 1 0 1 0 -1 0 0 3665.dat
1 4 30 -48 140 0 0 -1 0 1 0 1 0 0 3023.dat
1 4 -30 -48 140 0 0 -1 0 1 0 1 0 0 3023.dat
1 15 -50 -40 110 1 0 0 0 1 0 0 0 1 4286.dat
1 15 50 -40 110 1 0 0 0 1 0 0 0 1 4286.dat
1 15 -30 -40 70 1 0 0 0 1 0 0 0 1 4286.dat
1 15 30 -40 70 1 0 0 0 1 0 0 0 1 4286.dat
1 0 -10 -56 390 0 0 -1 0 1 0 1 0 0 3062.dat
1 0 10 -56 390 0 0 -1 0 1 0 1 0 0 3062.dat
1 0 0 -56 207 1 0 0 0 0.951057 -0.309017 0 0.309017 0.951057 3938.dat
1 0 0 -56 210 1 0 0 0 1 0 0 0 1 3937.dat
1 0 0 -24 190 -1 0 0 0 1 0 0 0 -1 3023.dat
1 0 0 -32 190 -1 0 0 0 1 0 0 0 -1 3460.dat
1 7 0 -40 190 -1 0 0 0 1 0 0 0 -1 3743.dat
1 0 -80 -40 190 -1 0 0 0 1 0 0 0 -1 4263.dat
1 0 80 -40 190 -1 0 0 0 1 0 0 0 -1 4263.dat
1 4 0 -56 230 -1 0 0 0 1 0 0 0 -1 3009.dat
1 15 0 -48 50 1 0 0 0 1 0 0 0 1 3298.dat
1 4 50 -56 270 0 0 -1 0 1 0 1 0 0 3622.dat
1 4 -50 -56 270 0 0 -1 0 1 0 1 0 0 3622.dat
1 4 40 -56 210 -1 0 0 0 1 0 0 0 -1 3004.dat
1 4 30 -56 160 0 0 1 0 1 0 -1 0 0 3023.dat
1 4 -30 -56 160 0 0 1 0 1 0 -1 0 0 3023.dat
1 4 -40 -56 210 -1 0 0 0 1 0 0 0 -1 3004.dat
1 0 70 -64 590 1 0 0 0 1 0 0 0 1 4286.dat
1 0 -70 -64 590 1 0 0 0 1 0 0 0 1 4286.dat
1 4 30 -48 110 1 0 0 0 1 0 0 0 1 3070.dat
1 4 -30 -48 110 1 0 0 0 1 0 0 0 1 3070.dat
1 4 -30 -48 80 0 0 -1 0 1 0 1 0 0 3069.dat
1 4 30 -48 80 0 0 -1 0 1 0 1 0 0 3069.dat
1 7 90 -30 476 0 0 -1 -1 0 0 0 1 0 6141.dat
1 0 90 -30 452 0 0 -1 -1 0 0 0 1 0 3062.dat
1 7 90 -30 444 0 0 -1 -1 0 0 0 1 0 6141.dat
1 0 90 -30 420 0 0 -1 -1 0 0 0 1 0 3665.dat
1 0 100 -30 396 -1 0 0 0 0 1 0 1 0 3004.dat
1 0 100 -30 388 -1 0 0 0 0 1 0 1 0 3023.dat
1 7 100 -30 380 -1 0 0 0 0 1 0 1 0 4175.dat
1 0 110 -40 370 1 0 0 0 1 0 0 0 1 4070.dat
1 0 90 -40 370 1 0 0 0 1 0 0 0 1 4070.dat
1 7 -90 -30 476 0 0 1 1 0 0 0 1 0 6141.dat
1 0 -90 -30 452 0 0 1 1 0 0 0 1 0 3062.dat
1 7 -90 -30 444 0 0 1 1 0 0 0 1 0 6141.dat
1 0 -90 -30 420 0 0 1 1 0 0 0 1 0 3665.dat
1 0 -100 -30 396 1 0 0 0 0 -1 0 1 0 3004.dat
1 0 -100 -30 388 1 0 0 0 0 -1 0 1 0 3023.dat
1 7 -100 -30 380 -1 0 0 0 0 1 0 1 0 4175.dat
1 0 -110 -40 370 1 0 0 0 1 0 0 0 1 4070.dat
1 0 -90 -40 370 1 0 0 0 1 0 0 0 1 4070.dat
1 4 0 -64 370 -1 0 0 0 1 0 0 0 -1 3666.dat
1 4 -50 -64 300 0 0 1 0 1 0 -1 0 0 3666.dat
1 4 50 -64 300 0 0 1 0 1 0 -1 0 0 3666.dat
1 4 -40 -64 200 0 0 1 0 1 0 -1 0 0 3020.dat
1 4 40 -64 200 0 0 1 0 1 0 -1 0 0 3020.dat
1 4 -30 -64 150 0 0 1 0 1 0 -1 0 0 3024.dat
1 4 30 -64 150 0 0 1 0 1 0 -1 0 0 3024.dat
1 4 50 -64 150 1 0 0 0 1 0 0 0 1 4286.dat
1 4 -50 -64 150 1 0 0 0 1 0 0 0 1 4286.dat
1 7 100 -48 370 1 0 0 0 1 0 0 0 1 3069.dat
1 7 -100 -48 370 1 0 0 0 1 0 0 0 1 3069.dat
1 7 0 -64 390 1 0 0 0 1 0 0 0 1 3069.dat
1 4 130 -56 440 0 0 1 0 1 0 -1 0 0 4864.dat
1 4 -130 -56 440 0 0 -1 0 1 0 1 0 0 4864.dat
1 4 130 -56 400 0 0 1 0 1 0 -1 0 0 4864.dat
1 4 -130 -56 400 0 0 -1 0 1 0 1 0 0 4864.dat
1 4 130 -56 360 0 0 1 0 1 0 -1 0 0 4864.dat
1 4 -130 -56 360 0 0 -1 0 1 0 1 0 0 4864.dat
1 4 130 -56 320 0 0 1 0 1 0 -1 0 0 4864.dat
1 4 -130 -56 320 0 0 -1 0 1 0 1 0 0 4864.dat
1 4 130 -56 280 0 0 1 0 1 0 -1 0 0 4864.dat
1 4 -70 -56 280 0 0 1 0 1 0 -1 0 0 4864.dat
1 4 -130 -56 280 0 0 -1 0 1 0 1 0 0 4864.dat
1 4 70 -56 280 0 0 -1 0 1 0 1 0 0 4864.dat
1 15 130 -64 400 0 0 -1 0 1 0 1 0 0 4162.dat
1 15 -130 -64 400 0 0 -1 0 1 0 1 0 0 4162.dat
1 15 -100 -64 300 -1 0 0 0 1 0 0 0 -1 3020.dat
1 15 100 -64 300 -1 0 0 0 1 0 0 0 -1 3020.dat
1 15 -130 -64 270 -1 0 0 0 1 0 0 0 -1 3024.dat
1 15 -70 -64 270 -1 0 0 0 1 0 0 0 -1 3024.dat
1 15 70 -64 270 -1 0 0 0 1 0 0 0 -1 3024.dat
1 15 130 -64 270 -1 0 0 0 1 0 0 0 -1 3024.dat
1 15 130 -64 490 -1 0 0 0 1 0 0 0 -1 3070.dat
1 15 -130 -64 490 -1 0 0 0 1 0 0 0 -1 3070.dat
1 15 -120 -64 510 -1 0 0 0 1 0 0 0 -1 3069.dat
1 15 120 -64 510 -1 0 0 0 1 0 0 0 -1 3069.dat
1 0 0 -62 182 0 0 1 0.309 0.951 0 -0.951 0.309 0 3707.dat
1 0 0 -85.175 253.325 1 0 0 0 0.951 -0.309 0 0.309 0.951 2815.dat
1 7 0 -82.085 243.815 1 0 0 0 0.951 -0.309 0 0.309 0.951 4265.dat
1 0 0 -78.617 200.783 1 0 0 0 0.951 -0.309 0 0.309 0.951 3700.dat
1 7 0 -64.472 189.608 -1 0 0 0 0.951 0.309 0 0.309 -0.951 4265.dat
1 7 0 -62 182 1 0 0 0 0.951 -0.309 0 0.309 0.951 4143.dat
1 7 0 -59.219 173.441 -1 0 0 0 0.951 0.309 0 0.309 -0.951 4265.dat
1 7 0 -56.747 165.833 1 0 0 0 0.951 -0.309 0 0.309 0.951 4265.dat
1 7 0 -53.657 156.323 1 0 0 0 0.951 -0.309 0 0.309 0.951 4265.dat
1 0 0 -58.532 138.968 1 0 0 0 0.951 -0.309 0 0.309 0.951 3700.dat
1 7 0 -44.387 127.793 1 0 0 0 0.951 -0.309 0 0.309 0.951 4265.dat
1 15 -50 -88 300 0 0 -1 0 1 0 1 0 0 3008.dat
1 15 50 -88 300 0 0 -1 0 1 0 1 0 0 3008.dat
1 15 0 -88 370 1 0 0 0 1 0 0 0 1 3010.dat
1 15 -30 -88 210 -1 0 0 0 1 0 0 0 -1 3040.dat
1 15 30 -88 210 -1 0 0 0 1 0 0 0 -1 3040.dat
1 4 70 -88 310 1 0 0 0 1 0 0 0 1 4286.dat
1 4 -70 -88 310 1 0 0 0 1 0 0 0 1 4286.dat
1 4 90 -88 310 1 0 0 0 1 0 0 0 1 3675.dat
1 4 -90 -88 310 0 0 1 0 1 0 -1 0 0 3675.dat
1 4 0 -72 130 1 0 0 0 1 0 0 0 1 4858.dat
1 7 0 -136 370 1 0 0 0 1 0 0 0 1 4083.dat
1 15 40 -72 160 1 0 0 0 1 0 0 0 1 3022.dat
1 15 -40 -72 160 1 0 0 0 1 0 0 0 1 3022.dat
1 15 -30 -88 190 0 0 1 0 1 0 -1 0 0 3040.dat
1 15 30 -88 190 0 0 -1 0 1 0 1 0 0 3040.dat
1 15 50 -88 210 0 0 -1 0 1 0 1 0 0 4070.dat
1 15 -50 -88 210 0 0 1 0 1 0 -1 0 0 4070.dat
1 15 -50 -96 360 0 0 1 0 1 0 -1 0 0 3069.dat
1 15 50 -96 360 0 0 1 0 1 0 -1 0 0 3069.dat
1 15 130 -22 150 0 0 -1 0 1 0 1 0 0 2695.dat
1 0 130 -22 150 0 0 -1 0 1 0 1 0 0 2696.dat
1 15 -130 -22 150 0 0 1 0 1 0 -1 0 0 2695.dat
1 0 -130 -22 150 0 0 1 0 1 0 -1 0 0 2696.dat
1 15 90 -22 580 0 0 -1 0 1 0 1 0 0 2695.dat
1 0 90 -22 580 0 0 -1 0 1 0 1 0 0 2696.dat
1 15 -90 -22 580 0 0 1 0 1 0 -1 0 0 2695.dat
1 0 -90 -22 580 0 0 1 0 1 0 -1 0 0 2696.dat
1 15 0 -96 170 1 0 0 0 1 0 0 0 1 4861.dat
1 0 0 -68 346 1 0 0 0 0.241922 -0.970296 0 0.970296 0.241922 3031.dat
1 0 -30 -50.53 333.398 0 0 1 0.970296 0.241922 0 -0.241922 0.970296 0 4275.dat
1 0 30 -50.53 333.398 0 0 1 0.970296 0.241922 0 -0.241922 0.970296 0 4275.dat
1 0 0 -116.514 358.097 1 0 0 0 0.241922 -0.970296 0 0.970296 0.241922 3023.dat
1 0 -30 -89.341 343.077 0 0 -1 -0.970296 0.241922 0 0.241922 0.970296 0 3023.dat
1 0 30 -89.341 343.077 0 0 -1 -0.970296 0.241922 0 0.241922 0.970296 0 3023.dat
1 0 0 -40.825 330.981 -1 0 0 0 0.241922 0.970296 0 0.970296 -0.241922 3069.dat
1 0 0 -108.748 347.914 -1 0 0 0 0.241922 0.970296 0 0.970296 -0.241922 3068.dat
1 0 0 -69.935 338.238 -1 0 0 0 0.241922 0.970296 0 0.970296 -0.241922 3068.dat
1 0 -30 -24 300 0 0 -1 0 1 0 1 0 0 4276.dat
1 0 30 -24 300 0 0 -1 0 1 0 1 0 0 4276.dat
1 0 0 -24 300 -1 0 0 0 1 0 0 0 -1 3068.dat
1 0 0 -16 300 1 0 0 0 1 0 0 0 1 3020.dat
1 47 0 -96 200 1 0 0 0 1 0 0 0 1 3020.dat
1 47 -50 -96 220 0 0 -1 0 1 0 1 0 0 3023.dat
1 47 50 -96 220 0 0 -1 0 1 0 1 0 0 3023.dat
1 15 162 -22 150 0 0 -1 0 1 0 1 0 0 2695.dat
1 0 162 -22 150 0 0 -1 0 1 0 1 0 0 2696.dat
1 7 152 -42 150 -1 0 0 0 1 0 0 0 -1 3749.dat
1 7 152 -2 150 -1 0 0 0 1 0 0 0 -1 3749.dat
1 15 -162 -22 150 0 0 1 0 1 0 -1 0 0 2695.dat
1 0 -162 -22 150 0 0 1 0 1 0 -1 0 0 2696.dat
1 7 -152 -42 150 1 0 0 0 1 0 0 0 1 3749.dat
1 7 -152 -2 150 1 0 0 0 1 0 0 0 1 3749.dat
1 15 122 -22 580 0 0 -1 0 1 0 1 0 0 2695.dat
1 0 122 -22 580 0 0 -1 0 1 0 1 0 0 2696.dat
1 7 112 -42 580 -1 0 0 0 1 0 0 0 -1 3749.dat
1 7 112 -2 580 -1 0 0 0 1 0 0 0 -1 3749.dat
1 15 -122 -22 580 0 0 1 0 1 0 -1 0 0 2695.dat
1 0 -122 -22 580 0 0 1 0 1 0 -1 0 0 2696.dat
1 7 -112 -42 580 1 0 0 0 1 0 0 0 1 3749.dat
1 7 -112 -2 580 1 0 0 0 1 0 0 0 1 3749.dat
1 15 154 -22 580 0 0 -1 -0.866 0.5 0 0.5 0.866 0 2695.dat
1 0 154 -22 580 0 0 -1 -0.866 0.5 0 0.5 0.866 0 2696.dat
1 7 144 -32 562.68 -1 0 0 0 0.5 0.866 0 0.866 -0.5 3749.dat
1 7 144 -12 597.32 -1 0 0 0 0.5 0.866 0 0.866 -0.5 3749.dat
1 15 -154 -22 580 0 0 1 0.866 0.5 0 -0.5 0.866 0 2695.dat
1 0 -154 -22 580 0 0 1 0.866 0.5 0 -0.5 0.866 0 2696.dat
1 7 -144 -32 562.68 1 0 0 0 0.5 -0.866 0 0.866 0.5 3749.dat
1 7 -144 -12 597.32 1 0 0 0 0.5 -0.866 0 0.866 0.5 3749.dat
1 7 180 -22 150 0 0 -1 0 1 0 1 0 0 3713.dat
1 7 -180 -22 150 0 0 -1 0 1 0 1 0 0 3713.dat
1 7 172 -22 580 0 0 -1 0 1 0 1 0 0 3713.dat
1 7 -172 -22 580 0 0 -1 0 1 0 1 0 0 3713.dat
1 0 -110 -104 610 1 0 0 0 1 0 0 0 1 3623.dat
1 0 -120 -104 630 1 0 0 0 1 0 0 0 1 3023.dat
1 0 -100 -104 660 1 0 0 0 1 0 0 0 1 3020.dat
1 0 -120 -104 690 1 0 0 0 1 0 0 0 1 3023.dat
1 0 110 -104 610 1 0 0 0 1 0 0 0 1 3623.dat
1 0 120 -104 630 1 0 0 0 1 0 0 0 1 3023.dat
1 0 100 -104 660 1 0 0 0 1 0 0 0 1 3020.dat
1 0 120 -104 690 1 0 0 0 1 0 0 0 1 3023.dat
1 0 -130 -128 680 0 0 -1 0 1 0 1 0 0 3004.dat
1 0 -130 -128 650 1 0 0 0 1 0 0 0 1 4286.dat
1 0 -110 -128 690 1 0 0 0 1 0 0 0 1 3040.dat
1 0 130 -128 680 0 0 -1 0 1 0 1 0 0 3004.dat
1 0 130 -128 650 1 0 0 0 1 0 0 0 1 4286.dat
1 0 110 -128 690 1 0 0 0 1 0 0 0 1 3040.dat
1 15 0 -104 630 1 0 0 0 1 0 0 0 1 4477.dat
1 15 0 -104 690 1 0 0 0 1 0 0 0 1 4477.dat
1 0 0 -104 720 1 0 0 0 1 0 0 0 1 3832.dat
1 15 -70 -112 720 0 0 -1 0 1 0 1 0 0 3023.dat
1 15 70 -112 720 0 0 -1 0 1 0 1 0 0 3023.dat
1 0 -90 -128 650 1 0 0 0 1 0 0 0 1 4286.dat
1 0 90 -128 650 1 0 0 0 1 0 0 0 1 4286.dat
1 0 -90 -128 700 0 0 -1 0 1 0 1 0 0 3010.dat
1 0 90 -128 700 0 0 -1 0 1 0 1 0 0 3010.dat
1 15 0 -120 720 -1 0 0 0 1 0 0 0 -1 3034.dat
1 15 0 -128 730 -1 0 0 0 1 0 0 0 -1 3460.dat
1 0 -70 -96 660 0 0 1 0 1 0 -1 0 0 3710.dat
1 0 70 -96 660 0 0 1 0 1 0 -1 0 0 3710.dat
1 0 -130 -96 650 1 0 0 0 1 0 0 0 1 4287.dat
1 0 130 -96 650 1 0 0 0 1 0 0 0 1 4287.dat
1 0 -130 -96 670 -1 0 0 0 1 0 0 0 -1 3665.dat
1 0 130 -96 670 -1 0 0 0 1 0 0 0 -1 3665.dat
1 0 -90 -96 700 0 0 -1 0 1 0 1 0 0 3010.dat
1 0 90 -96 700 0 0 -1 0 1 0 1 0 0 3010.dat
