0 Main
0 Name: 886-1 - Space Buggy.mpd
0 Author: LTRON
1 7 0 -32 0 0 0 1 0 1 0 -1 0 0 3795.dat
1 7 0 -24 -40 1 0 0 0 1 0 0 0 1 122.dat
1 7 0 -24 0 1 0 0 0 1 0 0 0 1 3020.dat
1 7 0 -24 40 1 0 0 0 1 0 0 0 1 122.dat
1 0 -30 -18 -40 0 0 1 0 1 0 -1 0 0 3641.dat
1 0 -30 -18 40 0 0 1 0 1 0 -1 0 0 3641.dat
1 0 30 -18 40 0 0 1 0 1 0 -1 0 0 3641.dat
1 0 30 -18 -40 0 0 1 0 1 0 -1 0 0 3641.dat
1 7 0 -40 -50 1 0 0 0 1 0 0 0 1 3794.dat
1 7 0 -40 -50 -1 0 0 0 1 0 0 0 -1 3838.dat
1 7 0 -56 50 1 0 0 0 1 0 0 0 1 3039.dat
1 7 0 -40 -30 1 0 0 0 1 0 0 0 1 3829.dat
1 7 -10 -64 50 1 0 0 0 1 0 0 0 1 3957.dat
1 15 0 -112 10 0.965926 0 -0.258819 0 1 0 0.258819 0 0.965926 3842.dat
1 14 0 -112 10 0.965926 0 -0.258819 0 1 0 0.258819 0 0.965926 3626.dat
1 15 0 -85 10 1 0 0 0 1 0 0 0 1 3838.dat
1 15 0 -85 10 1 0 0 0 1 0 0 0 1 973.dat
1 7 19.74 -82.296 -23.92 0.985 0.163339 -0.046863 -0.169896 0.936209 -0.304895 -0.005933 0.308525 0.950757 3959.dat
1 34 20.74 -75.296 -46.92 0.998376 0.047715 -0.00948 -0.006 0.309 0.951 0.048691 -0.948888 0.308454 3062.dat
